Supplemental results for CODEML (seqf: aligned.fas  treef: AT1G73870_AT1G73870.1_Athaliana_Araport11.treefile)

I	J	ij	2Ns_IJ	pMut_IJ	pSub_IJ	2Ns_JI	pMut_JI	pSub_JI

TTC	TTT	CT	-0.70552	0.04443	0.03058	0.70552	0.02194	0.03058
TTA	TTT	AT	0.42132	0.01485	0.01819	-0.42132	0.02263	0.01819
TTA	TTC	AC	1.12685	0.00550	0.00917	-1.12685	0.01697	0.00917
TTG	TTT	GT	-1.41177	0.06681	0.03039	1.41177	0.01628	0.03039
TTG	TTC	GC	-0.70624	0.02475	0.01703	0.70624	0.01221	0.01703
TTG	TTA	GA	-1.83309	0.04514	0.01575	1.83309	0.00722	0.01575
TCT	TTT	CT	-1.14736	0.06911	0.03688	1.14736	0.02194	0.03688
TCC	TTC	CT	-1.84050	0.10366	0.03600	1.84050	0.01645	0.03600
TCC	TCT	CT	-1.39867	0.10366	0.04754	1.39867	0.02560	0.04754
TCA	TTA	CT	-1.80414	0.04443	0.01579	1.80414	0.00731	0.01579
TCA	TCT	AT	-0.23546	0.03340	0.02963	0.23546	0.02640	0.02963
TCA	TCC	AC	1.16321	0.01237	0.02093	-1.16321	0.03959	0.02093
TCG	TTG	CT	-1.09857	0.09872	0.05423	1.09857	0.03291	0.05423
TCG	TCT	GT	-1.36298	0.07423	0.03479	1.36298	0.01900	0.03479
TCG	TCC	GC	0.03569	0.02749	0.02799	-0.03569	0.02849	0.02799
TCG	TCA	GA	-1.12752	0.05015	0.02708	1.12752	0.01624	0.02708
TAT	TTT	AT	0.70900	0.01113	0.01554	-0.70900	0.02263	0.01554
TAT	TCT	AC	1.85636	0.00412	0.00907	-1.85636	0.02640	0.00907
TAC	TTC	AT	0.13364	0.01485	0.01586	-0.13364	0.01697	0.01586
TAC	TCC	AC	1.97414	0.00550	0.01261	-1.97414	0.03959	0.01261
TAC	TAT	CT	-1.28089	0.01974	0.00973	1.28089	0.00548	0.00973
TGT	TTT	GT	-1.69945	0.08908	0.03386	1.69945	0.01628	0.03386
TGT	TCT	GC	-0.55209	0.03299	0.02472	0.55209	0.01900	0.02472
TGT	TAT	GA	-2.40845	0.06018	0.01433	2.40845	0.00541	0.01433
TGC	TTC	GT	-2.39260	0.13362	0.03216	2.39260	0.01221	0.03216
TGC	TCC	GC	-0.55209	0.04949	0.03708	0.55209	0.02849	0.03708
TGC	TAC	GA	-2.52624	0.09027	0.01982	2.52624	0.00722	0.01982
TGC	TGT	CT	-1.39867	0.17770	0.08150	1.39867	0.04388	0.08150
TGG	TTG	GT	-0.88852	0.05939	0.03686	0.88852	0.02442	0.03686
TGG	TCG	GC	0.21005	0.02200	0.02439	-0.21005	0.02714	0.02439
TGG	TGT	GT	-0.60084	0.05939	0.04332	0.60084	0.03256	0.04332
TGG	TGC	GC	0.79783	0.02200	0.03192	-0.79783	0.04885	0.03192
CTT	TTT	CT	-1.21635	0.07404	0.03792	1.21635	0.02194	0.03792
CTC	TTC	CT	-1.36093	0.06417	0.03012	1.36093	0.01645	0.03012
CTC	CTT	CT	-0.85011	0.06417	0.04071	0.85011	0.02742	0.04071
CTA	TTA	CT	-0.70552	0.01481	0.01019	0.70552	0.00731	0.01019
CTA	CTT	AT	0.93215	0.01113	0.01712	-0.93215	0.02828	0.01712
CTA	CTC	AC	1.78225	0.00412	0.00884	-1.78225	0.02451	0.00884
CTG	TTG	CT	0.28773	0.02468	0.02840	-0.28773	0.03291	0.02840
CTG	CTT	GT	0.09231	0.01856	0.01943	-0.09231	0.02035	0.01943
CTG	CTC	GC	0.94242	0.00687	0.01061	-0.94242	0.01764	0.01061
CTG	CTA	GA	-0.83984	0.01254	0.00800	0.83984	0.00541	0.00800
CCT	TCT	CT	-0.30006	0.03455	0.02963	0.30006	0.02560	0.02963
CCT	CTT	CT	-0.23107	0.03455	0.03071	0.23107	0.02742	0.03071
CCC	TCC	CT	0.95270	0.01481	0.02297	-0.95270	0.03839	0.02297
CCC	CTC	CT	0.47313	0.01481	0.01859	-0.47313	0.02377	0.01859
CCC	CCT	CT	-0.14591	0.01481	0.01375	0.14591	0.01280	0.01375
CCA	TCA	CT	-0.87542	0.03949	0.02469	0.87542	0.01645	0.02469
CCA	CTA	CT	-1.97404	0.03949	0.01257	1.97404	0.00548	0.01257
CCA	CCT	AT	-0.81082	0.02969	0.01926	0.81082	0.01320	0.01926
CCA	CCC	AC	-0.66491	0.01100	0.00774	0.66491	0.00566	0.00774
CCG	TCG	CT	0.61623	0.01974	0.02645	-0.61623	0.03657	0.02645
CCG	CTG	CT	-0.77006	0.01974	0.01311	0.77006	0.00914	0.01311
CCG	CCT	GT	-0.44669	0.01485	0.01178	0.44669	0.00950	0.01178
CCG	CCC	GC	-0.30078	0.00550	0.00471	0.30078	0.00407	0.00471
CCG	CCA	GA	0.36414	0.01003	0.01197	-0.36414	0.01444	0.01197
CAT	TAT	CT	-2.37950	0.05923	0.01438	2.37950	0.00548	0.01438
CAT	CTT	AT	-0.45415	0.04454	0.03519	0.45415	0.02828	0.03519
CAT	CCT	AC	-0.22308	0.01650	0.01473	0.22308	0.01320	0.01473
CAC	TAC	CT	-2.65143	0.10366	0.02086	2.65143	0.00731	0.02086
CAC	CTC	AT	-1.15686	0.07794	0.04136	1.15686	0.02451	0.04136
CAC	CCC	AC	-1.62999	0.02887	0.01147	1.62999	0.00566	0.01147
CAC	CAT	CT	-1.55282	0.10366	0.04321	1.55282	0.02194	0.04321
CAA	CTA	AT	-1.65812	0.02969	0.01159	1.65812	0.00566	0.01159
CAA	CCA	AC	0.31592	0.01100	0.01283	-0.31592	0.01508	0.01283
CAA	CAT	AT	-0.27183	0.02969	0.02584	0.27183	0.02263	0.02584
CAA	CAC	AC	1.28100	0.01100	0.01951	-1.28100	0.03959	0.01951
CAG	CTG	AT	-1.37044	0.03712	0.01732	1.37044	0.00943	0.01732
CAG	CCG	AC	-0.60038	0.01375	0.01003	0.60038	0.00754	0.01003
CAG	CAT	GT	-0.82398	0.03712	0.02390	0.82398	0.01628	0.02390
CAG	CAC	GC	0.72884	0.01375	0.01936	-0.72884	0.02849	0.01936
CAG	CAA	GA	-0.55216	0.02508	0.01879	0.55216	0.01444	0.01879
CGT	TGT	CT	-0.64837	0.08391	0.05963	0.64837	0.04388	0.05963
CGT	CTT	GT	-1.13147	0.06310	0.03399	1.13147	0.02035	0.03399
CGT	CCT	GC	-0.90040	0.02337	0.01441	0.90040	0.00950	0.01441
CGT	CAT	GA	-0.67732	0.04263	0.02981	0.67732	0.02165	0.02981
CGC	TGC	CT	0.19242	0.05430	0.05969	-0.19242	0.06582	0.05969
CGC	CTC	GT	-0.83925	0.04083	0.02606	0.83925	0.01764	0.02606
CGC	CCC	GC	-1.31238	0.01512	0.00731	1.31238	0.00407	0.00731
CGC	CAC	GA	0.31762	0.02758	0.03219	-0.31762	0.03789	0.03219
CGC	CGT	CT	-0.55789	0.05430	0.04055	0.55789	0.03108	0.04055
CGA	CTA	GT	-1.29398	0.01485	0.00726	1.29398	0.00407	0.00726
CGA	CCA	GC	0.68005	0.00550	0.00758	-0.68005	0.01085	0.00758
CGA	CAA	GA	0.36414	0.01003	0.01197	-0.36414	0.01444	0.01197
CGA	CGT	AT	0.76963	0.01485	0.02129	-0.76963	0.03205	0.02129
CGA	CGC	AC	1.32752	0.00550	0.00993	-1.32752	0.02074	0.00993
CGG	TGG	CT	-0.01238	0.02962	0.02943	0.01238	0.02925	0.02943
CGG	CTG	GT	-1.18862	0.02227	0.01160	1.18862	0.00678	0.01160
CGG	CCG	GC	-0.41856	0.00825	0.00664	0.41856	0.00543	0.00664
CGG	CAG	GA	0.18181	0.01505	0.01645	-0.18181	0.01805	0.01645
CGG	CGT	GT	0.03515	0.02227	0.02266	-0.03515	0.02307	0.02266
CGG	CGC	GC	0.59304	0.00825	0.01093	-0.59304	0.01493	0.01093
CGG	CGA	GA	-0.73448	0.01505	0.01019	0.73448	0.00722	0.01019
ATT	TTT	AT	1.80762	0.00371	0.00803	-1.80762	0.02263	0.00803
ATT	CTT	AC	3.02397	0.00137	0.00437	-3.02397	0.02828	0.00437
ATC	TTC	AT	-0.67729	0.03340	0.02336	0.67729	0.01697	0.02336
ATC	CTC	AC	0.68364	0.01237	0.01708	-0.68364	0.02451	0.01708
ATC	ATT	CT	-3.19043	0.04443	0.00608	3.19043	0.00183	0.00608
ATA	TTA	AT	7.92193	0.00000	0.00000	-7.92193	0.00754	0.00002
ATA	CTA	AC	8.62745	0.00000	0.00000	-8.62745	0.00566	0.00001
ATA	ATT	AT	6.53563	0.00000	0.00000	-6.53563	0.00189	0.00002
ATA	ATC	AC	9.72606	0.00000	0.00000	-9.72606	0.01697	0.00001
ATG	TTG	AT	-0.35187	0.04825	0.04026	0.35187	0.03394	0.04026
ATG	CTG	AC	-0.63960	0.01787	0.01276	0.63960	0.00943	0.01276
ATG	ATT	GT	-3.57125	0.04825	0.00499	3.57125	0.00136	0.00499
ATG	ATC	GC	-0.38082	0.01787	0.01468	0.38082	0.01221	0.01468
ATG	ATA	GA	-10.10688	0.03260	0.00001	10.10688	0.00000	0.00000
ACT	TCT	AT	-0.11768	0.02969	0.02798	0.11768	0.02640	0.02798
ACT	CCT	AC	0.18238	0.01100	0.01203	-0.18238	0.01320	0.01203
ACT	ATT	CT	-3.07265	0.03949	0.00589	3.07265	0.00183	0.00589
ACC	TCC	AT	0.98094	0.01485	0.02330	-0.98094	0.03959	0.02330
ACC	CCC	AC	0.02823	0.00550	0.00558	-0.02823	0.00566	0.00558
ACC	ATC	CT	-0.18228	0.01974	0.01800	0.18228	0.01645	0.01800
ACC	ACT	CT	-0.30006	0.01974	0.01693	0.30006	0.01463	0.01693
ACA	TCA	AT	-0.08950	0.01856	0.01774	0.08950	0.01697	0.01774
ACA	CCA	AC	0.78592	0.00687	0.00992	-0.78592	0.01508	0.00992
ACA	ATA	CT	-9.81557	0.02468	0.00001	9.81557	0.00000	0.00000
ACA	ACT	AT	-0.20729	0.01856	0.01670	0.20729	0.01508	0.01670
ACA	ACC	AC	0.09277	0.00687	0.00720	-0.09277	0.00754	0.00720
ACG	TCG	AT	-0.67729	0.07423	0.05191	0.67729	0.03771	0.05191
ACG	CCG	AC	-1.29352	0.02749	0.01344	1.29352	0.00754	0.01344
ACG	ATG	CT	-1.42399	0.09872	0.04458	1.42399	0.02377	0.04458
ACG	ACT	GT	-1.92259	0.07423	0.02444	1.92259	0.01085	0.02444
ACG	ACC	GC	-1.62253	0.02749	0.01097	1.62253	0.00543	0.01097
ACG	ACA	GA	-1.71531	0.05015	0.01887	1.71531	0.00902	0.01887
AAT	TAT	AT	-1.52459	0.02598	0.01102	1.52459	0.00566	0.01102
AAT	CAT	AC	0.85491	0.00962	0.01432	-0.85491	0.02263	0.01432
AAT	ATT	AT	-2.62320	0.02598	0.00533	2.62320	0.00189	0.00533
AAT	ACT	AC	0.44945	0.00962	0.01195	-0.44945	0.01508	0.01195
AAC	TAC	AT	-1.68889	0.04083	0.01562	1.68889	0.00754	0.01562
AAC	CAC	AC	0.96254	0.01512	0.02355	-0.96254	0.03959	0.02355
AAC	ATC	AT	-0.87796	0.04083	0.02549	0.87796	0.01697	0.02549
AAC	ACC	AC	-0.69569	0.01512	0.01047	0.69569	0.00754	0.01047
AAC	AAT	CT	-1.44519	0.05430	0.02420	1.44519	0.01280	0.02420
AAA	CAA	AC	-0.31269	0.02062	0.01756	0.31269	0.01508	0.01756
AAA	ATA	AT	-10.59826	0.05567	0.00001	10.59826	0.00000	0.00000
AAA	ACA	AC	-0.78270	0.02062	0.01359	0.78270	0.00943	0.01359
AAA	AAT	AT	-1.43943	0.05567	0.02490	1.43943	0.01320	0.02490
AAA	AAC	AC	0.00576	0.02062	0.02068	-0.00576	0.02074	0.02068
AAG	CAG	AC	-0.21471	0.02337	0.02095	0.21471	0.01885	0.02095
AAG	ATG	AT	-0.94556	0.06310	0.03790	0.94556	0.02451	0.03790
AAG	ACG	AC	0.47843	0.02337	0.02941	-0.47843	0.03771	0.02941
AAG	AAT	GT	-1.89361	0.06310	0.02117	1.89361	0.00950	0.02117
AAG	AAC	GC	-0.44841	0.02337	0.01852	0.44841	0.01493	0.01852
AAG	AAA	GA	-0.45417	0.04263	0.03368	0.45417	0.02707	0.03368
AGT	TGT	AT	0.42132	0.02969	0.03639	-0.42132	0.04525	0.03639
AGT	CGT	AC	1.06969	0.01100	0.01791	-1.06969	0.03205	0.01791
AGT	ATT	GT	-3.08574	0.02969	0.00439	3.08574	0.00136	0.00439
AGT	ACT	GC	-0.01310	0.01100	0.01093	0.01310	0.01085	0.01093
AGT	AAT	GA	-0.46254	0.02006	0.01578	0.46254	0.01263	0.01578
AGC	TGC	AT	0.42132	0.04454	0.05458	-0.42132	0.06788	0.05458
AGC	CGC	AC	0.22890	0.01650	0.01846	-0.22890	0.02074	0.01846
AGC	ATC	GT	-1.29398	0.04454	0.02177	1.29398	0.01221	0.02177
AGC	ACC	GC	-1.11171	0.01650	0.00899	1.11171	0.00543	0.00899
AGC	AAC	GA	-0.41602	0.03009	0.02426	0.41602	0.01985	0.02426
AGC	AGT	CT	-1.39867	0.05923	0.02717	1.39867	0.01463	0.02717
AGA	CGA	AC	-0.78270	0.01650	0.01087	0.78270	0.00754	0.01087
AGA	ATA	GT	-10.70413	0.04454	0.00001	10.70413	0.00000	0.00000
AGA	ACA	GC	-0.88856	0.01650	0.01024	0.88856	0.00678	0.01024
AGA	AAA	GA	-0.10587	0.03009	0.02853	0.10587	0.02707	0.02853
AGA	AGT	AT	-1.08276	0.04454	0.02470	1.08276	0.01508	0.02470
AGA	AGC	AC	0.31592	0.01650	0.01924	-0.31592	0.02263	0.01924
AGG	TGG	AT	-0.20729	0.03712	0.03340	0.20729	0.03017	0.03340
AGG	CGG	AC	-0.19491	0.01375	0.01245	0.19491	0.01131	0.01245
AGG	ATG	GT	-0.74394	0.03712	0.02501	0.74394	0.01764	0.02501
AGG	ACG	GC	0.68005	0.01375	0.01895	-0.68005	0.02714	0.01895
AGG	AAG	GA	0.20162	0.02508	0.02769	-0.20162	0.03068	0.02769
AGG	AGT	GT	-1.22945	0.03712	0.01886	1.22945	0.01085	0.01886
AGG	AGC	GC	0.16923	0.01375	0.01494	-0.16923	0.01628	0.01494
AGG	AGA	GA	-0.14669	0.02508	0.02328	0.14669	0.02165	0.02328
GTT	TTT	GT	-1.35461	0.06310	0.02973	1.35461	0.01628	0.02973
GTT	CTT	GC	-0.13826	0.02337	0.02179	0.13826	0.02035	0.02179
GTT	ATT	GA	-3.16223	0.04263	0.00596	3.16223	0.00180	0.00596
GTC	TTC	GT	-1.44814	0.05196	0.02312	1.44814	0.01221	0.02312
GTC	CTC	GC	-0.08720	0.01925	0.01842	0.08720	0.01764	0.01842
GTC	ATC	GA	-0.77084	0.03511	0.02330	0.77084	0.01624	0.02330
GTC	GTT	CT	-0.79905	0.06911	0.04513	0.79905	0.03108	0.04513
GTA	TTA	GT	-1.69945	0.02969	0.01129	1.69945	0.00543	0.01129
GTA	CTA	GC	-0.99393	0.01100	0.00642	0.99393	0.00407	0.00642
GTA	ATA	GA	-9.62138	0.02006	0.00001	9.62138	0.00000	0.00000
GTA	GTT	AT	0.07648	0.02969	0.03084	-0.07648	0.03205	0.03084
GTA	GTC	AC	0.87553	0.01100	0.01651	-0.87553	0.02640	0.01651
GTG	TTG	GT	-0.68088	0.04825	0.03367	0.68088	0.02442	0.03367
GTG	CTG	GC	-0.96861	0.01787	0.01059	0.96861	0.00678	0.01059
GTG	ATG	GA	-0.32901	0.03260	0.02753	0.32901	0.02346	0.02753
GTG	GTT	GT	-0.73804	0.04825	0.03262	0.73804	0.02307	0.03262
GTG	GTC	GC	0.06101	0.01787	0.01842	-0.06101	0.01900	0.01842
GTG	GTA	GA	-0.81452	0.03260	0.02110	0.81452	0.01444	0.02110
GCT	TCT	GT	-1.73454	0.10764	0.04001	1.73454	0.01900	0.04001
GCT	CCT	GC	-1.43448	0.03987	0.01789	1.43448	0.00950	0.01789
GCT	ACT	GA	-1.61687	0.07272	0.02912	1.61687	0.01444	0.02912
GCT	GTT	CT	-1.52729	0.14315	0.06063	1.52729	0.03108	0.06063
GCC	TCC	GT	-0.85215	0.06681	0.04234	0.85215	0.02849	0.04234
GCC	CCC	GC	-1.80486	0.02475	0.00879	1.80486	0.00407	0.00879
GCC	ACC	GA	-1.83309	0.04514	0.01575	1.83309	0.00722	0.01575
GCC	GTC	CT	-1.24452	0.08885	0.04474	1.24452	0.02560	0.04474
GCC	GCT	CT	-0.51628	0.08885	0.06788	0.51628	0.05302	0.06788
GCA	TCA	GT	-1.29398	0.04454	0.02177	1.29398	0.01221	0.02177
GCA	CCA	GC	-0.41856	0.01650	0.01328	0.41856	0.01085	0.01328
GCA	ACA	GA	-1.20448	0.03009	0.01552	1.20448	0.00902	0.01552
GCA	GTA	CT	-1.39867	0.05923	0.02717	1.39867	0.01463	0.02717
GCA	GCT	AT	0.20510	0.04454	0.04926	-0.20510	0.05468	0.04926
GCA	GCC	AC	0.72138	0.01650	0.02316	-0.72138	0.03394	0.02316
GCG	TCG	GT	-1.22945	0.09279	0.04715	1.22945	0.02714	0.04715
GCG	CCG	GC	-1.84568	0.03437	0.01190	1.84568	0.00543	0.01190
GCG	ACG	GA	-0.55216	0.06269	0.04697	0.55216	0.03609	0.04697
GCG	GTG	CT	-1.64713	0.12340	0.04849	1.64713	0.02377	0.04849
GCG	GCT	GT	-0.85788	0.09279	0.05861	0.85788	0.03935	0.05861
GCG	GCC	GC	-0.34160	0.03437	0.02883	0.34160	0.02442	0.02883
GCG	GCA	GA	-1.06298	0.06269	0.03516	1.06298	0.02165	0.03516
GAT	TAT	GT	-3.23990	0.10393	0.01373	3.23990	0.00407	0.01373
GAT	CAT	GC	-0.86039	0.03849	0.02428	0.86039	0.01628	0.02428
GAT	AAT	GA	-1.71531	0.07021	0.02642	1.71531	0.01263	0.02642
GAT	GTT	AT	-1.17628	0.10393	0.05452	1.17628	0.03205	0.05452
GAT	GCT	AC	0.35101	0.03849	0.04564	-0.35101	0.05468	0.04564
GAC	TAC	GT	-2.61574	0.07423	0.01532	2.61574	0.00543	0.01532
GAC	CAC	GC	0.03569	0.02749	0.02799	-0.03569	0.02849	0.02799
GAC	AAC	GA	-0.92685	0.05015	0.03045	0.92685	0.01985	0.03045
GAC	GTC	AT	-1.03397	0.07423	0.04235	1.03397	0.02640	0.04235
GAC	GCC	AC	0.21056	0.02749	0.03049	-0.21056	0.03394	0.03049
GAC	GAT	CT	-0.65673	0.09872	0.06983	0.65673	0.05119	0.06983
GAA	CAA	GC	-0.64170	0.02062	0.01471	0.64170	0.01085	0.01471
GAA	AAA	GA	-0.32901	0.03761	0.03176	0.32901	0.02707	0.03176
GAA	GTA	AT	-1.30590	0.05567	0.02702	1.30590	0.01508	0.02702
GAA	GCA	AC	0.09277	0.02062	0.02159	-0.09277	0.02263	0.02159
GAA	GAT	AT	-0.05314	0.05567	0.05421	0.05314	0.05279	0.05421
GAA	GAC	AC	0.60360	0.02062	0.02747	-0.60360	0.03771	0.02747
GAG	CAG	GC	-0.54372	0.02337	0.01759	0.54372	0.01357	0.01759
GAG	AAG	GA	-0.32901	0.04263	0.03600	0.32901	0.03068	0.03600
GAG	GTG	AT	-0.94556	0.06310	0.03790	0.94556	0.02451	0.03790
GAG	GCG	AC	0.70158	0.02337	0.03252	-0.70158	0.04714	0.03252
GAG	GAT	GT	-0.50731	0.06310	0.04844	0.50731	0.03799	0.04844
GAG	GAC	GC	0.14942	0.02337	0.02516	-0.14942	0.02714	0.02516
GAG	GAA	GA	-0.45417	0.04263	0.03368	0.45417	0.02707	0.03368
GGT	TGT	GT	-0.02547	0.03340	0.03298	0.02547	0.03256	0.03298
GGT	CGT	GC	0.62289	0.01237	0.01662	-0.62289	0.02307	0.01662
GGT	AGT	GA	-0.44679	0.02257	0.01790	0.44679	0.01444	0.01790
GGT	GTT	GT	-0.37031	0.03340	0.02760	0.37031	0.02307	0.02760
GGT	GCT	GC	1.15698	0.01237	0.02088	-1.15698	0.03935	0.02088
GGT	GAT	GA	0.80597	0.02257	0.03287	-0.80597	0.05053	0.03287
GGC	TGC	GT	0.78546	0.02227	0.03215	-0.78546	0.04885	0.03215
GGC	CGC	GC	0.59304	0.00825	0.01093	-0.59304	0.01493	0.01093
GGC	AGC	GA	0.36414	0.01505	0.01795	-0.36414	0.02165	0.01795
GGC	GTC	GT	-0.15901	0.02227	0.02055	0.15901	0.01900	0.02055
GGC	GCC	GC	1.08552	0.00825	0.01352	-1.08552	0.02442	0.01352
GGC	GAC	GA	0.87496	0.01505	0.02257	-0.87496	0.03609	0.02257
GGC	GGT	CT	-0.58774	0.02962	0.02176	0.58774	0.01645	0.02176
GGA	CGA	GC	-1.26586	0.01925	0.00957	1.26586	0.00543	0.00957
GGA	AGA	GA	-0.48316	0.03511	0.02730	0.48316	0.02165	0.02730
GGA	GTA	GT	-1.56592	0.05196	0.02149	1.56592	0.01085	0.02149
GGA	GCA	GC	-0.16725	0.01925	0.01768	0.16725	0.01628	0.01768
GGA	GAA	GA	-0.26002	0.03511	0.03074	0.26002	0.02707	0.03074
GGA	GGT	AT	-1.11912	0.05196	0.02820	1.11912	0.01697	0.02820
GGA	GGC	AC	-0.53138	0.01925	0.01458	0.53138	0.01131	0.01458
GGG	TGG	GT	0.66767	0.01113	0.01526	-0.66767	0.02171	0.01526
GGG	CGG	GC	0.68005	0.00412	0.00568	-0.68005	0.00814	0.00568
GGG	AGG	GA	0.87496	0.00752	0.01129	-0.87496	0.01805	0.01129
GGG	GTG	GT	0.46003	0.01113	0.01389	-0.46003	0.01764	0.01389
GGG	GCG	GC	2.10717	0.00412	0.00989	-2.10717	0.03392	0.00989
GGG	GAG	GA	1.40559	0.00752	0.01401	-1.40559	0.03068	0.01401
GGG	GGT	GT	0.09231	0.01113	0.01166	-0.09231	0.01221	0.01166
GGG	GGC	GC	0.68005	0.00412	0.00568	-0.68005	0.00814	0.00568
GGG	GGA	GA	1.21143	0.00752	0.01298	-1.21143	0.02526	0.01298


Histograms
2Ns	FMut	FSub(CodonUsage)	FSubw(after w)

-10.19441	0.01193	0.00001
-9.17497	0.00137	0.00000
-8.15553	0.00090	0.00000
-7.13609	0.00000	0.00000
-6.11665	0.00013	0.00000
-5.09721	0.00000	0.00000
-4.07776	0.00330	0.00042
-3.05832	0.03366	0.00686
-2.03888	0.12238	0.05141
-1.01944	0.38385	0.27509
0.00000	0.27530	0.33242
1.01944	0.14589	0.27509
2.03888	0.01935	0.05141
3.05832	0.00184	0.00686
4.07776	0.00009	0.00042
5.09721	0.00000	0.00000
6.11665	0.00000	0.00000
7.13609	0.00000	0.00000
8.15553	0.00000	0.00000
9.17497	0.00000	0.00000
10.19441	0.00000	0.00000

Proportion of advantageous (S > 0) mutations:
 0.28706

Proportions of good & bad mutations (|S| > 2.0000) among mutations:
0.00429  0.07708

mean |Ns| = 1.12153	mean Ns+ = 0.71549	mean Ns- = -1.28502


MLEs of dN/dS (w) for site classes (K=4)

site class             0        1       2a       2b
proportion       0.50500  0.40343  0.05090  0.04066
background w     0.03592  1.00000  0.03592  1.00000
foreground w     0.03592  1.00000  1.00000  1.00000

Naive Empirical Bayes (NEB) probabilities for 4 classes
(amino acids refer to 1st sequence: AT2G33500_AT2G33500.1_Athaliana_Araport11)

   1 M   0.95633 0.00000 0.04367 0.00000 ( 1)
   2 -   0.38969 0.36381 0.20983 0.03667 ( 1)
   3 -   0.00380 0.88974 0.01678 0.08968 ( 2)
   4 -   0.03324 0.78892 0.09832 0.07952 ( 2)
   5 -   0.30680 0.51022 0.13155 0.05143 ( 2)
   6 -   0.82184 0.11050 0.05652 0.01114 ( 1)
   7 -   0.52870 0.40343 0.02721 0.04066 ( 1)
   8 -   0.22323 0.60798 0.10751 0.06128 ( 2)
   9 -   0.01372 0.85439 0.04577 0.08612 ( 2)
  10 -   0.84380 0.09035 0.05675 0.00911 ( 1)
  11 G   0.02238 0.87696 0.01226 0.08840 ( 2)
  12 T   0.00016 0.90828 0.00001 0.09155 ( 2)
  13 S   0.01778 0.88929 0.00329 0.08964 ( 2)
  14 T   0.00001 0.90842 0.00001 0.09157 ( 2)
  15 T   0.00175 0.90672 0.00013 0.09140 ( 2)
  16 V   0.75918 0.16280 0.06161 0.01641 ( 1)
  17 A   0.00002 0.90839 0.00002 0.09156 ( 2)
  18 C   0.94089 0.00018 0.05891 0.00002 ( 1)
  19 E   0.94048 0.00275 0.05650 0.00028 ( 1)
  20 F   0.00259 0.90298 0.00341 0.09102 ( 2)
  21 C   0.93378 0.00030 0.06589 0.00003 ( 1)
  22 G   0.15236 0.76054 0.01044 0.07666 ( 2)
  23 E   0.00041 0.90803 0.00003 0.09153 ( 2)
  24 R   0.06254 0.84789 0.00410 0.08547 ( 2)
  25 T   0.00063 0.90782 0.00005 0.09151 ( 2)
  26 A   0.93497 0.00030 0.06470 0.00003 ( 1)
  27 V   0.04032 0.86770 0.00452 0.08746 ( 2)
  28 L   0.43674 0.47839 0.03664 0.04822 ( 2)
  29 F   0.97146 0.00001 0.02852 0.00000 ( 1)
  30 C   0.93984 0.00020 0.05994 0.00002 ( 1)
  31 R   0.00566 0.90286 0.00047 0.09101 ( 2)
  32 A   0.93766 0.00030 0.06201 0.00003 ( 1)
  33 D   0.94308 0.00005 0.05686 0.00001 ( 1)
  34 T   0.05624 0.85323 0.00452 0.08600 ( 2)
  35 A   0.93461 0.00037 0.06498 0.00004 ( 1)
  36 K   0.95975 0.00345 0.03645 0.00035 ( 1)
  37 L   0.94791 0.00003 0.05206 0.00000 ( 1)
  38 C   0.93384 0.00024 0.06590 0.00002 ( 1)
  39 L   0.01233 0.89584 0.00153 0.09030 ( 2)
  40 P   0.00008 0.90732 0.00115 0.09146 ( 2)
  41 C   0.93402 0.00021 0.06574 0.00002 ( 1)
  42 D   0.94471 0.00004 0.05525 0.00000 ( 1)
  43 Q   0.00599 0.89373 0.01020 0.09009 ( 2)
  44 H   0.00005 0.90838 0.00001 0.09156 ( 2)
  45 V   0.95180 0.00034 0.04783 0.00003 ( 1)
  46 H   0.94044 0.00003 0.05953 0.00000 ( 1)
  47 S   0.00835 0.90033 0.00058 0.09075 ( 2)
  48 A   0.93475 0.00032 0.06490 0.00003 ( 1)
  49 N   0.95538 0.00000 0.04462 0.00000 ( 1)
  50 L   0.02636 0.87634 0.00896 0.08833 ( 2)
  51 L   0.93633 0.00020 0.06344 0.00002 ( 1)
  52 S   0.86438 0.06962 0.05898 0.00702 ( 1)
  53 R   0.00003 0.90836 0.00005 0.09156 ( 2)
  54 K   0.94497 0.00116 0.05376 0.00012 ( 1)
  55 H   0.94033 0.00003 0.05964 0.00000 ( 1)
  56 V   0.93987 0.01040 0.04868 0.00105 ( 1)
  57 R   0.93861 0.00026 0.06111 0.00003 ( 1)
  58 S   0.94121 0.00635 0.05180 0.00064 ( 1)
  59 Q   0.77103 0.16462 0.04775 0.01659 ( 1)
  60 I   0.94957 0.00071 0.04965 0.00007 ( 1)
  61 C   0.90231 0.00612 0.09095 0.00062 ( 1)
  62 D   0.89278 0.01565 0.08999 0.00158 ( 1)
  63 N   0.01429 0.89414 0.00144 0.09013 ( 2)
  64 C   0.90239 0.00604 0.09096 0.00061 ( 1)
  65 S   0.01769 0.89074 0.00178 0.08978 ( 2)
  66 K   0.06961 0.83882 0.00702 0.08455 ( 2)
  67 E   0.08642 0.82201 0.00871 0.08286 ( 2)
  68 P   0.90775 0.00068 0.09150 0.00007 ( 1)
  69 V   0.16242 0.74601 0.01637 0.07520 ( 2)
  70 S   0.52676 0.38168 0.05310 0.03847 ( 1)
  71 V   0.75941 0.14902 0.07655 0.01502 ( 1)
  72 R   0.01757 0.89086 0.00177 0.08980 ( 2)
  73 C   0.90236 0.00608 0.09096 0.00061 ( 1)
  74 F   0.02607 0.88236 0.00263 0.08894 ( 2)
  75 T   0.88870 0.01973 0.08958 0.00199 ( 1)
  76 D   0.86155 0.04688 0.08684 0.00473 ( 1)
  77 N   0.03543 0.87300 0.00357 0.08800 ( 2)
  78 L   0.13091 0.77752 0.01320 0.07837 ( 2)
  79 V   0.47386 0.43458 0.04776 0.04380 ( 1)
  80 L   0.90188 0.00655 0.09091 0.00066 ( 1)
  81 C   0.90320 0.00523 0.09104 0.00053 ( 1)
  82 Q   0.76271 0.14572 0.07688 0.01469 ( 1)
  83 E   0.09827 0.81016 0.00991 0.08166 ( 2)
  84 C   0.90320 0.00523 0.09104 0.00053 ( 1)
  85 D   0.90500 0.00343 0.09122 0.00035 ( 1)
  86 W   0.89945 0.00899 0.09066 0.00091 ( 1)
  87 D   0.27618 0.63225 0.02784 0.06373 ( 2)
  88 V   0.04232 0.86611 0.00427 0.08730 ( 2)
  89 H   0.90655 0.00188 0.09138 0.00019 ( 1)
  90 G   0.02686 0.88158 0.00271 0.08886 ( 2)
  91 S   0.18408 0.72435 0.01856 0.07301 ( 2)
  92 C   0.28518 0.62325 0.02875 0.06282 ( 2)
  93 S   0.47550 0.43293 0.04793 0.04364 ( 1)
  94 S   0.00353 0.90491 0.00036 0.09121 ( 2)
  95 S   0.90211 0.00632 0.09093 0.00064 ( 1)
  96 A   0.00076 0.90767 0.00008 0.09149 ( 2)
  97 T   0.00131 0.90712 0.00013 0.09144 ( 2)
  98 H   0.90721 0.00122 0.09145 0.00012 ( 1)
  99 E   0.00086 0.90757 0.00009 0.09148 ( 2)
 100 R   0.90477 0.00366 0.09120 0.00037 ( 1)
 101 S   0.00321 0.90523 0.00032 0.09124 ( 2)
 102 A   0.80453 0.10391 0.08109 0.01047 ( 1)
 103 V   0.67768 0.23076 0.06831 0.02326 ( 1)
 104 -   0.30574 0.20448 0.46917 0.02061 ( 3)
 105 -   0.55945 0.36736 0.03616 0.03703 ( 1)
 106 -   0.19112 0.42027 0.34625 0.04236 ( 2)
 107 -   0.04716 0.86201 0.00395 0.08689 ( 2)
 108 -   0.19044 0.72734 0.00891 0.07331 ( 2)
 109 -   0.00135 0.90654 0.00073 0.09138 ( 2)
 110 -   0.00065 0.90762 0.00025 0.09149 ( 2)
 111 -   0.00001 0.90839 0.00003 0.09156 ( 2)
 112 -   0.00002 0.90841 0.00001 0.09157 ( 2)
 113 -   0.07164 0.83843 0.00542 0.08451 ( 2)
 114 -   0.20025 0.40329 0.35581 0.04065 ( 2)
 115 -   0.92809 0.01361 0.05692 0.00137 ( 1)
 116 -   0.01210 0.86392 0.03690 0.08708 ( 2)
 117 -   0.94821 0.00235 0.04920 0.00024 ( 1)
 118 -   0.03019 0.87078 0.01127 0.08777 ( 2)
 119 E   0.91875 0.02970 0.04856 0.00299 ( 1)
 120 G   0.93723 0.00001 0.06275 0.00000 ( 1)
 121 F   0.96131 0.00002 0.03867 0.00000 ( 1)
 122 S   0.02973 0.86276 0.02054 0.08696 ( 2)
 123 -   0.77412 0.15481 0.05547 0.01560 ( 1)
 124 -   0.86356 0.07679 0.05192 0.00774 ( 1)
 125 -   0.81896 0.11332 0.05629 0.01142 ( 1)
 126 -   0.84619 0.08909 0.05574 0.00898 ( 1)
 127 -   0.89861 0.04306 0.05399 0.00434 ( 1)
 128 -   0.91891 0.03683 0.04055 0.00371 ( 1)
 129 -   0.80227 0.13604 0.04798 0.01371 ( 1)
 130 -   0.46244 0.46674 0.02378 0.04705 ( 2)
 131 G   0.89423 0.01420 0.09014 0.00143 ( 1)
 132 C   0.86796 0.04047 0.08749 0.00408 ( 1)
 133 P   0.89577 0.01266 0.09029 0.00128 ( 1)
 134 S   0.86734 0.04109 0.08743 0.00414 ( 1)
 135 V   0.31711 0.59133 0.03196 0.05960 ( 2)
 136 L   0.48948 0.41895 0.04934 0.04223 ( 1)
 137 E   0.88973 0.01870 0.08968 0.00188 ( 1)
 138 L   0.85738 0.05105 0.08642 0.00515 ( 1)
 139 A   0.04825 0.86018 0.00486 0.08670 ( 2)
 140 A   0.84675 0.06168 0.08535 0.00622 ( 1)
 141 V   0.04116 0.86727 0.00415 0.08742 ( 2)
 142 W   0.06195 0.84648 0.00624 0.08532 ( 2)
 143 G   0.88271 0.02572 0.08898 0.00259 ( 1)
 144 I   0.32603 0.58241 0.03286 0.05871 ( 2)
 145 D   0.87649 0.03194 0.08835 0.00322 ( 1)
 146 E   0.07439 0.83404 0.00750 0.08407 ( 2)
 147 L   0.28306 0.62537 0.02853 0.06304 ( 2)
 148 T   0.44365 0.46478 0.04472 0.04685 ( 2)
 149 L   0.85783 0.05060 0.08647 0.00510 ( 1)
 150 D   0.87649 0.03194 0.08835 0.00322 ( 1)
 151 S   0.86952 0.03892 0.08765 0.00392 ( 1)
 152 W   0.89862 0.00981 0.09058 0.00099 ( 1)
 153 G   0.04223 0.86620 0.00426 0.08731 ( 2)
 154 S   0.24798 0.66045 0.02500 0.06657 ( 2)
 155 G   0.50723 0.40121 0.05113 0.04044 ( 1)


lnL = -2122.411366

Bayes Empirical Bayes (BEB) probabilities for 4 classes (class)
(amino acids refer to 1st sequence: AT2G33500_AT2G33500.1_Athaliana_Araport11)

   1 M   0.98695 0.00000 0.01305 0.00000 ( 1)
   2 -   0.51488 0.31740 0.14595 0.02177 ( 1)
   3 -   0.00762 0.77325 0.13080 0.08832 ( 2)
   4 -   0.05882 0.65404 0.22686 0.06027 ( 2)
   5 -   0.41581 0.44896 0.10363 0.03160 ( 2)
   6 -   0.86275 0.10469 0.02637 0.00619 ( 1)
   7 -   0.64231 0.32609 0.01155 0.02005 ( 1)
   8 -   0.31329 0.54651 0.10237 0.03783 ( 2)
   9 -   0.02576 0.73450 0.16480 0.07494 ( 2)
  10 -   0.88534 0.08586 0.02443 0.00437 ( 1)
  11 G   0.06661 0.85014 0.02631 0.05693 ( 2)
  12 T   0.00106 0.94998 0.00003 0.04893 ( 2)
  13 S   0.04923 0.86918 0.00845 0.07314 ( 2)
  14 T   0.00004 0.92767 0.00004 0.07225 ( 2)
  15 T   0.00697 0.93931 0.00024 0.05348 ( 2)
  16 V   0.81384 0.10389 0.07317 0.00910 ( 1)
  17 A   0.00012 0.92162 0.00020 0.07806 ( 2)
  18 C   0.97512 0.00021 0.02466 0.00001 ( 1)
  19 E   0.97531 0.00234 0.02224 0.00011 ( 1)
  20 F   0.01254 0.87157 0.01827 0.09762 ( 2)
  21 C   0.96871 0.00034 0.03093 0.00002 ( 1)
  22 G   0.37269 0.57751 0.01406 0.03573 ( 2)
  23 E   0.00222 0.94880 0.00007 0.04890 ( 2)
  24 R   0.15149 0.80453 0.00407 0.03991 ( 2)
  25 T   0.00327 0.93743 0.00014 0.05916 ( 2)
  26 A   0.96958 0.00035 0.03005 0.00002 ( 1)
  27 V   0.12993 0.80903 0.00691 0.05413 ( 2)
  28 L   0.65758 0.30265 0.02489 0.01488 ( 1)
  29 F   0.99366 0.00001 0.00633 0.00000 ( 1)
  30 C   0.97327 0.00024 0.02648 0.00001 ( 1)
  31 R   0.02307 0.91169 0.00116 0.06408 ( 2)
  32 A   0.97311 0.00034 0.02653 0.00002 ( 1)
  33 D   0.97704 0.00006 0.02290 0.00000 ( 1)
  34 T   0.17877 0.77214 0.00773 0.04136 ( 2)
  35 A   0.96944 0.00043 0.03011 0.00002 ( 1)
  36 K   0.98750 0.00170 0.01070 0.00009 ( 1)
  37 L   0.98131 0.00004 0.01865 0.00000 ( 1)
  38 C   0.96878 0.00027 0.03093 0.00001 ( 1)
  39 L   0.04365 0.90016 0.00319 0.05300 ( 2)
  40 P   0.00038 0.87658 0.01162 0.11142 ( 2)
  41 C   0.96868 0.00025 0.03106 0.00001 ( 1)
  42 D   0.97955 0.00004 0.02041 0.00000 ( 1)
  43 Q   0.02608 0.85963 0.03665 0.07763 ( 2)
  44 H   0.00032 0.93623 0.00009 0.06335 ( 2)
  45 V   0.98358 0.00031 0.01610 0.00002 ( 1)
  46 H   0.97643 0.00003 0.02354 0.00000 ( 1)
  47 S   0.03188 0.91707 0.00102 0.05004 ( 2)
  48 A   0.96952 0.00037 0.03009 0.00002 ( 1)
  49 N   0.98699 0.00000 0.01301 0.00000 ( 1)
  50 L   0.10539 0.82634 0.01689 0.05138 ( 2)
  51 L   0.95470 0.00025 0.04503 0.00002 ( 1)
  52 S   0.92770 0.04217 0.02785 0.00227 ( 1)
  53 R   0.00013 0.88131 0.00058 0.11799 ( 2)
  54 K   0.97954 0.00101 0.01940 0.00005 ( 1)
  55 H   0.97648 0.00003 0.02348 0.00000 ( 1)
  56 V   0.97553 0.00661 0.01752 0.00033 ( 1)
  57 R   0.96373 0.00032 0.03593 0.00002 ( 1)
  58 S   0.97705 0.00397 0.01877 0.00020 ( 1)
  59 Q   0.89561 0.08003 0.02021 0.00415 ( 1)
  60 I   0.98300 0.00062 0.01635 0.00003 ( 1)
  61 C   0.91538 0.00672 0.07733 0.00056 ( 1)
  62 D   0.90874 0.01337 0.07678 0.00111 ( 1)
  63 N   0.04657 0.87554 0.00400 0.07389 ( 2)
  64 C   0.91550 0.00660 0.07734 0.00055 ( 1)
  65 S   0.05546 0.86665 0.00476 0.07313 ( 2)
  66 K   0.15347 0.76864 0.01316 0.06474 ( 2)
  67 E   0.15821 0.76390 0.01356 0.06433 ( 2)
  68 P   0.92118 0.00092 0.07781 0.00008 ( 1)
  69 V   0.27874 0.64336 0.02384 0.05405 ( 2)
  70 S   0.65705 0.26506 0.05579 0.02210 ( 1)
  71 V   0.79632 0.12579 0.06743 0.01046 ( 1)
  72 R   0.05462 0.86748 0.00469 0.07320 ( 2)
  73 C   0.91547 0.00663 0.07734 0.00055 ( 1)
  74 F   0.07012 0.85199 0.00602 0.07187 ( 2)
  75 T   0.90556 0.01654 0.07652 0.00137 ( 1)
  76 D   0.88480 0.03730 0.07480 0.00310 ( 1)
  77 N   0.10448 0.81763 0.00896 0.06893 ( 2)
  78 L   0.24334 0.67876 0.02082 0.05707 ( 2)
  79 V   0.60150 0.32061 0.05113 0.02676 ( 1)
  80 L   0.91432 0.00779 0.07725 0.00065 ( 1)
  81 C   0.91637 0.00574 0.07742 0.00048 ( 1)
  82 Q   0.83239 0.08972 0.07044 0.00745 ( 1)
  83 E   0.21461 0.70749 0.01838 0.05952 ( 2)
  84 C   0.91637 0.00574 0.07742 0.00048 ( 1)
  85 D   0.91811 0.00400 0.07756 0.00033 ( 1)
  86 W   0.91449 0.00762 0.07726 0.00063 ( 1)
  87 D   0.41975 0.50235 0.03580 0.04209 ( 2)
  88 V   0.10176 0.82035 0.00873 0.06916 ( 2)
  89 H   0.91991 0.00220 0.07771 0.00018 ( 1)
  90 G   0.06779 0.85432 0.00582 0.07207 ( 2)
  91 S   0.30685 0.61526 0.02623 0.05166 ( 2)
  92 C   0.41152 0.51059 0.03511 0.04279 ( 2)
  93 S   0.60486 0.31725 0.05141 0.02648 ( 1)
  94 S   0.01029 0.91182 0.00088 0.07701 ( 2)
  95 S   0.91497 0.00714 0.07730 0.00059 ( 1)
  96 A   0.00286 0.91925 0.00025 0.07765 ( 2)
  97 T   0.00441 0.91770 0.00038 0.07751 ( 2)
  98 H   0.92064 0.00147 0.07777 0.00012 ( 1)
  99 E   0.00285 0.91926 0.00024 0.07765 ( 2)
 100 R   0.91771 0.00440 0.07753 0.00036 ( 1)
 101 S   0.01144 0.91067 0.00098 0.07691 ( 2)
 102 A   0.82694 0.09517 0.06998 0.00791 ( 1)
 103 V   0.75524 0.16687 0.06401 0.01389 ( 1)
 104 -   0.45205 0.20025 0.33688 0.01082 ( 1)
 105 -   0.67158 0.29494 0.01790 0.01557 ( 1)
 106 -   0.26461 0.37648 0.33311 0.02580 ( 2)
 107 -   0.09587 0.81924 0.00743 0.07746 ( 2)
 108 -   0.32619 0.62361 0.00583 0.04436 ( 2)
 109 -   0.00408 0.91586 0.00181 0.07825 ( 2)
 110 -   0.00203 0.93717 0.00050 0.06031 ( 2)
 111 -   0.00004 0.90237 0.00027 0.09732 ( 2)
 112 -   0.00008 0.91217 0.00003 0.08772 ( 2)
 113 -   0.13992 0.77823 0.00769 0.07416 ( 2)
 114 -   0.26770 0.34862 0.35703 0.02665 ( 3)
 115 -   0.96279 0.01345 0.02307 0.00069 ( 1)
 116 -   0.02355 0.76554 0.13621 0.07470 ( 2)
 117 -   0.98175 0.00238 0.01577 0.00009 ( 1)
 118 -   0.08130 0.83850 0.01766 0.06253 ( 2)
 119 E   0.96026 0.01988 0.01856 0.00129 ( 1)
 120 G   0.97357 0.00001 0.02641 0.00000 ( 1)
 121 F   0.98806 0.00002 0.01192 0.00000 ( 1)
 122 S   0.08930 0.79544 0.04987 0.06538 ( 2)
 123 -   0.80293 0.14578 0.03935 0.01195 ( 1)
 124 -   0.90223 0.07312 0.02084 0.00381 ( 1)
 125 -   0.85977 0.10731 0.02648 0.00644 ( 1)
 126 -   0.88150 0.08466 0.02802 0.00582 ( 1)
 127 -   0.93467 0.04138 0.02156 0.00239 ( 1)
 128 -   0.95053 0.03532 0.01233 0.00182 ( 1)
 129 -   0.82762 0.12837 0.03338 0.01062 ( 1)
 130 -   0.58204 0.38673 0.00990 0.02134 ( 1)
 131 G   0.90729 0.01482 0.07666 0.00123 ( 1)
 132 C   0.88262 0.03949 0.07461 0.00328 ( 1)
 133 P   0.90874 0.01337 0.07678 0.00111 ( 1)
 134 S   0.88185 0.04026 0.07455 0.00334 ( 1)
 135 V   0.40445 0.51766 0.03451 0.04338 ( 2)
 136 L   0.58089 0.34122 0.04940 0.02850 ( 1)
 137 E   0.90322 0.01888 0.07632 0.00157 ( 1)
 138 L   0.87133 0.05078 0.07368 0.00422 ( 1)
 139 A   0.09777 0.82434 0.00839 0.06950 ( 2)
 140 A   0.86258 0.05953 0.07295 0.00494 ( 1)
 141 V   0.08334 0.83877 0.00715 0.07074 ( 2)
 142 W   0.12297 0.79914 0.01055 0.06734 ( 2)
 143 G   0.89597 0.02614 0.07572 0.00217 ( 1)
 144 I   0.42000 0.50211 0.03582 0.04207 ( 2)
 145 D   0.89052 0.03159 0.07527 0.00262 ( 1)
 146 E   0.14239 0.77971 0.01221 0.06568 ( 2)
 147 L   0.36881 0.55329 0.03149 0.04640 ( 2)
 148 T   0.53318 0.38893 0.04538 0.03251 ( 1)
 149 L   0.87170 0.05041 0.07371 0.00418 ( 1)
 150 D   0.89052 0.03159 0.07527 0.00262 ( 1)
 151 S   0.88395 0.03816 0.07472 0.00317 ( 1)
 152 W   0.91210 0.01001 0.07706 0.00083 ( 1)
 153 G   0.08570 0.83641 0.00736 0.07054 ( 2)
 154 S   0.33110 0.59101 0.02829 0.04960 ( 2)
 155 G   0.59764 0.32447 0.05080 0.02709 ( 1)
