Supplemental results for CODEML (seqf: aligned.fas  treef: AT1G68520_AT1G68520.1_Athaliana_Araport11.treefile)

I	J	ij	2Ns_IJ	pMut_IJ	pSub_IJ	2Ns_JI	pMut_JI	pSub_JI

TTC	TTT	CT	-0.06338	0.01948	0.01887	0.06338	0.01829	0.01887
TTA	TTT	AT	0.71931	0.00697	0.00977	-0.71931	0.01430	0.00977
TTA	TTC	AC	0.78268	0.00627	0.00904	-0.78268	0.01371	0.00904
TTG	TTT	GT	-0.01475	0.01858	0.01844	0.01475	0.01831	0.01844
TTG	TTC	GC	0.04863	0.01671	0.01712	-0.04863	0.01754	0.01712
TTG	TTA	GA	-0.73405	0.02783	0.01885	0.73405	0.01335	0.01885
TCT	TTT	CT	0.29953	0.01355	0.01568	-0.29953	0.01829	0.01568
TCC	TTC	CT	0.32151	0.01271	0.01486	-0.32151	0.01752	0.01486
TCC	TCT	CT	-0.04140	0.01271	0.01245	0.04140	0.01219	0.01245
TCA	TTA	CT	-0.26009	0.01186	0.01038	0.26009	0.00914	0.01038
TCA	TCT	AT	0.15969	0.00813	0.00879	-0.15969	0.00954	0.00879
TCA	TCC	AC	0.20109	0.00731	0.00807	-0.20109	0.00894	0.00807
TCG	TTG	CT	0.46943	0.01525	0.01911	-0.46943	0.02438	0.01911
TCG	TCT	GT	0.15515	0.01045	0.01128	-0.15515	0.01220	0.01128
TCG	TCC	GC	0.19655	0.00940	0.01035	-0.19655	0.01144	0.01035
TCG	TCA	GA	-0.00454	0.01565	0.01562	0.00454	0.01558	0.01562
TAT	TTT	AT	0.63926	0.00755	0.01022	-0.63926	0.01430	0.01022
TAT	TCT	AC	0.33973	0.00679	0.00801	-0.33973	0.00954	0.00801
TAC	TTC	AT	0.52260	0.00813	0.01044	-0.52260	0.01371	0.01044
TAC	TCC	AC	0.20109	0.00731	0.00807	-0.20109	0.00894	0.00807
TAC	TAT	CT	-0.18004	0.01186	0.01082	0.18004	0.00991	0.01082
TGT	TTT	GT	1.05309	0.00639	0.01033	-1.05309	0.01831	0.01033
TGT	TCT	GC	0.75356	0.00574	0.00818	-0.75356	0.01220	0.00818
TGT	TAT	GA	0.41383	0.00956	0.01168	-0.41383	0.01447	0.01168
TGC	TTC	GT	1.32899	0.00464	0.00840	-1.32899	0.01754	0.00840
TGC	TCC	GC	1.00748	0.00418	0.00663	-1.00748	0.01144	0.00663
TGC	TAC	GA	0.80639	0.00696	0.01013	-0.80639	0.01558	0.01013
TGC	TGT	CT	0.21252	0.00678	0.00752	-0.21252	0.00838	0.00752
TGG	TTG	GT	1.34077	0.00639	0.01160	-1.34077	0.02441	0.01160
TGG	TCG	GC	0.87135	0.00574	0.00861	-0.87135	0.01373	0.00861
TGG	TGT	GT	0.27293	0.00639	0.00730	-0.27293	0.00839	0.00730
TGG	TGC	GC	0.06042	0.00574	0.00592	-0.06042	0.00610	0.00592
CTT	TTT	CT	0.18175	0.01525	0.01668	-0.18175	0.01829	0.01668
CTC	TTC	CT	0.95012	0.00678	0.01050	-0.95012	0.01752	0.01050
CTC	CTT	CT	0.70499	0.00678	0.00944	-0.70499	0.01371	0.00944
CTA	TTA	CT	-0.01893	0.00932	0.00923	0.01893	0.00914	0.00923
CTA	CTT	AT	0.51864	0.00639	0.00819	-0.51864	0.01073	0.00819
CTA	CTC	AC	-0.18636	0.00574	0.00523	0.18636	0.00477	0.00523
CTG	TTG	CT	0.87489	0.01016	0.01525	-0.87489	0.02438	0.01525
CTG	CTT	GT	0.67840	0.00697	0.00960	-0.67840	0.01373	0.00960
CTG	CTC	GC	-0.02660	0.00627	0.00618	0.02660	0.00610	0.00618
CTG	CTA	GA	0.15976	0.01043	0.01129	-0.15976	0.01224	0.01129
CCT	TCT	CT	-0.37787	0.01779	0.01464	0.37787	0.01219	0.01464
CCT	CTT	CT	-0.26009	0.01779	0.01558	0.26009	0.01371	0.01558
CCC	TCC	CT	1.50350	0.00254	0.00491	-1.50350	0.01143	0.00491
CCC	CTC	CT	0.87489	0.00254	0.00381	-0.87489	0.00610	0.00381
CCC	CCT	CT	1.83997	0.00254	0.00556	-1.83997	0.01600	0.00556
CCA	TCA	CT	-0.23947	0.01355	0.01200	0.23947	0.01067	0.01200
CCA	CTA	CT	-0.48063	0.01355	0.01056	0.48063	0.00838	0.01056
CCA	CCT	AT	0.29809	0.00929	0.01074	-0.29809	0.01252	0.01074
CCA	CCC	AC	-1.54188	0.00836	0.00351	1.54188	0.00179	0.00351
CCG	TCG	CT	-0.10594	0.01525	0.01445	0.10594	0.01371	0.01445
CCG	CTG	CT	-0.51140	0.01525	0.01168	0.51140	0.00914	0.01168
CCG	CCT	GT	0.42708	0.01045	0.01284	-0.42708	0.01602	0.01284
CCG	CCC	GC	-1.41289	0.00940	0.00427	1.41289	0.00229	0.00427
CCG	CCA	GA	0.12899	0.01565	0.01668	-0.12899	0.01781	0.01668
CAT	TAT	CT	-0.31358	0.01355	0.01154	0.31358	0.00991	0.01154
CAT	CTT	AT	0.14394	0.00929	0.00997	-0.14394	0.01073	0.00997
CAT	CCT	AC	0.40403	0.00836	0.01016	-0.40403	0.01252	0.01016
CAC	TAC	CT	0.45368	0.00678	0.00843	-0.45368	0.01067	0.00843
CAC	CTC	AT	0.02616	0.00464	0.00471	-0.02616	0.00477	0.00471
CAC	CCC	AC	-0.84873	0.00418	0.00265	0.84873	0.00179	0.00265
CAC	CAT	CT	0.58721	0.00678	0.00896	-0.58721	0.01219	0.00896
CAA	CTA	AT	-0.34853	0.00929	0.00776	0.34853	0.00656	0.00776
CAA	CCA	AC	0.13210	0.00836	0.00892	-0.13210	0.00954	0.00892
CAA	CAT	AT	0.02616	0.00929	0.00941	-0.02616	0.00954	0.00941
CAA	CAC	AC	-0.56105	0.00836	0.00623	0.56105	0.00477	0.00623
CAG	CTG	AT	-0.57998	0.01277	0.00942	0.57998	0.00715	0.00942
CAG	CCG	AC	-0.06858	0.01149	0.01110	0.06858	0.01073	0.01110
CAG	CAT	GT	-0.04552	0.01277	0.01248	0.04552	0.01220	0.01248
CAG	CAC	GC	-0.63273	0.01149	0.00823	0.63273	0.00610	0.00823
CAG	CAA	GA	-0.07168	0.01913	0.01845	0.07168	0.01781	0.01845
CGT	TGT	CT	-0.41609	0.01271	0.01025	0.41609	0.00838	0.01025
CGT	CTT	GT	0.45525	0.00871	0.01084	-0.45525	0.01373	0.01084
CGT	CCT	GC	0.71534	0.00783	0.01097	-0.71534	0.01602	0.01097
CGT	CAT	GA	0.31131	0.01304	0.01518	-0.31131	0.01781	0.01518
CGC	TGC	CT	0.58721	0.00339	0.00448	-0.58721	0.00610	0.00448
CGC	CTC	GT	0.96608	0.00232	0.00362	-0.96608	0.00610	0.00362
CGC	CCC	GC	0.09119	0.00209	0.00219	-0.09119	0.00229	0.00219
CGC	CAC	GA	0.93992	0.00348	0.00537	-0.93992	0.00890	0.00537
CGC	CGT	CT	1.21582	0.00339	0.00586	-1.21582	0.01143	0.00586
CGA	CTA	GT	0.36824	0.00581	0.00694	-0.36824	0.00839	0.00694
CGA	CCA	GC	0.84887	0.00522	0.00775	-0.84887	0.01220	0.00775
CGA	CAA	GA	0.71678	0.00870	0.01218	-0.71678	0.01781	0.01218
CGA	CGT	AT	0.43162	0.00581	0.00715	-0.43162	0.00894	0.00715
CGA	CGC	AC	-0.78420	0.00522	0.00344	0.78420	0.00238	0.00344
CGG	TGG	CT	0.09473	0.00762	0.00799	-0.09473	0.00838	0.00799
CGG	CTG	GT	0.56062	0.00523	0.00683	-0.56062	0.00915	0.00683
CGG	CCG	GC	1.07202	0.00470	0.00766	-1.07202	0.01373	0.00766
CGG	CAG	GA	1.14059	0.00783	0.01312	-1.14059	0.02448	0.01312
CGG	CGT	GT	0.78376	0.00523	0.00754	-0.78376	0.01144	0.00754
CGG	CGC	GC	-0.43206	0.00470	0.00376	0.43206	0.00305	0.00376
CGG	CGA	GA	0.35214	0.00783	0.00928	-0.35214	0.01113	0.00928
ATT	TTT	AT	0.20848	0.01161	0.01286	-0.20848	0.01430	0.01286
ATT	CTT	AC	0.02674	0.01044	0.01058	-0.02674	0.01073	0.01058
ATC	TTC	AT	0.16592	0.01161	0.01260	-0.16592	0.01371	0.01260
ATC	CTC	AC	-0.78420	0.01044	0.00688	0.78420	0.00477	0.00688
ATC	ATT	CT	-0.10594	0.01694	0.01606	0.10594	0.01524	0.01606
ATA	TTA	AT	0.02616	0.00697	0.00706	-0.02616	0.00715	0.00706
ATA	CTA	AC	0.04508	0.00627	0.00641	-0.04508	0.00656	0.00641
ATA	ATT	AT	0.53698	0.00697	0.00900	-0.53698	0.01192	0.00900
ATA	ATC	AC	0.64292	0.00627	0.00850	-0.64292	0.01192	0.00850
ATG	TTG	AT	-0.14569	0.02206	0.02049	0.14569	0.01907	0.02049
ATG	CTG	AC	-1.02058	0.01984	0.01141	1.02058	0.00715	0.01141
ATG	ATT	GT	-0.36892	0.02206	0.01824	0.36892	0.01526	0.01824
ATG	ATC	GC	-0.26298	0.01984	0.01735	0.26298	0.01526	0.01735
ATG	ATA	GA	-0.90590	0.03304	0.02031	0.90590	0.01335	0.02031
ACT	TCT	AT	-0.24577	0.01219	0.01076	0.24577	0.00954	0.01076
ACT	CCT	AC	0.13210	0.01097	0.01171	-0.13210	0.01252	0.01171
ACT	ATT	CT	-0.15473	0.01779	0.01645	0.15473	0.01524	0.01645
ACC	TCC	AT	0.33631	0.00639	0.00752	-0.33631	0.00894	0.00752
ACC	CCC	AC	-1.16719	0.00574	0.00303	1.16719	0.00179	0.00303
ACC	ATC	CT	0.49190	0.00932	0.01180	-0.49190	0.01524	0.01180
ACC	ACT	CT	0.54069	0.00932	0.01206	-0.54069	0.01600	0.01206
ACA	TCA	AT	-0.10737	0.00929	0.00880	0.10737	0.00834	0.00880
ACA	CCA	AC	0.13210	0.00836	0.00892	-0.13210	0.00954	0.00892
ACA	ATA	CT	-0.39362	0.01355	0.01106	0.39362	0.00914	0.01106
ACA	ACT	AT	0.29809	0.00929	0.01074	-0.29809	0.01252	0.01074
ACA	ACC	AC	-0.24260	0.00836	0.00738	0.24260	0.00656	0.00738
ACG	TCG	AT	-0.17451	0.01277	0.01169	0.17451	0.01073	0.01169
ACG	CCG	AC	-0.06858	0.01149	0.01110	0.06858	0.01073	0.01110
ACG	ATG	CT	0.44061	0.01864	0.02304	-0.44061	0.02895	0.02304
ACG	ACT	GT	0.22641	0.01277	0.01427	-0.22641	0.01602	0.01427
ACG	ACC	GC	-0.31428	0.01149	0.00978	0.31428	0.00839	0.00978
ACG	ACA	GA	-0.07168	0.01913	0.01845	0.07168	0.01781	0.01845
AAT	TAT	AT	-0.74110	0.01626	0.01097	0.74110	0.00775	0.01097
AAT	CAT	AC	-0.42752	0.01462	0.01172	0.42752	0.00954	0.01172
AAT	ATT	AT	-0.31031	0.01626	0.01386	0.31031	0.01192	0.01386
AAT	ACT	AC	-0.15559	0.01462	0.01351	0.15559	0.01252	0.01351
AAC	TAC	AT	-0.47028	0.01335	0.01046	0.47028	0.00834	0.01046
AAC	CAC	AC	-0.92396	0.01201	0.00730	0.92396	0.00477	0.00730
AAC	ATC	AT	-0.11360	0.01335	0.01261	0.11360	0.01192	0.01261
AAC	ACC	AC	-0.60550	0.01201	0.00874	0.60550	0.00656	0.00874
AAC	AAT	CT	0.09077	0.01948	0.02038	-0.09077	0.02133	0.02038
AAA	CAA	AC	-0.73290	0.01984	0.01345	0.73290	0.00954	0.01345
AAA	ATA	AT	-1.12652	0.02206	0.01192	1.12652	0.00715	0.01192
AAA	ACA	AC	-0.73290	0.01984	0.01345	0.73290	0.00954	0.01345
AAA	AAT	AT	-0.27922	0.02206	0.01913	0.27922	0.01669	0.01913
AAA	AAC	AC	-0.37000	0.01984	0.01640	0.37000	0.01371	0.01640
AAG	CAG	AC	-0.85440	0.03081	0.01950	0.85440	0.01311	0.01950
AAG	ATG	AT	-0.41379	0.03425	0.02765	0.41379	0.02265	0.02765
AAG	ACG	AC	-0.85440	0.03081	0.01950	0.85440	0.01311	0.01950
AAG	AAT	GT	-0.47240	0.03425	0.02680	0.47240	0.02136	0.02680
AAG	AAC	GC	-0.56317	0.03081	0.02295	0.56317	0.01754	0.02295
AAG	AAA	GA	-0.19318	0.05130	0.04651	0.19318	0.04229	0.04651
AGT	TGT	AT	-0.97714	0.01742	0.01027	0.97714	0.00656	0.01027
AGT	CGT	AC	-0.56105	0.01567	0.01168	0.56105	0.00894	0.01168
AGT	ATT	GT	-0.13253	0.01742	0.01629	0.13253	0.01526	0.01629
AGT	ACT	GC	0.02220	0.01567	0.01584	-0.02220	0.01602	0.01584
AGT	AAT	GA	0.17778	0.02609	0.02847	-0.17778	0.03116	0.02847
AGC	TGC	AT	-0.19698	0.00581	0.00525	0.19698	0.00477	0.00525
AGC	CGC	AC	-0.78420	0.00522	0.00344	0.78420	0.00238	0.00344
AGC	ATC	GT	0.96608	0.00581	0.00905	-0.96608	0.01526	0.00905
AGC	ACC	GC	0.47418	0.00522	0.00656	-0.47418	0.00839	0.00656
AGC	AAC	GA	1.07968	0.00870	0.01422	-1.07968	0.02560	0.01422
AGC	AGT	CT	0.99268	0.00847	0.01336	-0.99268	0.02286	0.01336
AGA	CGA	AC	-1.27889	0.02141	0.01056	1.27889	0.00596	0.01056
AGA	ATA	GT	-0.95573	0.02380	0.01421	0.95573	0.00915	0.01421
AGA	ACA	GC	-0.56211	0.02141	0.01595	0.56211	0.01220	0.01595
AGA	AAA	GA	0.17079	0.03565	0.03878	-0.17079	0.04229	0.03878
AGA	AGT	AT	-0.28622	0.02380	0.02056	0.28622	0.01788	0.02056
AGA	AGC	AC	-1.27889	0.02141	0.01056	1.27889	0.00596	0.01056
AGG	TGG	AT	-1.18686	0.02148	0.01120	1.18686	0.00656	0.01120
AGG	CGG	AC	-1.28160	0.01932	0.00952	1.28160	0.00536	0.00952
AGG	ATG	GT	0.29960	0.02148	0.02486	-0.29960	0.02899	0.02486
AGG	ACG	GC	-0.14101	0.01932	0.01799	0.14101	0.01678	0.01799
AGG	AAG	GA	0.71339	0.03217	0.04500	-0.71339	0.06566	0.04500
AGG	AGT	GT	0.06321	0.02148	0.02217	-0.06321	0.02288	0.02217
AGG	AGC	GC	-0.92946	0.01932	0.01171	0.92946	0.00763	0.01171
AGG	AGA	GA	0.34943	0.03217	0.03812	-0.34943	0.04563	0.03812
GTT	TTT	GT	-0.28668	0.02438	0.02106	0.28668	0.01831	0.02106
GTT	CTT	GC	-0.46843	0.02193	0.01720	0.46843	0.01373	0.01720
GTT	ATT	GA	-0.49516	0.03652	0.02822	0.49516	0.02226	0.02822
GTC	TTC	GT	1.21120	0.00523	0.00901	-1.21120	0.01754	0.00901
GTC	CTC	GC	0.26109	0.00470	0.00534	-0.26109	0.00610	0.00534
GTC	ATC	GA	1.04528	0.00783	0.01262	-1.04528	0.02226	0.01262
GTC	GTT	CT	1.43451	0.00762	0.01436	-1.43451	0.03200	0.01436
GTA	TTA	GT	0.35994	0.00639	0.00760	-0.35994	0.00915	0.00760
GTA	CTA	GC	0.37887	0.00574	0.00690	-0.37887	0.00839	0.00690
GTA	ATA	GA	0.33379	0.00956	0.01125	-0.33379	0.01335	0.01125
GTA	GTT	AT	1.36593	0.00639	0.01171	-1.36593	0.02503	0.01171
GTA	GTC	AC	-0.06858	0.00574	0.00555	0.06858	0.00536	0.00555
GTG	TTG	GT	0.15515	0.02090	0.02256	-0.15515	0.02441	0.02256
GTG	CTG	GC	-0.71974	0.01880	0.01284	0.71974	0.00915	0.01284
GTG	ATG	GA	0.30084	0.03130	0.03625	-0.30084	0.04229	0.03625
GTG	GTT	GT	0.42708	0.02090	0.02568	-0.42708	0.03204	0.02568
GTG	GTC	GC	-1.00742	0.01880	0.01089	1.00742	0.00686	0.01089
GTG	GTA	GA	-0.93885	0.03130	0.01887	0.93885	0.01224	0.01887
GCT	TCT	GT	-0.32177	0.01684	0.01427	0.32177	0.01220	0.01427
GCT	CCT	GC	0.05610	0.01514	0.01557	-0.05610	0.01602	0.01557
GCT	ACT	GA	-0.07600	0.02522	0.02427	0.07600	0.02337	0.02427
GCT	GTT	CT	0.26444	0.02457	0.02796	-0.26444	0.03200	0.02796
GCC	TCC	GT	1.03507	0.00406	0.00652	-1.03507	0.01144	0.00652
GCC	CCC	GC	-0.46843	0.00366	0.00287	0.46843	0.00229	0.00287
GCC	ACC	GA	0.69876	0.00609	0.00846	-0.69876	0.01224	0.00846
GCC	GTC	CT	0.14538	0.00593	0.00637	-0.14538	0.00686	0.00637
GCC	GCT	CT	1.31545	0.00593	0.01066	-1.31545	0.02210	0.01066
GCA	TCA	GT	0.42708	0.00697	0.00856	-0.42708	0.01068	0.00856
GCA	CCA	GC	0.66655	0.00627	0.00859	-0.66655	0.01220	0.00859
GCA	ACA	GA	0.53446	0.01043	0.01347	-0.53446	0.01781	0.01347
GCA	GTA	CT	-0.19295	0.01016	0.00922	0.19295	0.00838	0.00922
GCA	GCT	AT	0.90855	0.00697	0.01060	-0.90855	0.01728	0.01060
GCA	GCC	AC	-0.40690	0.00627	0.00508	0.40690	0.00417	0.00508
GCG	TCG	GT	0.96608	0.00523	0.00815	-0.96608	0.01373	0.00815
GCG	CCG	GC	1.07202	0.00470	0.00766	-1.07202	0.01373	0.00766
GCG	ACG	GA	1.14059	0.00783	0.01312	-1.14059	0.02448	0.01312
GCG	GTG	CT	1.28036	0.00762	0.01352	-1.28036	0.02743	0.01352
GCG	GCT	GT	1.44300	0.00523	0.00987	-1.44300	0.02212	0.00987
GCG	GCC	GC	0.12756	0.00470	0.00501	-0.12756	0.00534	0.00501
GCG	GCA	GA	0.53446	0.00783	0.01010	-0.53446	0.01335	0.01010
GAT	TAT	GT	-1.22256	0.03367	0.01718	1.22256	0.00992	0.01718
GAT	CAT	GC	-0.90898	0.03029	0.01858	0.90898	0.01220	0.01858
GAT	AAT	GA	-0.48146	0.05043	0.03926	0.48146	0.03116	0.03926
GAT	GTT	AT	-0.29661	0.03367	0.02893	0.29661	0.02503	0.02893
GAT	GCT	AC	-0.56105	0.03029	0.02258	0.56105	0.01728	0.02258
GAC	TAC	GT	-0.42021	0.01626	0.01308	0.42021	0.01068	0.01308
GAC	CAC	GC	-0.87389	0.01462	0.00915	0.87389	0.00610	0.00915
GAC	AAC	GA	0.05006	0.02435	0.02496	-0.05006	0.02560	0.02496
GAC	GTC	AT	-1.10882	0.01626	0.00888	1.10882	0.00536	0.00888
GAC	GCC	AC	-1.25420	0.01462	0.00732	1.25420	0.00417	0.00732
GAC	GAT	CT	0.62230	0.02372	0.03186	-0.62230	0.04419	0.03186
GAA	CAA	GC	-0.92608	0.03081	0.01872	0.92608	0.01220	0.01872
GAA	AAA	GA	-0.19318	0.05130	0.04651	0.19318	0.04229	0.04651
GAA	GTA	AT	-1.65348	0.03425	0.01341	1.65348	0.00656	0.01341
GAA	GCA	AC	-1.46054	0.03081	0.01360	1.46054	0.00715	0.01360
GAA	GAT	AT	0.00906	0.03425	0.03441	-0.00906	0.03457	0.03441
GAA	GAC	AC	-0.61324	0.03081	0.02232	0.61324	0.01669	0.02232
GAG	CAG	GC	-0.99600	0.04543	0.02650	0.99600	0.01678	0.02650
GAG	AAG	GA	-0.14160	0.07565	0.07042	0.14160	0.06566	0.07042
GAG	GTG	AT	-0.85623	0.05051	0.03194	0.85623	0.02145	0.03194
GAG	GCG	AC	-2.13659	0.04543	0.01299	2.13659	0.00536	0.01299
GAG	GAT	GT	-0.13253	0.05051	0.04724	0.13253	0.04424	0.04724
GAG	GAC	GC	-0.75483	0.04543	0.03042	0.75483	0.02136	0.03042
GAG	GAA	GA	-0.14160	0.07565	0.07042	0.14160	0.06566	0.07042
GGT	TGT	GT	-0.21954	0.01045	0.00935	0.21954	0.00839	0.00935
GGT	CGT	GC	0.19655	0.00940	0.01035	-0.19655	0.01144	0.01035
GGT	AGT	GA	0.75760	0.01565	0.02232	-0.75760	0.03339	0.02232
GGT	GTT	GT	1.12023	0.01045	0.01737	-1.12023	0.03204	0.01737
GGT	GCT	GC	0.85579	0.00940	0.01399	-0.85579	0.02212	0.01399
GGT	GAT	GA	1.41685	0.01565	0.02927	-1.41685	0.06455	0.02927
GGC	TGC	GT	0.27293	0.00464	0.00531	-0.27293	0.00610	0.00531
GGC	CGC	GC	-0.31428	0.00418	0.00356	0.31428	0.00305	0.00356
GGC	AGC	GA	0.46992	0.00696	0.00872	-0.46992	0.01113	0.00872
GGC	GTC	GT	0.39072	0.00464	0.00561	-0.39072	0.00686	0.00561
GGC	GCC	GC	0.24534	0.00418	0.00471	-0.24534	0.00534	0.00471
GGC	GAC	GA	1.49954	0.00696	0.01343	-1.49954	0.03116	0.01343
GGC	GGT	CT	0.70499	0.00678	0.00944	-0.70499	0.01371	0.00944
GGA	CGA	GC	-1.03212	0.02141	0.01223	1.03212	0.00763	0.01223
GGA	AGA	GA	0.24677	0.03565	0.04023	-0.24677	0.04563	0.04023
GGA	GTA	GT	-1.04274	0.02380	0.01351	1.04274	0.00839	0.01351
GGA	GCA	GC	-0.84980	0.02141	0.01359	0.84980	0.00915	0.01359
GGA	GAA	GA	0.61074	0.03565	0.04764	-0.61074	0.06566	0.04764
GGA	GGT	AT	-0.79704	0.02380	0.01556	0.79704	0.01073	0.01556
GGA	GGC	AC	-1.50203	0.02141	0.00921	1.50203	0.00477	0.00921
GGG	TGG	GT	0.10588	0.00755	0.00795	-0.10588	0.00839	0.00795
GGG	CGG	GC	0.01115	0.00679	0.00683	-0.01115	0.00686	0.00683
GGG	AGG	GA	1.29274	0.01130	0.02014	-1.29274	0.04118	0.02014
GGG	GTG	GT	1.29150	0.00755	0.01344	-1.29150	0.02746	0.01344
GGG	GCG	GC	0.01115	0.00679	0.00683	-0.01115	0.00686	0.00683
GGG	GAG	GA	2.14773	0.01130	0.02749	-2.14773	0.09682	0.02749
GGG	GGT	GT	0.59836	0.00755	0.01003	-0.59836	0.01373	0.01003
GGG	GGC	GC	-0.10664	0.00679	0.00643	0.10664	0.00610	0.00643
GGG	GGA	GA	1.39540	0.01130	0.02097	-1.39540	0.04563	0.02097


Histograms
2Ns	FMut	FSub(CodonUsage)	FSubw(after w)

-2.04546	0.01783	0.00550
-1.84091	0.00201	0.00076
-1.63637	0.00534	0.00230
-1.43182	0.03986	0.01946
-1.22728	0.04680	0.02563
-1.02273	0.06432	0.04044
-0.81818	0.07805	0.05487
-0.61364	0.07482	0.05886
-0.40909	0.09667	0.08479
-0.20455	0.15590	0.15296
0.00000	0.10047	0.10888
0.20455	0.12823	0.15296
0.40909	0.06422	0.08479
0.61364	0.04067	0.05886
0.81818	0.03469	0.05487
1.02273	0.02354	0.04044
1.22728	0.01356	0.02563
1.43182	0.00956	0.01946
1.63637	0.00105	0.00230
1.84091	0.00032	0.00076
2.04546	0.00209	0.00550

Proportion of advantageous (S > 0) mutations:
 0.36698

Proportions of good & bad mutations (|S| > 2.0000) among mutations:
0.00209  0.01783

mean |Ns| = 0.57935	mean Ns+ = 0.45463	mean Ns- = -0.65165


MLEs of dN/dS (w) for site classes (K=4)

site class             0        1       2a       2b
proportion       0.60768  0.29913  0.06245  0.03074
background w     0.12887  1.00000  0.12887  1.00000
foreground w     0.12887  1.00000  1.00000  1.00000

Naive Empirical Bayes (NEB) probabilities for 4 classes
(amino acids refer to 1st sequence: AT2G33500_AT2G33500.1_Athaliana_Araport11)

   1 S   0.46019 0.44662 0.04729 0.04590 ( 1)
   2 N   0.89202 0.01479 0.09167 0.00152 ( 1)
   3 E   0.72389 0.18292 0.07439 0.01880 ( 1)
   4 L   0.87026 0.03655 0.08944 0.00376 ( 1)
   5 I   0.89538 0.01143 0.09202 0.00117 ( 1)
   6 V   0.86907 0.03773 0.08931 0.00388 ( 1)
   7 P   0.77557 0.13124 0.07970 0.01349 ( 1)
   8 Y   0.01957 0.88723 0.00201 0.09118 ( 2)
   9 D   0.87840 0.02841 0.09027 0.00292 ( 1)
  10 V   0.20905 0.69776 0.02148 0.07171 ( 2)
  11 S   0.32501 0.58180 0.03340 0.05979 ( 2)
  12 C   0.07945 0.82736 0.00816 0.08503 ( 2)
  13 K   0.87140 0.03540 0.08955 0.00364 ( 1)
  14 K   0.78426 0.12254 0.08060 0.01259 ( 1)
  15 Q   0.57933 0.32748 0.05954 0.03365 ( 1)
  16 S   0.07317 0.83364 0.00752 0.08567 ( 2)
  17 F   0.19432 0.71249 0.01997 0.07322 ( 2)
  18 S   0.79583 0.11098 0.08179 0.01141 ( 1)
  19 F   0.74549 0.16132 0.07661 0.01658 ( 1)
  20 G   0.89320 0.01361 0.09179 0.00140 ( 1)
  21 R   0.73426 0.17255 0.07546 0.01773 ( 1)
  22 S   0.71128 0.19552 0.07310 0.02009 ( 1)
  23 K   0.67226 0.09788 0.21980 0.01006 ( 1)
  24 Q   0.03667 0.87132 0.00247 0.08954 ( 2)
  25 V   0.00117 0.90318 0.00283 0.09282 ( 2)
  26 V   0.12976 0.77764 0.01269 0.07992 ( 2)
  27 F   0.96078 0.00114 0.03796 0.00012 ( 1)
  28 E   0.01527 0.89255 0.00046 0.09173 ( 2)
  29 Q   0.85039 0.09701 0.04263 0.00997 ( 1)
  30 L   0.95305 0.00003 0.04692 0.00000 ( 1)
  31 E   0.17787 0.72894 0.01828 0.07491 ( 2)
  32 L   0.22545 0.68135 0.02317 0.07002 ( 2)
  33 L   0.88274 0.02407 0.09072 0.00247 ( 1)
  34 K   0.13755 0.76926 0.01414 0.07906 ( 2)
  35 R   0.67584 0.23096 0.06946 0.02374 ( 1)
  36 G   0.40646 0.50035 0.04177 0.05142 ( 2)
  37 F   0.69358 0.21322 0.07128 0.02191 ( 1)
  38 V   0.57583 0.33098 0.05918 0.03401 ( 1)
  39 E   0.03991 0.86690 0.00410 0.08909 ( 2)
  40 G   0.30197 0.60484 0.03103 0.06216 ( 2)
  41 E   0.93802 0.01386 0.04670 0.00142 ( 1)
  42 G   0.94902 0.00418 0.04637 0.00043 ( 1)
  43 E   0.86130 0.04919 0.08446 0.00506 ( 1)
  44 I   0.79533 0.00575 0.19833 0.00059 ( 1)
  45 M   0.01806 0.88987 0.00061 0.09145 ( 2)
  46 V   0.61323 0.04496 0.33720 0.00462 ( 1)
  47 P   0.86130 0.07900 0.05158 0.00812 ( 1)
  48 E   0.54052 0.39280 0.02631 0.04037 ( 1)
  49 -   0.03223 0.87632 0.00138 0.09006 ( 2)
  50 -   0.09112 0.81980 0.00483 0.08425 ( 2)
  51 -   0.03204 0.87110 0.00735 0.08952 ( 2)
  52 -   0.92993 0.01426 0.05434 0.00147 ( 1)
  53 -   0.95159 0.00656 0.04118 0.00067 ( 1)
  54 -   0.77937 0.17260 0.03029 0.01774 ( 1)
  55 -   0.70817 0.07041 0.21419 0.00724 ( 1)
  56 -   0.00643 0.89957 0.00155 0.09245 ( 2)
  57 -   0.94818 0.00461 0.04674 0.00047 ( 1)
  58 -   0.94949 0.00305 0.04714 0.00031 ( 1)
  59 -   0.94737 0.00516 0.04693 0.00053 ( 1)
  60 -   0.11189 0.75614 0.05425 0.07771 ( 2)
  61 -   0.68877 0.11657 0.18268 0.01198 ( 1)
  62 -   0.59861 0.14896 0.23712 0.01531 ( 1)
  63 -   0.73085 0.00102 0.26803 0.00010 ( 1)
  64 I   0.91905 0.03078 0.04700 0.00316 ( 1)
  65 S   0.00062 0.90298 0.00360 0.09280 ( 2)
  66 Q   0.94094 0.00210 0.05675 0.00022 ( 1)
  67 Q   0.96111 0.00005 0.03883 0.00001 ( 1)
  68 W   0.63758 0.13508 0.21345 0.01388 ( 1)
  69 N   0.41812 0.48954 0.04204 0.05031 ( 2)
  70 A   0.96195 0.00240 0.03540 0.00025 ( 1)
  71 -   0.00173 0.90404 0.00133 0.09291 ( 2)
  72 -   0.49214 0.25024 0.23190 0.02572 ( 1)
  73 T   0.88106 0.02574 0.09055 0.00265 ( 1)
  74 N   0.88671 0.02010 0.09113 0.00207 ( 1)
  75 H   0.58918 0.31763 0.06055 0.03264 ( 1)
  76 S   0.25955 0.64726 0.02667 0.06652 ( 2)
  77 D   0.87469 0.03212 0.08989 0.00330 ( 1)
  78 F   0.89016 0.01665 0.09148 0.00171 ( 1)
  79 N   0.89331 0.01349 0.09181 0.00139 ( 1)
  80 L   0.90144 0.00537 0.09264 0.00055 ( 1)
  81 G   0.41171 0.49510 0.04231 0.05088 ( 2)
  82 Q   0.83811 0.06870 0.08613 0.00706 ( 1)
  83 S   0.68278 0.04846 0.26377 0.00498 ( 1)
  84 R   0.08953 0.82078 0.00534 0.08435 ( 2)
  85 N   0.00159 0.90495 0.00046 0.09300 ( 2)
  86 P   0.88143 0.02538 0.09058 0.00261 ( 1)
  87 D   0.46910 0.43771 0.04821 0.04498 ( 1)
  88 E   0.21957 0.68724 0.02256 0.07063 ( 2)
  89 P   0.06418 0.84263 0.00660 0.08660 ( 2)
  90 S   0.44552 0.46128 0.04579 0.04741 ( 2)
  91 P   0.49739 0.40941 0.05112 0.04208 ( 1)
  92 E   0.58301 0.32379 0.05992 0.03328 ( 1)
  93 D   0.19487 0.71194 0.02003 0.07317 ( 2)
  94 S   0.65793 0.24888 0.06761 0.02558 ( 1)
  95 V   0.13133 0.77548 0.01350 0.07970 ( 2)
  96 H   0.04080 0.86600 0.00419 0.08900 ( 2)
  97 I   0.05347 0.85334 0.00549 0.08770 ( 2)
  98 P   0.88364 0.02317 0.09081 0.00238 ( 1)
  99 A   0.12671 0.78010 0.01302 0.08017 ( 2)
 100 D   0.07123 0.83558 0.00732 0.08587 ( 2)
 101 S   0.28806 0.61875 0.02960 0.06359 ( 2)
 102 C   0.82761 0.07920 0.08505 0.00814 ( 1)
 103 G   0.03965 0.86716 0.00407 0.08912 ( 2)
 104 L   0.09148 0.81533 0.00940 0.08379 ( 2)
 105 H   0.80900 0.09781 0.08314 0.01005 ( 1)
 106 C   0.81031 0.09649 0.08328 0.00992 ( 1)
 107 T   0.29386 0.61294 0.03020 0.06299 ( 2)
 108 E   0.84803 0.05878 0.08715 0.00604 ( 1)
 109 H   0.00679 0.89912 0.00169 0.09240 ( 2)
 110 I   0.73901 0.00856 0.25155 0.00088 ( 1)
 111 -   0.96120 0.00336 0.03510 0.00035 ( 1)
 112 -   0.07788 0.81623 0.02200 0.08388 ( 2)
 113 -   0.07049 0.83551 0.00814 0.08586 ( 2)
 114 -   0.22395 0.69510 0.00952 0.07143 ( 2)
 115 -   0.63737 0.13819 0.21023 0.01420 ( 1)
 116 -   0.94247 0.01900 0.03657 0.00195 ( 1)
 117 -   0.62468 0.15723 0.20194 0.01616 ( 1)
 118 -   0.65551 0.28361 0.03173 0.02915 ( 1)
 119 -   0.92619 0.02523 0.04598 0.00259 ( 1)
 120 -   0.28692 0.63453 0.01334 0.06521 ( 2)
 121 -   0.93493 0.02387 0.03875 0.00245 ( 1)
 122 -   0.95373 0.01040 0.03481 0.00107 ( 1)
 123 -   0.71186 0.22010 0.04542 0.02262 ( 1)
 124 -   0.93720 0.01788 0.04308 0.00184 ( 1)
 125 -   0.29445 0.42390 0.23809 0.04356 ( 2)
 126 -   0.23488 0.60791 0.09473 0.06247 ( 2)
 127 -   0.81588 0.13036 0.04037 0.01340 ( 1)
 128 -   0.70603 0.20808 0.06451 0.02138 ( 1)
 129 -   0.35130 0.57310 0.01670 0.05890 ( 2)
 130 -   0.94170 0.01767 0.03882 0.00182 ( 1)
 131 -   0.92372 0.02784 0.04557 0.00286 ( 1)
 132 -   0.88612 0.05538 0.05281 0.00569 ( 1)
 133 -   0.82680 0.12390 0.03657 0.01273 ( 1)
 134 -   0.92175 0.03080 0.04428 0.00317 ( 1)
 135 -   0.94335 0.01556 0.03949 0.00160 ( 1)
 136 -   0.14291 0.72754 0.05477 0.07477 ( 2)
 137 -   0.09402 0.80870 0.01417 0.08311 ( 2)
 138 -   0.88619 0.05651 0.05149 0.00581 ( 1)
 139 -   0.69209 0.24121 0.04190 0.02479 ( 1)
 140 -   0.92830 0.02342 0.04588 0.00241 ( 1)
 141 -   0.87090 0.09281 0.02675 0.00954 ( 1)
 142 -   0.92152 0.03043 0.04492 0.00313 ( 1)
 143 -   0.13420 0.77028 0.01637 0.07916 ( 2)
 144 -   0.63024 0.14069 0.21460 0.01446 ( 1)
 145 -   0.92087 0.03089 0.04507 0.00317 ( 1)
 146 -   0.20633 0.71101 0.00958 0.07307 ( 2)
 147 -   0.22839 0.68750 0.01345 0.07065 ( 2)
 148 -   0.84439 0.10538 0.03940 0.01083 ( 1)
 149 -   0.42637 0.37111 0.16438 0.03814 ( 1)
 150 -   0.89612 0.01069 0.09209 0.00110 ( 1)
 151 -   0.55509 0.35171 0.05705 0.03615 ( 1)
 152 A   0.72936 0.20310 0.04667 0.02087 ( 1)
 153 I   0.37634 0.38587 0.19813 0.03966 ( 2)
 154 T   0.78742 0.14603 0.05154 0.01501 ( 1)
 155 S   0.93478 0.01309 0.05078 0.00135 ( 1)
 156 T   0.80096 0.13610 0.04895 0.01399 ( 1)
 157 R   0.11195 0.60948 0.21594 0.06264 ( 2)
 158 L   0.00532 0.90060 0.00153 0.09255 ( 2)
 159 V   0.91656 0.00556 0.07731 0.00057 ( 1)
 160 A   0.66221 0.15948 0.16192 0.01639 ( 1)
 161 V   0.00115 0.90513 0.00070 0.09302 ( 2)
 162 T   0.62011 0.28631 0.06416 0.02942 ( 1)
 163 -   0.51499 0.19906 0.26549 0.02046 ( 1)
 164 -   0.06711 0.82586 0.02215 0.08487 ( 2)
 165 -   0.45097 0.47722 0.02277 0.04904 ( 2)
 166 -   0.03814 0.85053 0.02392 0.08741 ( 2)
 167 -   0.92988 0.02461 0.04298 0.00253 ( 1)
 168 -   0.04471 0.85917 0.00783 0.08830 ( 2)
 169 -   0.59659 0.17086 0.21499 0.01756 ( 1)
 170 -   0.43903 0.48882 0.02192 0.05024 ( 2)
 171 -   0.53733 0.24263 0.19510 0.02494 ( 1)
 172 -   0.90091 0.04544 0.04898 0.00467 ( 1)
 173 -   0.52912 0.26214 0.18180 0.02694 ( 1)
 174 -   0.73825 0.20620 0.03436 0.02119 ( 1)
 175 N   0.48441 0.45119 0.01804 0.04637 ( 1)
 176 A   0.87256 0.07773 0.04172 0.00799 ( 1)
 177 D   0.95236 0.01228 0.03410 0.00126 ( 1)
 178 L   0.42033 0.50550 0.02222 0.05195 ( 2)
 179 E   0.94224 0.00048 0.05722 0.00005 ( 1)
 180 R   0.86736 0.03945 0.08914 0.00405 ( 1)
 181 D   0.00190 0.90373 0.00150 0.09288 ( 2)
 182 N   0.01547 0.89217 0.00068 0.09169 ( 2)
 183 -   0.84752 0.10245 0.03951 0.01053 ( 1)
 184 -   0.71186 0.22010 0.04542 0.02262 ( 1)
 185 -   0.69341 0.23810 0.04402 0.02447 ( 1)
 186 -   0.22682 0.61162 0.09870 0.06286 ( 2)
 187 -   0.03449 0.85839 0.01890 0.08822 ( 2)
 188 -   0.54888 0.21134 0.21806 0.02172 ( 1)
 189 -   0.31805 0.56432 0.05964 0.05800 ( 2)
 190 -   0.06912 0.82671 0.01920 0.08496 ( 2)
 191 -   0.92151 0.03455 0.04039 0.00355 ( 1)
 192 -   0.56138 0.37751 0.02232 0.03880 ( 1)
 193 -   0.93523 0.02186 0.04066 0.00225 ( 1)
 194 -   0.91240 0.03590 0.04801 0.00369 ( 1)
 195 -   0.91609 0.03157 0.04909 0.00324 ( 1)
 196 -   0.67799 0.23662 0.06107 0.02432 ( 1)
 197 -   0.96035 0.00641 0.03258 0.00066 ( 1)
 198 -   0.25955 0.62809 0.04781 0.06455 ( 2)
 199 A   0.94574 0.00019 0.05405 0.00002 ( 1)
 200 M   0.95840 0.00194 0.03946 0.00020 ( 1)
 201 -   0.95705 0.01015 0.03176 0.00104 ( 1)
 202 -   0.27707 0.64124 0.01579 0.06590 ( 2)
 203 -   0.83989 0.11124 0.03744 0.01143 ( 1)
 204 -   0.96456 0.00391 0.03114 0.00040 ( 1)
 205 -   0.62671 0.30728 0.03442 0.03158 ( 1)
 206 -   0.57923 0.36101 0.02266 0.03710 ( 1)
 207 Q   0.95427 0.00789 0.03703 0.00081 ( 1)
 208 -   0.81930 0.14032 0.02596 0.01442 ( 1)
 209 -   0.11872 0.50888 0.32010 0.05230 ( 2)
 210 -   0.94939 0.00319 0.04709 0.00033 ( 1)
 211 -   0.96456 0.00391 0.03114 0.00040 ( 1)
 212 -   0.15816 0.73160 0.03505 0.07519 ( 2)
 213 -   0.35514 0.50699 0.08577 0.05210 ( 2)
 214 -   0.61166 0.17670 0.19348 0.01816 ( 1)
 215 -   0.12899 0.78089 0.00987 0.08025 ( 2)
 216 -   0.28629 0.63336 0.01526 0.06509 ( 2)
 217 -   0.60042 0.16237 0.22053 0.01669 ( 1)
 218 -   0.89391 0.05197 0.04878 0.00534 ( 1)
 219 -   0.12471 0.71742 0.08414 0.07373 ( 2)
 220 -   0.16961 0.74596 0.00777 0.07666 ( 2)
 221 -   0.47120 0.41506 0.07109 0.04266 ( 1)
 222 -   0.74816 0.19860 0.03283 0.02041 ( 1)
 223 -   0.37156 0.47303 0.10680 0.04861 ( 2)
 224 -   0.03986 0.80195 0.07577 0.08242 ( 2)
 225 -   0.88394 0.07021 0.03863 0.00722 ( 1)
 226 -   0.15306 0.68432 0.09229 0.07033 ( 2)
 227 -   0.92641 0.02480 0.04624 0.00255 ( 1)
 228 -   0.29046 0.61474 0.03162 0.06318 ( 2)
 229 -   0.05823 0.83920 0.01633 0.08624 ( 2)
 230 -   0.86604 0.09177 0.03276 0.00943 ( 1)
 231 -   0.67144 0.25034 0.05250 0.02573 ( 1)
 232 -   0.12304 0.78811 0.00786 0.08099 ( 2)
 233 -   0.79585 0.13118 0.05949 0.01348 ( 1)
 234 -   0.62629 0.30763 0.03447 0.03162 ( 1)
 235 -   0.57341 0.19326 0.21347 0.01986 ( 1)
 236 -   0.12471 0.78629 0.00819 0.08081 ( 2)
 237 -   0.03164 0.86495 0.01451 0.08889 ( 2)
 238 -   0.13528 0.41246 0.40987 0.04239 ( 2)
 239 -   0.92313 0.04417 0.02816 0.00454 ( 1)
 240 -   0.75010 0.06686 0.17617 0.00687 ( 1)
 241 -   0.29386 0.56055 0.08798 0.05761 ( 2)
 242 -   0.12807 0.76716 0.02592 0.07884 ( 2)
 243 -   0.01924 0.88445 0.00542 0.09089 ( 2)
 244 -   0.03882 0.80868 0.06939 0.08311 ( 2)
 245 -   0.94897 0.01548 0.03396 0.00159 ( 1)
 246 -   0.11532 0.46081 0.37651 0.04736 ( 2)
 247 -   0.71589 0.22080 0.04062 0.02269 ( 1)
 248 -   0.35421 0.57356 0.01329 0.05894 ( 2)
 249 -   0.92629 0.02794 0.04290 0.00287 ( 1)
 250 -   0.91646 0.03036 0.05006 0.00312 ( 1)
 251 -   0.85086 0.09629 0.04295 0.00990 ( 1)
 252 -   0.94309 0.00665 0.04958 0.00068 ( 1)
 253 -   0.92697 0.01535 0.05611 0.00158 ( 1)
 254 -   0.95589 0.00146 0.04249 0.00015 ( 1)
 255 -   0.94740 0.00538 0.04667 0.00055 ( 1)
 256 -   0.94369 0.00602 0.04968 0.00062 ( 1)
 257 -   0.88263 0.06005 0.05115 0.00617 ( 1)
 258 R   0.94997 0.00007 0.04995 0.00001 ( 1)
 259 Y   0.95956 0.00000 0.04044 0.00000 ( 1)
 260 K   0.93749 0.00760 0.05413 0.00078 ( 1)
 261 E   0.94336 0.00041 0.05618 0.00004 ( 1)
 262 K   0.95361 0.00006 0.04632 0.00001 ( 1)
 263 K   0.95121 0.00467 0.04365 0.00048 ( 1)
 264 K   0.95552 0.00050 0.04393 0.00005 ( 1)
 265 T   0.95634 0.00370 0.03958 0.00038 ( 1)
 266 R   0.95611 0.00004 0.04385 0.00000 ( 1)
 267 R   0.89110 0.05682 0.04625 0.00584 ( 1)
 268 Y   0.95509 0.00006 0.04484 0.00001 ( 1)
 269 D   0.74919 0.19329 0.03766 0.01986 ( 1)
 270 K   0.95439 0.00006 0.04555 0.00001 ( 1)
 271 T   0.86850 0.08153 0.04159 0.00838 ( 1)
 272 I   0.97476 0.00000 0.02524 0.00000 ( 1)
 273 R   0.95388 0.00009 0.04602 0.00001 ( 1)
 274 Y   0.95968 0.00000 0.04032 0.00000 ( 1)
 275 E   0.93986 0.00377 0.05598 0.00039 ( 1)
 276 T   0.90967 0.05365 0.03116 0.00551 ( 1)
 277 R   0.96156 0.00002 0.03842 0.00000 ( 1)
 278 K   0.95693 0.00005 0.04302 0.00000 ( 1)
 279 A   0.90392 0.04418 0.04736 0.00454 ( 1)
 280 R   0.95387 0.01385 0.03086 0.00142 ( 1)
 281 A   0.96824 0.00000 0.03175 0.00000 ( 1)
 282 E   0.93980 0.00384 0.05597 0.00039 ( 1)
 283 T   0.69848 0.24455 0.03183 0.02513 ( 1)
 284 R   0.95193 0.00006 0.04800 0.00001 ( 1)
 285 L   0.94067 0.01288 0.04513 0.00132 ( 1)
 286 R   0.96417 0.00012 0.03571 0.00001 ( 1)
 287 V   0.96133 0.00065 0.03795 0.00007 ( 1)
 288 K   0.95295 0.00382 0.04284 0.00039 ( 1)
 289 G   0.94819 0.00003 0.05177 0.00000 ( 1)
 290 R   0.95144 0.00020 0.04834 0.00002 ( 1)
 291 F   0.95572 0.00001 0.04426 0.00000 ( 1)
 292 V   0.95822 0.00225 0.03930 0.00023 ( 1)
 293 K   0.95439 0.00005 0.04555 0.00001 ( 1)
 294 A   0.94584 0.00401 0.04974 0.00041 ( 1)
 295 T   0.91029 0.04083 0.04469 0.00420 ( 1)
 296 D   0.29404 0.60725 0.03630 0.06241 ( 2)
 297 P   0.59665 0.10819 0.28403 0.01112 ( 1)
 298 -   0.95338 0.01371 0.03149 0.00141 ( 1)
 299 -   0.92028 0.02835 0.04846 0.00291 ( 1)
 300 -   0.00137 0.90375 0.00201 0.09288 ( 2)
 301 -   0.03327 0.86846 0.00902 0.08925 ( 2)


lnL = -4008.496092

Bayes Empirical Bayes (BEB) probabilities for 4 classes (class)
(amino acids refer to 1st sequence: AT2G33500_AT2G33500.1_Athaliana_Araport11)

   1 S   0.55119 0.39865 0.02943 0.02073 ( 1)
   2 N   0.93393 0.01591 0.04934 0.00082 ( 1)
   3 E   0.78308 0.16676 0.04156 0.00860 ( 1)
   4 L   0.91165 0.03819 0.04820 0.00196 ( 1)
   5 I   0.93740 0.01245 0.04952 0.00064 ( 1)
   6 V   0.91100 0.03884 0.04816 0.00199 ( 1)
   7 P   0.83063 0.11921 0.04402 0.00614 ( 1)
   8 Y   0.03505 0.91480 0.00189 0.04827 ( 2)
   9 D   0.92017 0.02967 0.04864 0.00152 ( 1)
  10 V   0.28408 0.66576 0.01526 0.03490 ( 2)
  11 S   0.41782 0.53202 0.02238 0.02778 ( 2)
  12 C   0.12982 0.82002 0.00699 0.04317 ( 2)
  13 K   0.91300 0.03684 0.04827 0.00189 ( 1)
  14 K   0.83674 0.11310 0.04433 0.00582 ( 1)
  15 Q   0.64716 0.30268 0.03447 0.01569 ( 1)
  16 S   0.11927 0.83057 0.00642 0.04373 ( 2)
  17 F   0.26992 0.67992 0.01450 0.03566 ( 2)
  18 S   0.84742 0.10242 0.04489 0.00527 ( 1)
  19 F   0.79972 0.15012 0.04242 0.00774 ( 1)
  20 G   0.93503 0.01481 0.04940 0.00076 ( 1)
  21 R   0.79240 0.15744 0.04204 0.00812 ( 1)
  22 S   0.76976 0.18008 0.04086 0.00929 ( 1)
  23 K   0.79969 0.08241 0.11381 0.00410 ( 1)
  24 Q   0.07997 0.88576 0.00165 0.03261 ( 2)
  25 V   0.00354 0.91816 0.00775 0.07056 ( 2)
  26 V   0.23353 0.71971 0.01005 0.03671 ( 2)
  27 F   0.99169 0.00112 0.00716 0.00002 ( 1)
  28 E   0.03862 0.94343 0.00018 0.01777 ( 2)
  29 Q   0.91344 0.07198 0.01238 0.00220 ( 1)
  30 L   0.98457 0.00004 0.01539 0.00000 ( 1)
  31 E   0.24995 0.69989 0.01343 0.03673 ( 2)
  32 L   0.30620 0.64364 0.01644 0.03372 ( 2)
  33 L   0.92466 0.02518 0.04887 0.00129 ( 1)
  34 K   0.19991 0.74993 0.01075 0.03941 ( 2)
  35 R   0.73939 0.21045 0.03928 0.01087 ( 1)
  36 G   0.50366 0.44618 0.02692 0.02324 ( 1)
  37 F   0.75311 0.19674 0.04000 0.01016 ( 1)
  38 V   0.64872 0.30112 0.03455 0.01561 ( 1)
  39 E   0.06871 0.88113 0.00370 0.04645 ( 2)
  40 G   0.39308 0.55676 0.02107 0.02909 ( 2)
  41 E   0.97413 0.01265 0.01285 0.00037 ( 1)
  42 G   0.98593 0.00391 0.01008 0.00009 ( 1)
  43 E   0.92365 0.04300 0.03178 0.00157 ( 1)
  44 I   0.93088 0.00587 0.06305 0.00020 ( 1)
  45 M   0.04533 0.93017 0.00035 0.02415 ( 2)
  46 V   0.72513 0.04087 0.23187 0.00213 ( 1)
  47 P   0.92169 0.06243 0.01421 0.00168 ( 1)
  48 E   0.65893 0.32572 0.00740 0.00796 ( 1)
  49 -   0.06790 0.90972 0.00063 0.02175 ( 2)
  50 -   0.15515 0.81191 0.00263 0.03031 ( 2)
  51 -   0.07019 0.89062 0.00606 0.03313 ( 2)
  52 -   0.96948 0.01239 0.01762 0.00051 ( 1)
  53 -   0.98409 0.00658 0.00917 0.00016 ( 1)
  54 -   0.83833 0.14848 0.00903 0.00415 ( 1)
  55 -   0.85280 0.06995 0.07498 0.00227 ( 1)
  56 -   0.01350 0.92756 0.00211 0.05683 ( 2)
  57 -   0.98459 0.00509 0.01020 0.00011 ( 1)
  58 -   0.98679 0.00338 0.00976 0.00007 ( 1)
  59 -   0.98164 0.00567 0.01252 0.00016 ( 1)
  60 -   0.17499 0.74386 0.04185 0.03929 ( 2)
  61 -   0.78562 0.10731 0.10147 0.00559 ( 1)
  62 -   0.75705 0.13948 0.09872 0.00475 ( 1)
  63 -   0.88234 0.00115 0.11647 0.00005 ( 1)
  64 I   0.96196 0.02521 0.01215 0.00068 ( 1)
  65 S   0.00146 0.78783 0.02294 0.18778 ( 2)
  66 Q   0.98266 0.00199 0.01530 0.00005 ( 1)
  67 Q   0.99232 0.00006 0.00762 0.00000 ( 1)
  68 W   0.79987 0.11173 0.08462 0.00378 ( 1)
  69 N   0.54900 0.42064 0.01702 0.01335 ( 1)
  70 A   0.99130 0.00228 0.00637 0.00004 ( 1)
  71 -   0.00433 0.92557 0.00241 0.06769 ( 2)
  72 -   0.59966 0.22829 0.15838 0.01367 ( 1)
  73 T   0.92074 0.02910 0.04866 0.00149 ( 1)
  74 N   0.92877 0.02107 0.04908 0.00108 ( 1)
  75 H   0.68620 0.26365 0.03651 0.01365 ( 1)
  76 S   0.35510 0.59474 0.01904 0.03111 ( 2)
  77 D   0.91624 0.03360 0.04843 0.00173 ( 1)
  78 F   0.93215 0.01769 0.04925 0.00091 ( 1)
  79 N   0.93535 0.01449 0.04942 0.00074 ( 1)
  80 L   0.94372 0.00612 0.04984 0.00031 ( 1)
  81 G   0.49288 0.45696 0.02635 0.02380 ( 1)
  82 Q   0.88503 0.06482 0.04683 0.00333 ( 1)
  83 S   0.80780 0.04303 0.14702 0.00216 ( 1)
  84 R   0.16147 0.81397 0.00248 0.02208 ( 2)
  85 N   0.00379 0.90528 0.00102 0.08991 ( 2)
  86 P   0.92347 0.02637 0.04880 0.00135 ( 1)
  87 D   0.54812 0.40172 0.02927 0.02089 ( 1)
  88 E   0.29871 0.65113 0.01604 0.03412 ( 2)
  89 P   0.10633 0.84351 0.00573 0.04443 ( 2)
  90 S   0.54053 0.40931 0.02887 0.02129 ( 1)
  91 P   0.57125 0.37860 0.03049 0.01967 ( 1)
  92 E   0.65344 0.29640 0.03480 0.01536 ( 1)
  93 D   0.26927 0.68057 0.01447 0.03569 ( 2)
  94 S   0.72246 0.22738 0.03840 0.01176 ( 1)
  95 V   0.18630 0.76354 0.01002 0.04013 ( 2)
  96 H   0.06601 0.88383 0.00356 0.04660 ( 2)
  97 I   0.08911 0.86073 0.00480 0.04536 ( 2)
  98 P   0.92555 0.02429 0.04891 0.00125 ( 1)
  99 A   0.18453 0.76531 0.00993 0.04023 ( 2)
 100 D   0.10935 0.84050 0.00589 0.04427 ( 2)
 101 S   0.37836 0.57149 0.02028 0.02988 ( 2)
 102 C   0.87534 0.07450 0.04633 0.00383 ( 1)
 103 G   0.06867 0.88117 0.00370 0.04646 ( 2)
 104 L   0.14365 0.80619 0.00773 0.04242 ( 2)
 105 H   0.86055 0.08930 0.04556 0.00459 ( 1)
 106 C   0.85929 0.09055 0.04550 0.00466 ( 1)
 107 T   0.38514 0.56470 0.02064 0.02952 ( 2)
 108 E   0.88994 0.05990 0.04708 0.00308 ( 1)
 109 H   0.01760 0.93840 0.00193 0.04207 ( 2)
 110 I   0.84856 0.00802 0.14299 0.00044 ( 1)
 111 -   0.99012 0.00318 0.00663 0.00006 ( 1)
 112 -   0.13056 0.82745 0.01225 0.02974 ( 2)
 113 -   0.11819 0.84765 0.00467 0.02949 ( 2)
 114 -   0.31990 0.66300 0.00276 0.01434 ( 2)
 115 -   0.74606 0.14040 0.10697 0.00657 ( 1)
 116 -   0.97048 0.01986 0.00910 0.00056 ( 1)
 117 -   0.76005 0.16187 0.07314 0.00494 ( 1)
 118 -   0.72987 0.25679 0.00757 0.00577 ( 1)
 119 -   0.96350 0.02593 0.01000 0.00057 ( 1)
 120 -   0.38683 0.59628 0.00373 0.01317 ( 2)
 121 -   0.96689 0.02478 0.00780 0.00053 ( 1)
 122 -   0.98219 0.01101 0.00657 0.00023 ( 1)
 123 -   0.77743 0.20051 0.01553 0.00654 ( 1)
 124 -   0.97159 0.01863 0.00935 0.00043 ( 1)
 125 -   0.33315 0.37851 0.25491 0.03343 ( 2)
 126 -   0.32598 0.59047 0.05719 0.02636 ( 2)
 127 -   0.86811 0.11846 0.01038 0.00305 ( 1)
 128 -   0.77538 0.19074 0.02596 0.00792 ( 1)
 129 -   0.45510 0.52748 0.00482 0.01260 ( 2)
 130 -   0.97350 0.01845 0.00766 0.00039 ( 1)
 131 -   0.96074 0.02865 0.00997 0.00064 ( 1)
 132 -   0.92846 0.05601 0.01405 0.00148 ( 1)
 133 -   0.87761 0.11220 0.00777 0.00241 ( 1)
 134 -   0.95805 0.03165 0.00958 0.00071 ( 1)
 135 -   0.97639 0.01622 0.00709 0.00030 ( 1)
 136 -   0.20938 0.73021 0.03040 0.03001 ( 2)
 137 -   0.15540 0.81424 0.00633 0.02402 ( 2)
 138 -   0.92529 0.05726 0.01565 0.00179 ( 1)
 139 -   0.75839 0.22044 0.01405 0.00713 ( 1)
 140 -   0.96580 0.02426 0.00944 0.00051 ( 1)
 141 -   0.90910 0.08384 0.00515 0.00191 ( 1)
 142 -   0.95941 0.03117 0.00882 0.00060 ( 1)
 143 -   0.18815 0.75161 0.01277 0.04746 ( 2)
 144 -   0.77334 0.14619 0.07594 0.00453 ( 1)
 145 -   0.95532 0.03185 0.01192 0.00091 ( 1)
 146 -   0.29345 0.68856 0.00282 0.01518 ( 2)
 147 -   0.31606 0.66028 0.00501 0.01865 ( 2)
 148 -   0.89249 0.09622 0.00903 0.00226 ( 1)
 149 -   0.56943 0.33009 0.08676 0.01371 ( 1)
 150 -   0.93761 0.01223 0.04953 0.00063 ( 1)
 151 -   0.63879 0.31105 0.03403 0.01613 ( 1)
 152 A   0.81515 0.16567 0.01448 0.00470 ( 1)
 153 I   0.50472 0.33627 0.14268 0.01634 ( 1)
 154 T   0.86137 0.11597 0.01872 0.00394 ( 1)
 155 S   0.97560 0.01127 0.01283 0.00029 ( 1)
 156 T   0.87732 0.10344 0.01595 0.00328 ( 1)
 157 R   0.18196 0.52671 0.25615 0.03519 ( 2)
 158 L   0.01322 0.93833 0.00167 0.04678 ( 2)
 159 V   0.97066 0.00524 0.02392 0.00017 ( 1)
 160 A   0.76553 0.12340 0.10466 0.00641 ( 1)
 161 V   0.00307 0.93317 0.00130 0.06247 ( 2)
 162 T   0.73037 0.23335 0.02746 0.00883 ( 1)
 163 -   0.63204 0.20729 0.15167 0.00900 ( 1)
 164 -   0.10877 0.82338 0.01909 0.04875 ( 2)
 165 -   0.55643 0.42631 0.00662 0.01064 ( 1)
 166 -   0.06498 0.84997 0.02773 0.05732 ( 2)
 167 -   0.96439 0.02546 0.00955 0.00060 ( 1)
 168 -   0.07797 0.88099 0.00553 0.03552 ( 2)
 169 -   0.68799 0.16643 0.13501 0.01058 ( 1)
 170 -   0.54434 0.43829 0.00641 0.01096 ( 1)
 171 -   0.65469 0.24412 0.09119 0.01000 ( 1)
 172 -   0.94014 0.04625 0.01241 0.00120 ( 1)
 173 -   0.64623 0.26214 0.08148 0.01015 ( 1)
 174 -   0.79938 0.18651 0.00894 0.00516 ( 1)
 175 N   0.64022 0.34756 0.00453 0.00769 ( 1)
 176 A   0.92693 0.06176 0.00983 0.00149 ( 1)
 177 D   0.98126 0.01060 0.00785 0.00029 ( 1)
 178 L   0.56862 0.41044 0.00828 0.01266 ( 1)
 179 E   0.98138 0.00058 0.01802 0.00002 ( 1)
 180 R   0.90913 0.04071 0.04807 0.00209 ( 1)
 181 D   0.00474 0.93088 0.00246 0.06193 ( 2)
 182 N   0.03771 0.94070 0.00035 0.02124 ( 2)
 183 -   0.89493 0.09382 0.00904 0.00222 ( 1)
 184 -   0.77743 0.20051 0.01553 0.00654 ( 1)
 185 -   0.75958 0.21756 0.01554 0.00733 ( 1)
 186 -   0.30860 0.58317 0.07489 0.03334 ( 2)
 187 -   0.05847 0.86164 0.02389 0.05600 ( 2)
 188 -   0.66796 0.21540 0.10766 0.00898 ( 1)
 189 -   0.42081 0.53167 0.02778 0.01973 ( 2)
 190 -   0.11586 0.83638 0.01334 0.03442 ( 2)
 191 -   0.95357 0.03542 0.01009 0.00092 ( 1)
 192 -   0.66018 0.32721 0.00536 0.00726 ( 1)
 193 -   0.96814 0.02262 0.00872 0.00052 ( 1)
