Supplemental results for CODEML (seqf: aligned.fas  treef: AT2G33500_AT2G33500.1_Athaliana_Araport11.treefile)

I	J	ij	2Ns_IJ	pMut_IJ	pSub_IJ	2Ns_JI	pMut_JI	pSub_JI

TTC	TTT	CT	-0.69364	0.04467	0.03095	0.69364	0.02232	0.03095
TTA	TTT	AT	0.42261	0.01503	0.01843	-0.42261	0.02294	0.01843
TTA	TTC	AC	1.11626	0.00563	0.00935	-1.11626	0.01721	0.00935
TTG	TTT	GT	-1.42430	0.06765	0.03054	1.42430	0.01628	0.03054
TTG	TTC	GC	-0.73066	0.02536	0.01721	0.73066	0.01221	0.01721
TTG	TTA	GA	-1.84691	0.04544	0.01572	1.84691	0.00717	0.01572
TCT	TTT	CT	-1.13548	0.06949	0.03735	1.13548	0.02232	0.03735
TCC	TTC	CT	-1.82862	0.10423	0.03648	1.82862	0.01674	0.03648
TCC	TCT	CT	-1.38679	0.10423	0.04815	1.38679	0.02604	0.04815
TCA	TTA	CT	-1.79226	0.04467	0.01600	1.79226	0.00744	0.01600
TCA	TCT	AT	-0.23416	0.03383	0.03002	0.23416	0.02676	0.03002
TCA	TCC	AC	1.15263	0.01268	0.02136	-1.15263	0.04015	0.02136
TCG	TTG	CT	-1.08669	0.09927	0.05491	1.08669	0.03349	0.05491
TCG	TCT	GT	-1.37551	0.07517	0.03497	1.37551	0.01900	0.03497
TCG	TCC	GC	0.01128	0.02817	0.02833	-0.01128	0.02849	0.02833
TCG	TCA	GA	-1.14135	0.05049	0.02704	1.14135	0.01613	0.02704
TAT	TTT	AT	0.71030	0.01128	0.01575	-0.71030	0.02294	0.01575
TAT	TCT	AC	1.84577	0.00423	0.00926	-1.84577	0.02676	0.00926
TAC	TTC	AT	0.13493	0.01503	0.01607	-0.13493	0.01721	0.01607
TAC	TCC	AC	1.96356	0.00563	0.01287	-1.96356	0.04015	0.01287
TAC	TAT	CT	-1.26901	0.01985	0.00985	1.26901	0.00558	0.00985
TGT	TTT	GT	-1.71198	0.09020	0.03401	1.71198	0.01628	0.03401
TGT	TCT	GC	-0.57651	0.03381	0.02499	0.57651	0.01900	0.02499
TGT	TAT	GA	-2.42228	0.06059	0.01429	2.42228	0.00538	0.01429
TGC	TTC	GT	-2.40513	0.13530	0.03228	2.40513	0.01221	0.03228
TGC	TCC	GC	-0.57651	0.05071	0.03749	0.57651	0.02849	0.03749
TGC	TAC	GA	-2.54006	0.09089	0.01976	2.54006	0.00717	0.01976
TGC	TGT	CT	-1.38679	0.17868	0.08254	1.38679	0.04465	0.08254
TGG	TTG	GT	-0.90105	0.06013	0.03706	0.90105	0.02442	0.03706
TGG	TCG	GC	0.18563	0.02254	0.02470	-0.18563	0.02714	0.02470
TGG	TGT	GT	-0.61337	0.06013	0.04357	0.61337	0.03256	0.04357
TGG	TGC	GC	0.77342	0.02254	0.03237	-0.77342	0.04885	0.03237
CTT	TTT	CT	-1.20447	0.07445	0.03840	1.20447	0.02232	0.03840
CTC	TTC	CT	-1.34905	0.06452	0.03050	1.34905	0.01674	0.03050
CTC	CTT	CT	-0.83822	0.06452	0.04122	0.83822	0.02790	0.04122
CTA	TTA	CT	-0.69364	0.01489	0.01032	0.69364	0.00744	0.01032
CTA	CTT	AT	0.93344	0.01128	0.01734	-0.93344	0.02868	0.01734
CTA	CTC	AC	1.77166	0.00423	0.00902	-1.77166	0.02485	0.00902
CTG	TTG	CT	0.29961	0.02482	0.02872	-0.29961	0.03349	0.02872
CTG	CTT	GT	0.07978	0.01879	0.01955	-0.07978	0.02035	0.01955
CTG	CTC	GC	0.91800	0.00704	0.01076	-0.91800	0.01764	0.01076
CTG	CTA	GA	-0.85366	0.01262	0.00799	0.85366	0.00538	0.00799
CCT	TCT	CT	-0.28818	0.03474	0.02998	0.28818	0.02604	0.02998
CCT	CTT	CT	-0.21918	0.03474	0.03107	0.21918	0.02790	0.03107
CCC	TCC	CT	0.96459	0.01489	0.02321	-0.96459	0.03907	0.02321
CCC	CTC	CT	0.48501	0.01489	0.01879	-0.48501	0.02418	0.01879
CCC	CCT	CT	-0.13403	0.01489	0.01391	0.13403	0.01302	0.01391
CCA	TCA	CT	-0.86354	0.03971	0.02500	0.86354	0.01674	0.02500
CCA	CTA	CT	-1.96215	0.03971	0.01274	1.96215	0.00558	0.01274
CCA	CCT	AT	-0.80953	0.03007	0.01952	0.80953	0.01338	0.01952
CCA	CCC	AC	-0.67550	0.01127	0.00789	0.67550	0.00574	0.00789
CCG	TCG	CT	0.62811	0.01985	0.02674	-0.62811	0.03721	0.02674
CCG	CTG	CT	-0.75818	0.01985	0.01327	0.75818	0.00930	0.01327
CCG	CCT	GT	-0.45922	0.01503	0.01185	0.45922	0.00950	0.01185
CCG	CCC	GC	-0.32519	0.00563	0.00477	0.32519	0.00407	0.00477
CCG	CCA	GA	0.35031	0.01010	0.01197	-0.35031	0.01433	0.01197
CAT	TAT	CT	-2.36762	0.05956	0.01458	2.36762	0.00558	0.01458
CAT	CTT	AT	-0.45285	0.04510	0.03566	0.45285	0.02868	0.03566
CAT	CCT	AC	-0.23367	0.01690	0.01501	0.23367	0.01338	0.01501
CAC	TAC	CT	-2.63955	0.10423	0.02115	2.63955	0.00744	0.02115
CAC	CTC	AT	-1.15557	0.07893	0.04192	1.15557	0.02485	0.04192
CAC	CCC	AC	-1.64058	0.02958	0.01167	1.64058	0.00574	0.01167
CAC	CAT	CT	-1.54094	0.10423	0.04378	1.54094	0.02232	0.04378
CAA	CTA	AT	-1.65683	0.03007	0.01174	1.65683	0.00574	0.01174
CAA	CCA	AC	0.30533	0.01127	0.01308	-0.30533	0.01529	0.01308
CAA	CAT	AT	-0.27053	0.03007	0.02618	0.27053	0.02294	0.02618
CAA	CAC	AC	1.27041	0.01127	0.01990	-1.27041	0.04015	0.01990
CAG	CTG	AT	-1.36914	0.03758	0.01755	1.36914	0.00956	0.01755
CAG	CCG	AC	-0.61096	0.01409	0.01022	0.61096	0.00765	0.01022
CAG	CAT	GT	-0.83651	0.03758	0.02403	0.83651	0.01628	0.02403
CAG	CAC	GC	0.70443	0.01409	0.01963	-0.70443	0.02849	0.01963
CAG	CAA	GA	-0.56598	0.02525	0.01877	0.56598	0.01433	0.01877
CGT	TGT	CT	-0.63648	0.08438	0.06035	0.63648	0.04465	0.06035
CGT	CTT	GT	-1.14400	0.06389	0.03417	1.14400	0.02035	0.03417
CGT	CCT	GC	-0.92481	0.02395	0.01456	0.92481	0.00950	0.01456
CGT	CAT	GA	-0.69114	0.04292	0.02978	0.69114	0.02150	0.02978
CGC	TGC	CT	0.20430	0.05460	0.06036	-0.20430	0.06697	0.06036
CGC	CTC	GT	-0.85178	0.04134	0.02621	0.85178	0.01764	0.02621
CGC	CCC	GC	-1.33679	0.01550	0.00738	1.33679	0.00407	0.00738
CGC	CAC	GA	0.30379	0.02777	0.03220	-0.30379	0.03763	0.03220
CGC	CGT	CT	-0.54601	0.05460	0.04104	0.54601	0.03163	0.04104
CGA	CTA	GT	-1.30652	0.01503	0.00729	1.30652	0.00407	0.00729
CGA	CCA	GC	0.65564	0.00563	0.00768	-0.65564	0.01085	0.00768
CGA	CAA	GA	0.35031	0.01010	0.01197	-0.35031	0.01433	0.01197
CGA	CGT	AT	0.77092	0.01503	0.02157	-0.77092	0.03250	0.02157
CGA	CGC	AC	1.31693	0.00563	0.01014	-1.31693	0.02103	0.01014
CGG	TGG	CT	-0.00050	0.02978	0.02977	0.00050	0.02977	0.02977
CGG	CTG	GT	-1.20116	0.02255	0.01166	1.20116	0.00678	0.01166
CGG	CCG	GC	-0.44298	0.00845	0.00672	0.44298	0.00543	0.00672
CGG	CAG	GA	0.16799	0.01515	0.01646	-0.16799	0.01792	0.01646
CGG	CGT	GT	0.02262	0.02255	0.02281	-0.02262	0.02307	0.02281
CGG	CGC	GC	0.56863	0.00845	0.01108	-0.56863	0.01493	0.01108
CGG	CGA	GA	-0.74830	0.01515	0.01018	0.74830	0.00717	0.01018
ATT	TTT	AT	1.80891	0.00376	0.00813	-1.80891	0.02294	0.00813
ATT	CTT	AC	3.01338	0.00141	0.00446	-3.01338	0.02868	0.00446
ATC	TTC	AT	-0.67600	0.03383	0.02367	0.67600	0.01721	0.02367
ATC	CTC	AC	0.67305	0.01268	0.01742	-0.67305	0.02485	0.01742
ATC	ATT	CT	-3.17855	0.04467	0.00617	3.17855	0.00186	0.00617
ATA	TTA	AT	7.92322	0.00000	0.00000	-7.92322	0.00765	0.00002
ATA	CTA	AC	8.61686	0.00000	0.00000	-8.61686	0.00574	0.00001
ATA	ATT	AT	6.53693	0.00000	0.00000	-6.53693	0.00191	0.00002
ATA	ATC	AC	9.71547	0.00000	0.00000	-9.71547	0.01721	0.00001
ATG	TTG	AT	-0.35058	0.04886	0.04079	0.35058	0.03441	0.04079
ATG	CTG	AC	-0.65018	0.01831	0.01300	0.65018	0.00956	0.01300
ATG	ATT	GT	-3.58378	0.04886	0.00500	3.58378	0.00136	0.00500
ATG	ATC	GC	-0.40523	0.01831	0.01485	0.40523	0.01221	0.01485
ATG	ATA	GA	-10.12071	0.03282	0.00001	10.12071	0.00000	0.00000
ACT	TCT	AT	-0.11638	0.03007	0.02835	0.11638	0.02676	0.02835
ACT	CCT	AC	0.17180	0.01127	0.01227	-0.17180	0.01338	0.01227
ACT	ATT	CT	-3.06077	0.03971	0.00597	3.06077	0.00186	0.00597
ACC	TCC	AT	0.98223	0.01503	0.02361	-0.98223	0.04015	0.02361
ACC	CCC	AC	0.01765	0.00563	0.00568	-0.01765	0.00574	0.00568
ACC	ATC	CT	-0.17039	0.01985	0.01821	0.17039	0.01674	0.01821
ACC	ACT	CT	-0.28818	0.01985	0.01713	0.28818	0.01488	0.01713
ACA	TCA	AT	-0.08821	0.01879	0.01798	0.08821	0.01721	0.01798
ACA	CCA	AC	0.77533	0.00704	0.01012	-0.77533	0.01529	0.01012
ACA	ATA	CT	-9.80369	0.02482	0.00001	9.80369	0.00000	0.00000
ACA	ACT	AT	-0.20599	0.01879	0.01692	0.20599	0.01529	0.01692
ACA	ACC	AC	0.08218	0.00704	0.00734	-0.08218	0.00765	0.00734
ACG	TCG	AT	-0.67600	0.07517	0.05260	0.67600	0.03823	0.05260
ACG	CCG	AC	-1.30411	0.02817	0.01369	1.30411	0.00765	0.01369
ACG	ATG	CT	-1.41211	0.09927	0.04515	1.41211	0.02418	0.04515
ACG	ACT	GT	-1.93513	0.07517	0.02455	1.93513	0.01085	0.02455
ACG	ACC	GC	-1.64695	0.02817	0.01107	1.64695	0.00543	0.01107
ACG	ACA	GA	-1.72913	0.05049	0.01883	1.72913	0.00896	0.01883
AAT	TAT	AT	-1.52330	0.02631	0.01117	1.52330	0.00574	0.01117
AAT	CAT	AC	0.84432	0.00986	0.01460	-0.84432	0.02294	0.01460
AAT	ATT	AT	-2.62191	0.02631	0.00541	2.62191	0.00191	0.00541
AAT	ACT	AC	0.43886	0.00986	0.01218	-0.43886	0.01529	0.01218
AAC	TAC	AT	-1.68760	0.04134	0.01583	1.68760	0.00765	0.01583
AAC	CAC	AC	0.95195	0.01550	0.02402	-0.95195	0.04015	0.02402
AAC	ATC	AT	-0.87667	0.04134	0.02584	0.87667	0.01721	0.02584
AAC	ACC	AC	-0.70627	0.01550	0.01066	0.70627	0.00765	0.01066
AAC	AAT	CT	-1.43331	0.05460	0.02451	1.43331	0.01302	0.02451
AAA	CAA	AC	-0.32328	0.02113	0.01790	0.32328	0.01529	0.01790
AAA	ATA	AT	-10.59697	0.05638	0.00001	10.59697	0.00000	0.00000
AAA	ACA	AC	-0.79328	0.02113	0.01385	0.79328	0.00956	0.01385
AAA	AAT	AT	-1.43814	0.05638	0.02524	1.43814	0.01338	0.02524
AAA	AAC	AC	-0.00483	0.02113	0.02108	0.00483	0.02103	0.02108
AAG	CAG	AC	-0.22530	0.02395	0.02135	0.22530	0.01912	0.02135
AAG	ATG	AT	-0.94426	0.06389	0.03841	0.94426	0.02485	0.03841
AAG	ACG	AC	0.46785	0.02395	0.02999	-0.46785	0.03823	0.02999
AAG	AAT	GT	-1.90614	0.06389	0.02127	1.90614	0.00950	0.02127
AAG	AAC	GC	-0.47283	0.02395	0.01873	0.47283	0.01493	0.01873
AAG	AAA	GA	-0.46800	0.04292	0.03366	0.46800	0.02688	0.03366
AGT	TGT	AT	0.42261	0.03007	0.03687	-0.42261	0.04588	0.03687
AGT	CGT	AC	1.05910	0.01127	0.01827	-1.05910	0.03250	0.01827
AGT	ATT	GT	-3.09828	0.03007	0.00440	3.09828	0.00136	0.00440
AGT	ACT	GC	-0.03751	0.01127	0.01106	0.03751	0.01085	0.01106
AGT	AAT	GA	-0.47637	0.02020	0.01577	0.47637	0.01254	0.01577
AGC	TGC	AT	0.42261	0.04510	0.05530	-0.42261	0.06882	0.05530
AGC	CGC	AC	0.21832	0.01690	0.01882	-0.21832	0.02103	0.01882
AGC	ATC	GT	-1.30652	0.04510	0.02188	1.30652	0.01221	0.02188
AGC	ACC	GC	-1.13612	0.01690	0.00908	1.13612	0.00543	0.00908
AGC	AAC	GA	-0.42985	0.03030	0.02425	0.42985	0.01971	0.02425
AGC	AGT	CT	-1.38679	0.05956	0.02751	1.38679	0.01488	0.02751
AGA	CGA	AC	-0.79328	0.01690	0.01108	0.79328	0.00765	0.01108
AGA	ATA	GT	-10.71666	0.04510	0.00001	10.71666	0.00000	0.00000
AGA	ACA	GC	-0.91298	0.01690	0.01035	0.91298	0.00678	0.01035
AGA	AAA	GA	-0.11969	0.03030	0.02852	0.11969	0.02688	0.02852
AGA	AGT	AT	-1.08146	0.04510	0.02503	1.08146	0.01529	0.02503
AGA	AGC	AC	0.30533	0.01690	0.01962	-0.30533	0.02294	0.01962
AGG	TGG	AT	-0.20599	0.03758	0.03385	0.20599	0.03059	0.03385
AGG	CGG	AC	-0.20550	0.01409	0.01269	0.20550	0.01147	0.01269
AGG	ATG	GT	-0.75647	0.03758	0.02514	0.75647	0.01764	0.02514
AGG	ACG	GC	0.65564	0.01409	0.01921	-0.65564	0.02714	0.01921
AGG	AAG	GA	0.18779	0.02525	0.02769	-0.18779	0.03046	0.02769
AGG	AGT	GT	-1.24198	0.03758	0.01896	1.24198	0.01085	0.01896
AGG	AGC	GC	0.14481	0.01409	0.01513	-0.14481	0.01628	0.01513
AGG	AGA	GA	-0.16052	0.02525	0.02327	0.16052	0.02150	0.02327
GTT	TTT	GT	-1.36714	0.06389	0.02987	1.36714	0.01628	0.02987
GTT	CTT	GC	-0.16267	0.02395	0.02205	0.16267	0.02035	0.02205
GTT	ATT	GA	-3.17605	0.04292	0.00594	3.17605	0.00179	0.00594
GTC	TTC	GT	-1.46067	0.05262	0.02323	1.46067	0.01221	0.02323
GTC	CTC	GC	-0.11162	0.01972	0.01864	0.11162	0.01764	0.01864
GTC	ATC	GA	-0.78467	0.03534	0.02327	0.78467	0.01613	0.02327
GTC	GTT	CT	-0.78717	0.06949	0.04569	0.78717	0.03163	0.04569
GTA	TTA	GT	-1.71198	0.03007	0.01134	1.71198	0.00543	0.01134
GTA	CTA	GC	-1.01834	0.01127	0.00649	1.01834	0.00407	0.00649
GTA	ATA	GA	-9.63520	0.02020	0.00001	9.63520	0.00000	0.00000
GTA	GTT	AT	0.07777	0.03007	0.03125	-0.07777	0.03250	0.03125
GTA	GTC	AC	0.86494	0.01127	0.01684	-0.86494	0.02676	0.01684
GTG	TTG	GT	-0.69341	0.04886	0.03386	0.69341	0.02442	0.03386
GTG	CTG	GC	-0.99302	0.01831	0.01070	0.99302	0.00678	0.01070
GTG	ATG	GA	-0.34284	0.03282	0.02751	0.34284	0.02329	0.02751
GTG	GTT	GT	-0.75057	0.04886	0.03280	0.75057	0.02307	0.03280
GTG	GTC	GC	0.03660	0.01831	0.01865	-0.03660	0.01900	0.01865
GTG	GTA	GA	-0.82835	0.03282	0.02108	0.82835	0.01433	0.02108
GCT	TCT	GT	-1.74707	0.10899	0.04019	1.74707	0.01900	0.04019
GCT	CCT	GC	-1.45890	0.04085	0.01805	1.45890	0.00950	0.01805
GCT	ACT	GA	-1.63069	0.07321	0.02907	1.63069	0.01433	0.02907
GCT	GTT	CT	-1.51541	0.14394	0.06142	1.51541	0.03163	0.06142
GCC	TCC	GT	-0.86468	0.06765	0.04257	0.86468	0.02849	0.04257
GCC	CCC	GC	-1.82927	0.02536	0.00887	1.82927	0.00407	0.00887
GCC	ACC	GA	-1.84691	0.04544	0.01572	1.84691	0.00717	0.01572
GCC	GTC	CT	-1.23264	0.08934	0.04531	1.23264	0.02604	0.04531
GCC	GCT	CT	-0.50440	0.08934	0.06869	0.50440	0.05395	0.06869
GCA	TCA	GT	-1.30652	0.04510	0.02188	1.30652	0.01221	0.02188
GCA	CCA	GC	-0.44298	0.01690	0.01344	0.44298	0.01085	0.01344
GCA	ACA	GA	-1.21831	0.03030	0.01550	1.21831	0.00896	0.01550
GCA	GTA	CT	-1.38679	0.05956	0.02751	1.38679	0.01488	0.02751
GCA	GCT	AT	0.20639	0.04510	0.04992	-0.20639	0.05544	0.04992
GCA	GCC	AC	0.71079	0.01690	0.02362	-0.71079	0.03441	0.02362
GCG	TCG	GT	-1.24198	0.09396	0.04739	1.24198	0.02714	0.04739
GCG	CCG	GC	-1.87009	0.03522	0.01200	1.87009	0.00543	0.01200
GCG	ACG	GA	-0.56598	0.06311	0.04693	0.56598	0.03584	0.04693
GCG	GTG	CT	-1.63525	0.12408	0.04912	1.63525	0.02418	0.04912
GCG	GCT	GT	-0.87042	0.09396	0.05893	0.87042	0.03935	0.05893
GCG	GCC	GC	-0.36601	0.03522	0.02917	0.36601	0.02442	0.02917
GCG	GCA	GA	-1.07681	0.06311	0.03512	1.07681	0.02150	0.03512
GAT	TAT	GT	-3.25243	0.10524	0.01377	3.25243	0.00407	0.01377
GAT	CAT	GC	-0.88481	0.03944	0.02453	0.88481	0.01628	0.02453
GAT	AAT	GA	-1.72913	0.07069	0.02637	1.72913	0.01254	0.02637
GAT	GTT	AT	-1.17499	0.10524	0.05525	1.17499	0.03250	0.05525
GAT	GCT	AC	0.34042	0.03944	0.04654	-0.34042	0.05544	0.04654
GAC	TAC	GT	-2.62827	0.07517	0.01537	2.62827	0.00543	0.01537
GAC	CAC	GC	0.01128	0.02817	0.02833	-0.01128	0.02849	0.02833
GAC	AAC	GA	-0.94067	0.05049	0.03041	0.94067	0.01971	0.03041
GAC	GTC	AT	-1.03267	0.07517	0.04292	1.03267	0.02676	0.04292
GAC	GCC	AC	0.19997	0.02817	0.03109	-0.19997	0.03441	0.03109
GAC	GAT	CT	-0.64485	0.09927	0.07068	0.64485	0.05209	0.07068
GAA	CAA	GC	-0.66612	0.02113	0.01487	0.66612	0.01085	0.01487
GAA	AAA	GA	-0.34284	0.03787	0.03175	0.34284	0.02688	0.03175
GAA	GTA	AT	-1.30461	0.05638	0.02738	1.30461	0.01529	0.02738
GAA	GCA	AC	0.08218	0.02113	0.02201	-0.08218	0.02294	0.02201
GAA	GAT	AT	-0.05184	0.05638	0.05493	0.05184	0.05353	0.05493
GAA	GAC	AC	0.59301	0.02113	0.02801	-0.59301	0.03823	0.02801
GAG	CAG	GC	-0.56814	0.02395	0.01779	0.56814	0.01357	0.01779
GAG	AAG	GA	-0.34284	0.04292	0.03598	0.34284	0.03046	0.03598
GAG	GTG	AT	-0.94426	0.06389	0.03841	0.94426	0.02485	0.03841
GAG	GCG	AC	0.69099	0.02395	0.03317	-0.69099	0.04779	0.03317
GAG	GAT	GT	-0.51984	0.06389	0.04872	0.51984	0.03799	0.04872
GAG	GAC	GC	0.12501	0.02395	0.02548	-0.12501	0.02714	0.02548
GAG	GAA	GA	-0.46800	0.04292	0.03366	0.46800	0.02688	0.03366
GGT	TGT	GT	-0.03801	0.03383	0.03319	0.03801	0.03256	0.03319
GGT	CGT	GC	0.59848	0.01268	0.01685	-0.59848	0.02307	0.01685
GGT	AGT	GA	-0.46062	0.02272	0.01789	0.46062	0.01433	0.01789
GGT	GTT	GT	-0.38285	0.03383	0.02776	0.38285	0.02307	0.02776
GGT	GCT	GC	1.13256	0.01268	0.02119	-1.13256	0.03935	0.02119
GGT	GAT	GA	0.79214	0.02272	0.03290	-0.79214	0.05017	0.03290
GGC	TGC	GT	0.77292	0.02255	0.03238	-0.77292	0.04885	0.03238
GGC	CGC	GC	0.56863	0.00845	0.01108	-0.56863	0.01493	0.01108
GGC	AGC	GA	0.35031	0.01515	0.01796	-0.35031	0.02150	0.01796
GGC	GTC	GT	-0.17154	0.02255	0.02067	0.17154	0.01900	0.02067
GGC	GCC	GC	1.06110	0.00845	0.01372	-1.06110	0.02442	0.01372
GGC	GAC	GA	0.86114	0.01515	0.02259	-0.86114	0.03584	0.02259
GGC	GGT	CT	-0.57586	0.02978	0.02202	0.57586	0.01674	0.02202
GGA	CGA	GC	-1.29027	0.01972	0.00966	1.29027	0.00543	0.00966
GGA	AGA	GA	-0.49699	0.03534	0.02729	0.49699	0.02150	0.02729
GGA	GTA	GT	-1.57845	0.05262	0.02159	1.57845	0.01085	0.02159
GGA	GCA	GC	-0.19166	0.01972	0.01789	0.19166	0.01628	0.01789
GGA	GAA	GA	-0.27384	0.03534	0.03073	0.27384	0.02688	0.03073
GGA	GGT	AT	-1.11783	0.05262	0.02858	1.11783	0.01721	0.02858
GGA	GGC	AC	-0.54197	0.01972	0.01486	0.54197	0.01147	0.01486
GGG	TGG	GT	0.65514	0.01128	0.01537	-0.65514	0.02171	0.01537
GGG	CGG	GC	0.65564	0.00423	0.00576	-0.65564	0.00814	0.00576
GGG	AGG	GA	0.86114	0.00757	0.01130	-0.86114	0.01792	0.01130
GGG	GTG	GT	0.44750	0.01128	0.01399	-0.44750	0.01764	0.01399
GGG	GCG	GC	2.08275	0.00423	0.01005	-2.08275	0.03392	0.01005
GGG	GAG	GA	1.39176	0.00757	0.01403	-1.39176	0.03046	0.01403
GGG	GGT	GT	0.07978	0.01128	0.01173	-0.07978	0.01221	0.01173
GGG	GGC	GC	0.65564	0.00423	0.00576	-0.65564	0.00814	0.00576
GGG	GGA	GA	1.19761	0.00757	0.01299	-1.19761	0.02509	0.01299


Histograms
2Ns	FMut	FSub(CodonUsage)	FSubw(after w)

-10.20635	0.01193	0.00001
-9.18571	0.00137	0.00000
-8.16508	0.00091	0.00000
-7.14444	0.00000	0.00000
-6.12381	0.00013	0.00000
-5.10317	0.00000	0.00000
-4.08254	0.00331	0.00041
-3.06190	0.03364	0.00686
-2.04127	0.12237	0.05128
-1.02063	0.38208	0.27357
0.00000	0.27816	0.33575
1.02063	0.14491	0.27357
2.04127	0.01928	0.05128
3.06190	0.00184	0.00686
4.08254	0.00009	0.00041
5.10317	0.00000	0.00000
6.12381	0.00000	0.00000
7.14444	0.00000	0.00000
8.16508	0.00000	0.00000
9.18571	0.00000	0.00000
10.20635	0.00000	0.00000

Proportion of advantageous (S > 0) mutations:
 0.28704

Proportions of good & bad mutations (|S| > 2.0000) among mutations:
0.00427  0.07702

mean |Ns| = 1.12196	mean Ns+ = 0.71536	mean Ns- = -1.28566


MLEs of dN/dS (w) for site classes (K=4)

site class             0        1       2a       2b
proportion       0.47237  0.38872  0.07620  0.06271
background w     0.03668  1.00000  0.03668  1.00000
foreground w     0.03668  1.00000  1.00000  1.00000

Naive Empirical Bayes (NEB) probabilities for 4 classes
(amino acids refer to 1st sequence: AT2G33500_AT2G33500.1_Athaliana_Araport11)

   1 M   0.87988 0.00000 0.12012 0.00000 ( 1)
   2 -   0.44339 0.41771 0.07152 0.06738 ( 1)
   3 -   0.00378 0.85732 0.00061 0.13830 ( 2)
   4 -   0.03491 0.82619 0.00563 0.13327 ( 2)
   5 -   0.32248 0.53862 0.05202 0.08689 ( 2)
   6 -   0.75680 0.10429 0.12208 0.01682 ( 1)
   7 -   0.48720 0.37389 0.07859 0.06031 ( 1)
   8 -   0.23178 0.62931 0.03739 0.10152 ( 2)
   9 -   0.01388 0.84722 0.00224 0.13667 ( 2)
  10 -   0.77602 0.08507 0.12518 0.01372 ( 1)
  11 G   0.03088 0.83040 0.00477 0.13396 ( 2)
  12 T   0.00011 0.86089 0.00012 0.13887 ( 2)
  13 S   0.01338 0.84792 0.00192 0.13678 ( 2)
  14 T   0.00001 0.86108 0.00000 0.13890 ( 2)
  15 T   0.00198 0.85902 0.00043 0.13857 ( 2)
  16 V   0.71701 0.15598 0.10185 0.02516 ( 1)
  17 A   0.00001 0.86107 0.00002 0.13890 ( 2)
  18 C   0.87273 0.00019 0.12705 0.00003 ( 1)
  19 E   0.26875 0.00177 0.72920 0.00029 ( 3)
  20 F   0.00249 0.85866 0.00034 0.13851 ( 2)
  21 C   0.86971 0.00031 0.12993 0.00005 ( 1)
  22 G   0.11930 0.74483 0.01572 0.12015 ( 2)
  23 E   0.00031 0.86079 0.00004 0.13886 ( 2)
  24 R   0.05065 0.81087 0.00768 0.13080 ( 2)
  25 T   0.00051 0.86059 0.00007 0.13882 ( 2)
  26 A   0.87031 0.00030 0.12934 0.00005 ( 1)
  27 V   0.03241 0.82919 0.00464 0.13376 ( 2)
  28 L   0.35777 0.50941 0.05065 0.08217 ( 2)
  29 F   0.88067 0.00001 0.11932 0.00000 ( 1)
  30 C   0.87304 0.00022 0.12671 0.00003 ( 1)
  31 R   0.00459 0.85657 0.00067 0.13818 ( 2)
  32 A   0.87122 0.00030 0.12843 0.00005 ( 1)
  33 D   0.87383 0.00005 0.12611 0.00001 ( 1)
  34 T   0.04661 0.81513 0.00677 0.13149 ( 2)
  35 A   0.87023 0.00037 0.12933 0.00006 ( 1)
  36 K   0.87098 0.00350 0.12496 0.00056 ( 1)
  37 L   0.87422 0.00003 0.12574 0.00000 ( 1)
  38 C   0.87301 0.00025 0.12670 0.00004 ( 1)
  39 L   0.00979 0.85146 0.00140 0.13735 ( 2)
  40 P   0.00009 0.86100 0.00001 0.13889 ( 2)
  41 C   0.87303 0.00023 0.12670 0.00004 ( 1)
  42 D   0.87409 0.00004 0.12587 0.00001 ( 1)
  43 Q   0.00728 0.85394 0.00103 0.13775 ( 2)
  44 H   0.00002 0.86103 0.00005 0.13890 ( 2)
  45 V   0.87631 0.00035 0.12328 0.00006 ( 1)
  46 H   0.87234 0.00003 0.12763 0.00000 ( 1)
  47 S   0.00846 0.85172 0.00243 0.13739 ( 2)
  48 A   0.87028 0.00032 0.12934 0.00005 ( 1)
  49 N   0.87929 0.00000 0.12071 0.00000 ( 1)
  50 L   0.02078 0.84062 0.00300 0.13560 ( 2)
  51 L   0.87380 0.00016 0.12601 0.00003 ( 1)
  52 S   0.79924 0.07303 0.11595 0.01178 ( 1)
  53 R   0.00002 0.86107 0.00000 0.13890 ( 2)
  54 K   0.87326 0.00128 0.12526 0.00021 ( 1)
  55 H   0.87820 0.00003 0.12177 0.00000 ( 1)
  56 V   0.86409 0.01098 0.12316 0.00177 ( 1)
  57 R   0.87290 0.00029 0.12676 0.00005 ( 1)
  58 S   0.86877 0.00649 0.12369 0.00105 ( 1)
  59 Q   0.68036 0.19210 0.09655 0.03099 ( 1)
  60 I   0.87891 0.00073 0.12024 0.00012 ( 1)
  61 C   0.86655 0.00628 0.12615 0.00101 ( 1)
  62 D   0.85736 0.01627 0.12375 0.00262 ( 1)
  63 N   0.01168 0.84965 0.00161 0.13706 ( 2)
  64 C   0.86663 0.00620 0.12617 0.00100 ( 1)
  65 S   0.01879 0.84118 0.00433 0.13569 ( 2)
  66 K   0.07933 0.78007 0.01477 0.12584 ( 2)
  67 E   0.07449 0.78784 0.01059 0.12709 ( 2)
  68 P   0.88331 0.00068 0.11590 0.00011 ( 1)
  69 V   0.14027 0.72325 0.01982 0.11667 ( 2)
  70 S   0.48310 0.38366 0.07135 0.06189 ( 1)
  71 V   0.72079 0.15180 0.10293 0.02449 ( 1)
  72 R   0.01440 0.84689 0.00210 0.13661 ( 2)
  73 C   0.86376 0.00632 0.12890 0.00102 ( 1)
  74 F   0.02114 0.84050 0.00277 0.13558 ( 2)
  75 T   0.85645 0.02063 0.11959 0.00333 ( 1)
  76 D   0.82358 0.04940 0.11905 0.00797 ( 1)
  77 N   0.02843 0.83335 0.00379 0.13443 ( 2)
  78 L   0.08939 0.77305 0.01285 0.12470 ( 2)
  79 V   0.46632 0.40071 0.06833 0.06464 ( 1)
  80 L   0.86826 0.00677 0.12388 0.00109 ( 1)
  81 C   0.86777 0.00542 0.12594 0.00087 ( 1)
  82 Q   0.72010 0.15333 0.10184 0.02473 ( 1)
  83 E   0.08197 0.78045 0.01168 0.12590 ( 2)
  84 C   0.86777 0.00542 0.12594 0.00087 ( 1)
  85 D   0.87033 0.00350 0.12561 0.00056 ( 1)
  86 W   0.86722 0.00958 0.12165 0.00155 ( 1)
  87 D   0.24109 0.62347 0.03486 0.10057 ( 2)
  88 V   0.03541 0.82623 0.00507 0.13328 ( 2)
  89 H   0.87041 0.00194 0.12734 0.00031 ( 1)
  90 G   0.02247 0.83886 0.00336 0.13532 ( 2)
  91 S   0.15882 0.70544 0.02195 0.11380 ( 2)
  92 C   0.25502 0.60951 0.03715 0.09832 ( 2)
  93 S   0.42877 0.43718 0.06353 0.07052 ( 2)
  94 S   0.00513 0.85493 0.00204 0.13791 ( 2)
  95 S   0.86467 0.00635 0.12796 0.00102 ( 1)
  96 A   0.00075 0.86035 0.00012 0.13879 ( 2)
  97 T   0.00129 0.85943 0.00064 0.13864 ( 2)
  98 H   0.87771 0.00124 0.12084 0.00020 ( 1)
  99 E   0.00085 0.85980 0.00065 0.13870 ( 2)
 100 R   0.87375 0.00362 0.12205 0.00058 ( 1)
 101 S   0.00255 0.85857 0.00038 0.13850 ( 2)
 102 A   0.76532 0.10454 0.11328 0.01686 ( 1)
 103 V   0.63078 0.24155 0.08870 0.03897 ( 1)
 104 -   0.55570 0.30539 0.08964 0.04926 ( 1)
 105 -   0.51585 0.34524 0.08321 0.05569 ( 1)
 106 -   0.31477 0.54632 0.05078 0.08813 ( 2)
 107 -   0.04016 0.82093 0.00648 0.13243 ( 2)
 108 -   0.16386 0.69723 0.02643 0.11247 ( 2)
 109 -   0.00125 0.85984 0.00020 0.13870 ( 2)
 110 -   0.00063 0.86046 0.00010 0.13880 ( 2)
 111 -   0.00002 0.86108 0.00000 0.13890 ( 2)
 112 -   0.00002 0.86108 0.00000 0.13890 ( 2)
 113 -   0.06364 0.79745 0.01027 0.12864 ( 2)
 114 -   0.33519 0.52590 0.05407 0.08483 ( 2)
 115 -   0.84797 0.01313 0.13679 0.00212 ( 1)
 116 -   0.01216 0.84893 0.00196 0.13694 ( 2)
 117 -   0.85876 0.00233 0.13853 0.00038 ( 1)
 118 -   0.02664 0.83445 0.00430 0.13461 ( 2)
 119 E   0.84630 0.03061 0.11815 0.00494 ( 1)
 120 G   0.88705 0.00001 0.11294 0.00000 ( 1)
 121 F   0.88151 0.00002 0.11847 0.00000 ( 1)
 122 S   0.02702 0.83439 0.00400 0.13460 ( 2)
 123 -   0.71444 0.14665 0.11525 0.02366 ( 1)
 124 -   0.78940 0.07170 0.12734 0.01157 ( 1)
 125 -   0.75428 0.10682 0.12168 0.01723 ( 1)
 126 -   0.77681 0.08428 0.12531 0.01360 ( 1)
 127 -   0.82102 0.04008 0.13244 0.00647 ( 1)
 128 -   0.82758 0.03352 0.13350 0.00541 ( 1)
 129 -   0.73363 0.12747 0.11834 0.02056 ( 1)
 130 -   0.42908 0.43201 0.06922 0.06969 ( 2)
 131 G   0.86566 0.01452 0.11748 0.00234 ( 1)
 132 C   0.83122 0.04146 0.12064 0.00669 ( 1)
 133 P   0.86755 0.01291 0.11746 0.00208 ( 1)
 134 S   0.83102 0.04170 0.12055 0.00673 ( 1)
 135 V   0.35606 0.49996 0.06333 0.08065 ( 2)
 136 L   0.44218 0.42598 0.06313 0.06872 ( 1)
 137 E   0.85652 0.01907 0.12133 0.00308 ( 1)
 138 L   0.82053 0.05284 0.11811 0.00852 ( 1)
 139 A   0.04136 0.82012 0.00622 0.13230 ( 2)
 140 A   0.80722 0.06218 0.12056 0.01003 ( 1)
 141 V   0.04044 0.81101 0.01772 0.13083 ( 2)
 142 W   0.05227 0.80973 0.00738 0.13062 ( 2)
 143 G   0.84428 0.02581 0.12576 0.00416 ( 1)
 144 I   0.12084 0.44630 0.36086 0.07199 ( 2)
 145 D   0.84070 0.03269 0.12134 0.00527 ( 1)
 146 E   0.08542 0.77532 0.01420 0.12507 ( 2)
 147 L   0.30757 0.54722 0.05694 0.08827 ( 2)
 148 T   0.44793 0.41726 0.06750 0.06731 ( 1)
 149 L   0.82162 0.05266 0.11723 0.00849 ( 1)
 150 D   0.84070 0.03269 0.12134 0.00527 ( 1)
 151 S   0.83318 0.03965 0.12077 0.00640 ( 1)
 152 W   0.86657 0.01023 0.12155 0.00165 ( 1)
 153 G   0.03544 0.80811 0.02610 0.13036 ( 2)
 154 S   0.25394 0.60841 0.03951 0.09814 ( 2)
 155 G   0.46023 0.40575 0.06857 0.06545 ( 1)


lnL = -2122.414149

Bayes Empirical Bayes (BEB) probabilities for 4 classes (class)
(amino acids refer to 1st sequence: AT2G33500_AT2G33500.1_Athaliana_Araport11)

   1 M   0.94284 0.00000 0.05716 0.00000 ( 1)
   2 -   0.55540 0.35898 0.05213 0.03349 ( 1)
   3 -   0.00867 0.90571 0.00082 0.08480 ( 2)
   4 -   0.07210 0.84228 0.00679 0.07883 ( 2)
   5 -   0.42964 0.48474 0.04036 0.04526 ( 2)
   6 -   0.81120 0.10318 0.07601 0.00961 ( 1)
   7 -   0.59662 0.31776 0.05599 0.02963 ( 1)
   8 -   0.32545 0.58893 0.03059 0.05503 ( 2)
   9 -   0.02993 0.88445 0.00282 0.08280 ( 2)
  10 -   0.83010 0.08428 0.07777 0.00785 ( 1)
  11 G   0.08733 0.83016 0.00700 0.07551 ( 2)
  12 T   0.00068 0.91257 0.00060 0.08615 ( 2)
  13 S   0.03752 0.88974 0.00258 0.07016 ( 2)
  14 T   0.00004 0.87561 0.00002 0.12432 ( 2)
  15 T   0.00710 0.90001 0.00119 0.09170 ( 2)
  16 V   0.82492 0.11156 0.05492 0.00860 ( 1)
  17 A   0.00006 0.90829 0.00012 0.09153 ( 2)
  18 C   0.93294 0.00023 0.06681 0.00002 ( 1)
  19 E   0.37861 0.00196 0.61930 0.00014 ( 3)
  20 F   0.01184 0.91783 0.00070 0.06963 ( 2)
  21 C   0.92898 0.00037 0.07062 0.00003 ( 1)
  22 G   0.30333 0.63532 0.01671 0.04464 ( 2)
  23 E   0.00156 0.92711 0.00010 0.07123 ( 2)
  24 R   0.11752 0.78645 0.01118 0.08484 ( 2)
  25 T   0.00249 0.92377 0.00018 0.07357 ( 2)
  26 A   0.93012 0.00036 0.06949 0.00003 ( 1)
  27 V   0.10239 0.82613 0.00692 0.06456 ( 2)
  28 L   0.57073 0.36130 0.03856 0.02941 ( 1)
  29 F   0.94370 0.00001 0.05628 0.00000 ( 1)
  30 C   0.93386 0.00026 0.06586 0.00002 ( 1)
  31 R   0.01781 0.90828 0.00128 0.07263 ( 2)
  32 A   0.93152 0.00036 0.06809 0.00003 ( 1)
  33 D   0.93495 0.00007 0.06498 0.00001 ( 1)
  34 T   0.14413 0.78330 0.01013 0.06244 ( 2)
  35 A   0.93003 0.00045 0.06948 0.00004 ( 1)
  36 K   0.93421 0.00190 0.06374 0.00015 ( 1)
  37 L   0.93548 0.00004 0.06448 0.00000 ( 1)
  38 C   0.93382 0.00030 0.06586 0.00002 ( 1)
  39 L   0.03347 0.89453 0.00224 0.06976 ( 2)
  40 P   0.00046 0.93209 0.00003 0.06741 ( 2)
  41 C   0.93385 0.00027 0.06586 0.00002 ( 1)
  42 D   0.93465 0.00005 0.06530 0.00000 ( 1)
  43 Q   0.03136 0.89839 0.00206 0.06820 ( 2)
  44 H   0.00013 0.91394 0.00029 0.08564 ( 2)
  45 V   0.93847 0.00034 0.06116 0.00003 ( 1)
  46 H   0.93300 0.00003 0.06696 0.00000 ( 1)
  47 S   0.02894 0.87515 0.00747 0.08844 ( 2)
  48 A   0.93009 0.00039 0.06949 0.00003 ( 1)
  49 N   0.94164 0.00000 0.05836 0.00000 ( 1)
  50 L   0.08039 0.84652 0.00560 0.06748 ( 2)
  51 L   0.93078 0.00021 0.06899 0.00002 ( 1)
  52 S   0.88601 0.04780 0.06234 0.00385 ( 1)
  53 R   0.00011 0.93070 0.00001 0.06919 ( 2)
  54 K   0.93498 0.00117 0.06376 0.00009 ( 1)
  55 H   0.93977 0.00003 0.06020 0.00000 ( 1)
  56 V   0.92938 0.00750 0.06253 0.00059 ( 1)
  57 R   0.93364 0.00037 0.06597 0.00003 ( 1)
  58 S   0.93271 0.00438 0.06257 0.00034 ( 1)
  59 Q   0.83223 0.10462 0.05516 0.00799 ( 1)
  60 I   0.94192 0.00068 0.05735 0.00005 ( 1)
  61 C   0.92581 0.00730 0.06630 0.00060 ( 1)
  62 D   0.91998 0.01488 0.06395 0.00119 ( 1)
  63 N   0.03766 0.89114 0.00235 0.06884 ( 2)
  64 C   0.92593 0.00717 0.06631 0.00059 ( 1)
  65 S   0.05682 0.85434 0.00846 0.08039 ( 2)
  66 K   0.16872 0.74188 0.02040 0.06900 ( 2)
  67 E   0.13983 0.79015 0.00928 0.06074 ( 2)
  68 P   0.94672 0.00097 0.05224 0.00007 ( 1)
  69 V   0.24965 0.68116 0.01640 0.05279 ( 2)
  70 S   0.63579 0.29332 0.04681 0.02408 ( 1)
  71 V   0.79744 0.13790 0.05379 0.01087 ( 1)
  72 R   0.04439 0.88173 0.00314 0.07074 ( 2)
  73 C   0.92185 0.00727 0.07027 0.00062 ( 1)
  74 F   0.05722 0.87757 0.00313 0.06207 ( 2)
  75 T   0.92138 0.01856 0.05864 0.00141 ( 1)
  76 D   0.89198 0.04237 0.06227 0.00338 ( 1)
  77 N   0.08444 0.85066 0.00477 0.06012 ( 2)
  78 L   0.18089 0.74743 0.01257 0.05910 ( 2)
  79 V   0.61012 0.31813 0.04416 0.02759 ( 1)
  80 L   0.92829 0.00845 0.06260 0.00066 ( 1)
  81 C   0.92778 0.00629 0.06543 0.00051 ( 1)
  82 Q   0.83302 0.10432 0.05471 0.00795 ( 1)
  83 E   0.18417 0.74626 0.01229 0.05729 ( 2)
  84 C   0.92778 0.00629 0.06543 0.00051 ( 1)
  85 D   0.93069 0.00428 0.06468 0.00034 ( 1)
  86 W   0.93048 0.00871 0.06015 0.00067 ( 1)
  87 D   0.38493 0.54480 0.02684 0.04342 ( 2)
  88 V   0.08602 0.84231 0.00582 0.06584 ( 2)
  89 H   0.93065 0.00237 0.06679 0.00019 ( 1)
  90 G   0.05658 0.86782 0.00429 0.07131 ( 2)
  91 S   0.27585 0.65567 0.01732 0.05117 ( 2)
  92 C   0.38471 0.54418 0.02731 0.04380 ( 2)
  93 S   0.57629 0.35199 0.04279 0.02893 ( 1)
  94 S   0.01376 0.86811 0.00631 0.11182 ( 2)
  95 S   0.92348 0.00755 0.06835 0.00062 ( 1)
  96 A   0.00265 0.90023 0.00031 0.09681 ( 2)
  97 T   0.00404 0.89920 0.00190 0.09486 ( 2)
  98 H   0.94015 0.00158 0.05815 0.00012 ( 1)
  99 E   0.00252 0.89282 0.00227 0.10239 ( 2)
 100 R   0.93534 0.00457 0.05974 0.00035 ( 1)
 101 S   0.00886 0.91533 0.00066 0.07514 ( 2)
 102 A   0.82846 0.10207 0.06114 0.00833 ( 1)
 103 V   0.74619 0.19066 0.04845 0.01470 ( 1)
 104 -   0.66267 0.25171 0.06216 0.02346 ( 1)
 105 -   0.62382 0.29056 0.05853 0.02709 ( 1)
 106 -   0.42133 0.49305 0.03958 0.04604 ( 2)
 107 -   0.08208 0.83229 0.00773 0.07789 ( 2)
 108 -   0.28110 0.63328 0.02643 0.05919 ( 2)
 109 -   0.00366 0.91072 0.00034 0.08528 ( 2)
 110 -   0.00187 0.91251 0.00018 0.08544 ( 2)
 111 -   0.00007 0.91431 0.00001 0.08561 ( 2)
 112 -   0.00006 0.91432 0.00001 0.08562 ( 2)
 113 -   0.12483 0.78955 0.01175 0.07387 ( 2)
 114 -   0.44419 0.47019 0.04172 0.04390 ( 2)
 115 -   0.90087 0.01351 0.08436 0.00126 ( 1)
 116 -   0.02639 0.88799 0.00248 0.08314 ( 2)
 117 -   0.91192 0.00246 0.08539 0.00023 ( 1)
 118 -   0.06994 0.84444 0.00658 0.07904 ( 2)
 119 E   0.91768 0.02204 0.05860 0.00168 ( 1)
 120 G   0.95094 0.00002 0.04904 0.00000 ( 1)
 121 F   0.94460 0.00002 0.05538 0.00000 ( 1)
 122 S   0.08210 0.84297 0.00606 0.06887 ( 2)
 123 -   0.76810 0.14628 0.07199 0.01363 ( 1)
 124 -   0.84303 0.07135 0.07898 0.00664 ( 1)
 125 -   0.80873 0.10565 0.07578 0.00984 ( 1)
 126 -   0.83037 0.08401 0.07780 0.00782 ( 1)
 127 -   0.87409 0.04029 0.08187 0.00375 ( 1)
 128 -   0.88058 0.03380 0.08247 0.00315 ( 1)
 129 -   0.78663 0.12775 0.07372 0.01190 ( 1)
 130 -   0.54049 0.37389 0.05074 0.03488 ( 1)
 131 G   0.92757 0.01610 0.05514 0.00118 ( 1)
 132 C   0.89053 0.04320 0.06280 0.00347 ( 1)
 133 P   0.92930 0.01451 0.05512 0.00106 ( 1)
 134 S   0.89028 0.04361 0.06260 0.00351 ( 1)
 135 V   0.44908 0.45241 0.05229 0.04623 ( 2)
 136 L   0.55454 0.37845 0.03741 0.02960 ( 1)
 137 E   0.91731 0.02051 0.06060 0.00158 ( 1)
 138 L   0.87895 0.05602 0.06058 0.00444 ( 1)
 139 A   0.08451 0.83913 0.00650 0.06986 ( 2)
 140 A   0.86511 0.06406 0.06550 0.00533 ( 1)
 141 V   0.07899 0.81235 0.02954 0.07912 ( 2)
 142 W   0.10581 0.82449 0.00690 0.06280 ( 2)
 143 G   0.90223 0.02783 0.06766 0.00229 ( 1)
 144 I   0.17197 0.41834 0.37239 0.03730 ( 2)
 145 D   0.90021 0.03448 0.06255 0.00275 ( 1)
 146 E   0.15995 0.75456 0.01537 0.07012 ( 2)
 147 L   0.39988 0.50648 0.04698 0.04666 ( 2)
 148 T   0.55067 0.37059 0.04574 0.03299 ( 1)
 149 L   0.88033 0.05592 0.05937 0.00438 ( 1)
 150 D   0.90021 0.03448 0.06255 0.00275 ( 1)
 151 S   0.89244 0.04149 0.06272 0.00335 ( 1)
 152 W   0.92807 0.01110 0.05999 0.00085 ( 1)
 153 G   0.07048 0.81055 0.04230 0.07668 ( 2)
 154 S   0.34068 0.56764 0.03463 0.05705 ( 2)
 155 G   0.57122 0.35661 0.04287 0.02930 ( 1)
