Supplemental results for CODEML (seqf: aligned.fas  treef: AT1G68520_AT1G68520.1_Athaliana_Araport11.treefile)

I	J	ij	2Ns_IJ	pMut_IJ	pSub_IJ	2Ns_JI	pMut_JI	pSub_JI

TTC	TTT	CT	-0.67369	0.04160	0.02915	0.67369	0.02121	0.02915
TTA	TTT	AT	0.43202	0.01442	0.01776	-0.43202	0.02221	0.01776
TTA	TTC	AC	1.10571	0.00551	0.00911	-1.10571	0.01666	0.00911
TTG	TTT	GT	-1.38265	0.06489	0.03005	1.38265	0.01628	0.03005
TTG	TTC	GC	-0.70896	0.02481	0.01705	0.70896	0.01221	0.01705
TTG	TTA	GA	-1.81467	0.04272	0.01509	1.81467	0.00696	0.01509
TCT	TTT	CT	-1.11552	0.06471	0.03519	1.11552	0.02121	0.03519
TCC	TTC	CT	-1.80867	0.09707	0.03441	1.80867	0.01591	0.03441
TCC	TCT	CT	-1.36684	0.09707	0.04539	1.36684	0.02474	0.04539
TCA	TTA	CT	-1.77230	0.04160	0.01510	1.77230	0.00707	0.01510
TCA	TCT	AT	-0.22476	0.03245	0.02894	0.22476	0.02591	0.02894
TCA	TCC	AC	1.14208	0.01241	0.02081	-1.14208	0.03887	0.02081
TCG	TTG	CT	-1.06673	0.09245	0.05174	1.06673	0.03181	0.05174
TCG	TCT	GT	-1.33386	0.07210	0.03440	1.33386	0.01900	0.03440
TCG	TCC	GC	0.03298	0.02757	0.02803	-0.03298	0.02849	0.02803
TCG	TCA	GA	-1.10910	0.04747	0.02591	1.10910	0.01566	0.02591
TAT	TTT	AT	0.71970	0.01082	0.01517	-0.71970	0.02221	0.01517
TAT	TCT	AC	1.83523	0.00414	0.00903	-1.83523	0.02591	0.00903
TAC	TTC	AT	0.14434	0.01442	0.01549	-0.14434	0.01666	0.01549
TAC	TCC	AC	1.95301	0.00551	0.01255	-1.95301	0.03887	0.01255
TAC	TAT	CT	-1.24906	0.01849	0.00929	1.24906	0.00530	0.00929
TGT	TTT	GT	-1.67033	0.08652	0.03350	1.67033	0.01628	0.03350
TGT	TCT	GC	-0.55481	0.03308	0.02475	0.55481	0.01900	0.02475
TGT	TAT	GA	-2.39003	0.05696	0.01373	2.39003	0.00522	0.01373
TGC	TTC	GT	-2.36348	0.12978	0.03186	2.36348	0.01221	0.03186
TGC	TCC	GC	-0.55481	0.04963	0.03713	0.55481	0.02849	0.03713
TGC	TAC	GA	-2.50781	0.08544	0.01900	2.50781	0.00696	0.01900
TGC	TGT	CT	-1.36684	0.16641	0.07782	1.36684	0.04242	0.07782
TGG	TTG	GT	-0.85940	0.05768	0.03640	0.85940	0.02442	0.03640
TGG	TCG	GC	0.20733	0.02206	0.02442	-0.20733	0.02714	0.02442
TGG	TGT	GT	-0.57172	0.05768	0.04276	0.57172	0.03256	0.04276
TGG	TGC	GC	0.79512	0.02206	0.03197	-0.79512	0.04885	0.03197
CTT	TTT	CT	-1.18452	0.06934	0.03619	1.18452	0.02121	0.03619
CTC	TTC	CT	-1.32910	0.06009	0.02875	1.32910	0.01591	0.02875
CTC	CTT	CT	-0.81827	0.06009	0.03882	0.81827	0.02651	0.03882
CTA	TTA	CT	-0.67369	0.01387	0.00972	0.67369	0.00707	0.00972
CTA	CTT	AT	0.94285	0.01082	0.01670	-0.94285	0.02777	0.01670
CTA	CTC	AC	1.76112	0.00414	0.00879	-1.76112	0.02406	0.00879
CTG	TTG	CT	0.31956	0.02311	0.02700	-0.31956	0.03181	0.02700
CTG	CTT	GT	0.12143	0.01803	0.01914	-0.12143	0.02035	0.01914
CTG	CTC	GC	0.93970	0.00689	0.01063	-0.93970	0.01764	0.01063
CTG	CTA	GA	-0.82142	0.01187	0.00765	0.82142	0.00522	0.00765
CCT	TCT	CT	-0.26823	0.03236	0.02821	0.26823	0.02474	0.02821
CCT	CTT	CT	-0.19923	0.03236	0.02924	0.19923	0.02651	0.02924
CCC	TCC	CT	0.98454	0.01387	0.02180	-0.98454	0.03712	0.02180
CCC	CTC	CT	0.50496	0.01387	0.01766	-0.50496	0.02298	0.01766
CCC	CCT	CT	-0.11408	0.01387	0.01309	0.11408	0.01237	0.01309
CCA	TCA	CT	-0.84359	0.03698	0.02355	0.84359	0.01591	0.02355
CCA	CTA	CT	-1.94220	0.03698	0.01202	1.94220	0.00530	0.01202
CCA	CCT	AT	-0.80012	0.02884	0.01883	0.80012	0.01296	0.01883
CCA	CCC	AC	-0.68605	0.01103	0.00767	0.68605	0.00555	0.00767
CCG	TCG	CT	0.64806	0.01849	0.02512	-0.64806	0.03535	0.02512
CCG	CTG	CT	-0.73823	0.01849	0.01250	0.73823	0.00884	0.01250
CCG	CCT	GT	-0.41757	0.01442	0.01162	0.41757	0.00950	0.01162
CCG	CCC	GC	-0.30349	0.00551	0.00472	0.30349	0.00407	0.00472
CCG	CCA	GA	0.38256	0.00949	0.01143	-0.38256	0.01392	0.01143
CAT	TAT	CT	-2.34767	0.05547	0.01376	2.34767	0.00530	0.01376
CAT	CTT	AT	-0.44345	0.04326	0.03438	0.44345	0.02777	0.03438
CAT	CCT	AC	-0.24422	0.01654	0.01460	0.24422	0.01296	0.01460
CAC	TAC	CT	-2.61960	0.09707	0.01997	2.61960	0.00707	0.01997
CAC	CTC	AT	-1.14616	0.07571	0.04043	1.14616	0.02406	0.04043
CAC	CCC	AC	-1.65113	0.02895	0.01135	1.65113	0.00555	0.01135
CAC	CAT	CT	-1.52099	0.09707	0.04128	1.52099	0.02121	0.04128
CAA	CTA	AT	-1.64742	0.02884	0.01133	1.64742	0.00555	0.01133
CAA	CCA	AC	0.29478	0.01103	0.01273	-0.29478	0.01481	0.01273
CAA	CAT	AT	-0.26113	0.02884	0.02524	0.26113	0.02221	0.02524
CAA	CAC	AC	1.25986	0.01103	0.01940	-1.25986	0.03887	0.01940
CAG	CTG	AT	-1.35974	0.03605	0.01693	1.35974	0.00926	0.01693
CAG	CCG	AC	-0.62151	0.01378	0.00994	0.62151	0.00740	0.00994
CAG	CAT	GT	-0.79486	0.03605	0.02360	0.79486	0.01628	0.02360
CAG	CAC	GC	0.72613	0.01378	0.01939	-0.72613	0.02849	0.01939
CAG	CAA	GA	-0.53373	0.02373	0.01796	0.53373	0.01392	0.01796
CGT	TGT	CT	-0.61653	0.07858	0.05683	0.61653	0.04242	0.05683
CGT	CTT	GT	-1.10234	0.06129	0.03359	1.10234	0.02035	0.03359
CGT	CCT	GC	-0.90311	0.02343	0.01442	0.90311	0.00950	0.01442
CGT	CAT	GA	-0.65890	0.04035	0.02850	0.65890	0.02088	0.02850
CGC	TGC	CT	0.22425	0.05085	0.05676	-0.22425	0.06363	0.05676
CGC	CTC	GT	-0.81013	0.03966	0.02574	0.81013	0.01764	0.02574
CGC	CCC	GC	-1.31509	0.01516	0.00732	1.31509	0.00407	0.00732
CGC	CAC	GA	0.33604	0.02611	0.03074	-0.33604	0.03653	0.03074
CGC	CGT	CT	-0.52605	0.05085	0.03864	0.52605	0.03005	0.03864
CGA	CTA	GT	-1.26486	0.01442	0.00717	1.26486	0.00407	0.00717
CGA	CCA	GC	0.67734	0.00551	0.00759	-0.67734	0.01085	0.00759
CGA	CAA	GA	0.38256	0.00949	0.01143	-0.38256	0.01392	0.01143
CGA	CGT	AT	0.78033	0.01442	0.02077	-0.78033	0.03147	0.02077
CGA	CGC	AC	1.30638	0.00551	0.00988	-1.30638	0.02036	0.00988
CGG	TGG	CT	0.01946	0.02773	0.02801	-0.01946	0.02828	0.02801
CGG	CTG	GT	-1.15950	0.02163	0.01146	1.15950	0.00678	0.01146
CGG	CCG	GC	-0.42127	0.00827	0.00665	0.42127	0.00543	0.00665
CGG	CAG	GA	0.20024	0.01424	0.01571	-0.20024	0.01740	0.01571
CGG	CGT	GT	0.06427	0.02163	0.02233	-0.06427	0.02307	0.02233
CGG	CGC	GC	0.59033	0.00827	0.01095	-0.59033	0.01493	0.01095
CGG	CGA	GA	-0.71605	0.01424	0.00975	0.71605	0.00696	0.00975
ATT	TTT	AT	1.81831	0.00361	0.00783	-1.81831	0.02221	0.00783
ATT	CTT	AC	3.00283	0.00138	0.00436	-3.00283	0.02777	0.00436
ATC	TTC	AT	-0.66659	0.03245	0.02282	0.66659	0.01666	0.02282
ATC	CTC	AC	0.66251	0.01241	0.01697	-0.66251	0.02406	0.01697
ATC	ATT	CT	-3.15860	0.04160	0.00583	3.15860	0.00177	0.00583
ATA	TTA	AT	7.93263	0.00000	0.00000	-7.93263	0.00740	0.00002
ATA	CTA	AC	8.60632	0.00000	0.00000	-8.60632	0.00555	0.00001
ATA	ATT	AT	6.54633	0.00000	0.00000	-6.54633	0.00185	0.00002
ATA	ATC	AC	9.70493	0.00000	0.00000	-9.70493	0.01666	0.00001
ATG	TTG	AT	-0.34117	0.04687	0.03933	0.34117	0.03332	0.03933
ATG	CTG	AC	-0.66073	0.01792	0.01265	0.66073	0.00926	0.01265
ATG	ATT	GT	-3.54213	0.04687	0.00495	3.54213	0.00136	0.00495
ATG	ATC	GC	-0.38353	0.01792	0.01470	0.38353	0.01221	0.01470
ATG	ATA	GA	-10.08846	0.03085	0.00001	10.08846	0.00000	0.00000
ACT	TCT	AT	-0.10698	0.02884	0.02733	0.10698	0.02591	0.02733
ACT	CCT	AC	0.16125	0.01103	0.01194	-0.16125	0.01296	0.01194
ACT	ATT	CT	-3.04081	0.03698	0.00564	3.04081	0.00177	0.00564
ACC	TCC	AT	0.99164	0.01442	0.02273	-0.99164	0.03887	0.02273
ACC	CCC	AC	0.00710	0.00551	0.00553	-0.00710	0.00555	0.00553
ACC	ATC	CT	-0.15044	0.01849	0.01713	0.15044	0.01591	0.01713
ACC	ACT	CT	-0.26823	0.01849	0.01612	0.26823	0.01414	0.01612
ACA	TCA	AT	-0.07881	0.01803	0.01732	0.07881	0.01666	0.01732
ACA	CCA	AC	0.76478	0.00689	0.00986	-0.76478	0.01481	0.00986
ACA	ATA	CT	-9.78373	0.02311	0.00001	9.78373	0.00000	0.00000
ACA	ACT	AT	-0.19659	0.01803	0.01631	0.19659	0.01481	0.01631
ACA	ACC	AC	0.07164	0.00689	0.00714	-0.07164	0.00740	0.00714
ACG	TCG	AT	-0.66659	0.07210	0.05072	0.66659	0.03702	0.05072
ACG	CCG	AC	-1.31466	0.02757	0.01331	1.31466	0.00740	0.01331
ACG	ATG	CT	-1.39216	0.09245	0.04257	1.39216	0.02298	0.04257
ACG	ACT	GT	-1.89347	0.07210	0.02420	1.89347	0.01085	0.02420
ACG	ACC	GC	-1.62525	0.02757	0.01098	1.62525	0.00543	0.01098
ACG	ACA	GA	-1.69688	0.04747	0.01807	1.69688	0.00870	0.01807
AAT	TAT	AT	-1.51389	0.02524	0.01078	1.51389	0.00555	0.01078
AAT	CAT	AC	0.83378	0.00965	0.01422	-0.83378	0.02221	0.01422
AAT	ATT	AT	-2.61250	0.02524	0.00522	2.61250	0.00185	0.00522
AAT	ACT	AC	0.42831	0.00965	0.01186	-0.42831	0.01481	0.01186
AAC	TAC	AT	-1.67819	0.03966	0.01528	1.67819	0.00740	0.01528
AAC	CAC	AC	0.94141	0.01516	0.02340	-0.94141	0.03887	0.02340
AAC	ATC	AT	-0.86726	0.03966	0.02491	0.86726	0.01666	0.02491
AAC	ACC	AC	-0.71682	0.01516	0.01037	0.71682	0.00740	0.01037
AAC	AAT	CT	-1.41336	0.05085	0.02311	1.41336	0.01237	0.02311
AAA	CAA	AC	-0.33383	0.02068	0.01742	0.33383	0.01481	0.01742
AAA	ATA	AT	-10.58756	0.05408	0.00001	10.58756	0.00000	0.00000
AAA	ACA	AC	-0.80383	0.02068	0.01347	0.80383	0.00926	0.01347
AAA	AAT	AT	-1.42873	0.05408	0.02435	1.42873	0.01296	0.02435
AAA	AAC	AC	-0.01537	0.02068	0.02052	0.01537	0.02036	0.02052
AAG	CAG	AC	-0.23585	0.02343	0.02078	0.23585	0.01851	0.02078
AAG	ATG	AT	-0.93486	0.06129	0.03704	0.93486	0.02406	0.03704
AAG	ACG	AC	0.45730	0.02343	0.02920	-0.45730	0.03702	0.02920
AAG	AAT	GT	-1.86448	0.06129	0.02096	1.86448	0.00950	0.02096
AAG	AAC	GC	-0.45113	0.02343	0.01854	0.45113	0.01493	0.01854
AAG	AAA	GA	-0.43575	0.04035	0.03219	0.43575	0.02610	0.03219
AGT	TGT	AT	0.43202	0.02884	0.03552	-0.43202	0.04443	0.03552
AGT	CGT	AC	1.04855	0.01103	0.01780	-1.04855	0.03147	0.01780
AGT	ATT	GT	-3.05662	0.02884	0.00435	3.05662	0.00136	0.00435
AGT	ACT	GC	-0.01581	0.01103	0.01094	0.01581	0.01085	0.01094
AGT	AAT	GA	-0.44412	0.01899	0.01508	0.44412	0.01218	0.01508
AGC	TGC	AT	0.43202	0.04326	0.05328	-0.43202	0.06664	0.05328
AGC	CGC	AC	0.20777	0.01654	0.01832	-0.20777	0.02036	0.01832
AGC	ATC	GT	-1.26486	0.04326	0.02152	1.26486	0.01221	0.02152
AGC	ACC	GC	-1.11442	0.01654	0.00900	1.11442	0.00543	0.00900
AGC	AAC	GA	-0.39760	0.02848	0.02319	0.39760	0.01914	0.02319
AGC	AGT	CT	-1.36684	0.05547	0.02594	1.36684	0.01414	0.02594
AGA	CGA	AC	-0.80383	0.01654	0.01077	0.80383	0.00740	0.01077
AGA	ATA	GT	-10.67501	0.04326	0.00001	10.67501	0.00000	0.00000
AGA	ACA	GC	-0.89128	0.01654	0.01025	0.89128	0.00678	0.01025
AGA	AAA	GA	-0.08745	0.02848	0.02725	0.08745	0.02610	0.02725
AGA	AGT	AT	-1.07206	0.04326	0.02414	1.07206	0.01481	0.02414
AGA	AGC	AC	0.29478	0.01654	0.01910	-0.29478	0.02221	0.01910
AGG	TGG	AT	-0.19659	0.03605	0.03262	0.19659	0.02962	0.03262
AGG	CGG	AC	-0.21604	0.01378	0.01235	0.21604	0.01111	0.01235
AGG	ATG	GT	-0.71482	0.03605	0.02469	0.71482	0.01764	0.02469
AGG	ACG	GC	0.67734	0.01378	0.01898	-0.67734	0.02714	0.01898
AGG	AAG	GA	0.22004	0.02373	0.02644	-0.22004	0.02958	0.02644
AGG	AGT	GT	-1.20033	0.03605	0.01864	1.20033	0.01085	0.01864
AGG	AGC	GC	0.16651	0.01378	0.01496	-0.16651	0.01628	0.01496
AGG	AGA	GA	-0.12827	0.02373	0.02224	0.12827	0.02088	0.02224
GTT	TTT	GT	-1.32549	0.06129	0.02939	1.32549	0.01628	0.02939
GTT	CTT	GC	-0.14097	0.02343	0.02182	0.14097	0.02035	0.02182
GTT	ATT	GA	-3.14380	0.04035	0.00572	3.14380	0.00174	0.00572
GTC	TTC	GT	-1.41901	0.05047	0.02286	1.41901	0.01221	0.02286
GTC	CTC	GC	-0.08992	0.01930	0.01844	0.08992	0.01764	0.01844
GTC	ATC	GA	-0.75242	0.03323	0.02228	0.75242	0.01566	0.02228
GTC	GTT	CT	-0.76722	0.06471	0.04303	0.76722	0.03005	0.04303
GTA	TTA	GT	-1.67033	0.02884	0.01117	1.67033	0.00543	0.01117
GTA	CTA	GC	-0.99664	0.01103	0.00643	0.99664	0.00407	0.00643
GTA	ATA	GA	-9.60295	0.01899	0.00001	9.60295	0.00000	0.00000
GTA	GTT	AT	0.08718	0.02884	0.03012	-0.08718	0.03147	0.03012
GTA	GTC	AC	0.85440	0.01103	0.01640	-0.85440	0.02591	0.01640
GTG	TTG	GT	-0.65176	0.04687	0.03324	0.65176	0.02442	0.03324
GTG	CTG	GC	-0.97132	0.01792	0.01060	0.97132	0.00678	0.01060
GTG	ATG	GA	-0.31059	0.03085	0.02631	0.31059	0.02262	0.02631
GTG	GTT	GT	-0.70892	0.04687	0.03220	0.70892	0.02307	0.03220
GTG	GTC	GC	0.05830	0.01792	0.01845	-0.05830	0.01900	0.01845
GTG	GTA	GA	-0.79610	0.03085	0.02019	0.79610	0.01392	0.02019
GCT	TCT	GT	-1.70542	0.10455	0.03959	1.70542	0.01900	0.03959
GCT	CCT	GC	-1.43719	0.03998	0.01790	1.43719	0.00950	0.01790
GCT	ACT	GA	-1.59844	0.06883	0.02789	1.59844	0.01392	0.02789
GCT	GTT	CT	-1.49546	0.13405	0.05792	1.49546	0.03005	0.05792
GCC	TCC	GT	-0.82303	0.06489	0.04181	0.82303	0.02849	0.04181
GCC	CCC	GC	-1.80757	0.02481	0.00880	1.80757	0.00407	0.00880
GCC	ACC	GA	-1.81467	0.04272	0.01509	1.81467	0.00696	0.01509
GCC	GTC	CT	-1.21269	0.08320	0.04271	1.21269	0.02474	0.04271
GCC	GCT	CT	-0.48445	0.08320	0.06467	0.48445	0.05126	0.06467
GCA	TCA	GT	-1.26486	0.04326	0.02152	1.26486	0.01221	0.02152
GCA	CCA	GC	-0.42127	0.01654	0.01330	0.42127	0.01085	0.01330
GCA	ACA	GA	-1.18606	0.02848	0.01485	1.18606	0.00870	0.01485
GCA	GTA	CT	-1.36684	0.05547	0.02594	1.36684	0.01414	0.02594
GCA	GCT	AT	0.21580	0.04326	0.04810	-0.21580	0.05368	0.04810
GCA	GCC	AC	0.70025	0.01654	0.02300	-0.70025	0.03332	0.02300
GCG	TCG	GT	-1.20033	0.09013	0.04661	1.20033	0.02714	0.04661
GCG	CCG	GC	-1.84839	0.03446	0.01191	1.84839	0.00543	0.01191
GCG	ACG	GA	-0.53373	0.05934	0.04490	0.53373	0.03479	0.04490
GCG	GTG	CT	-1.61530	0.11556	0.04633	1.61530	0.02298	0.04633
GCG	GCT	GT	-0.82876	0.09013	0.05788	0.82876	0.03935	0.05788
GCG	GCC	GC	-0.34431	0.03446	0.02887	0.34431	0.02442	0.02887
GCG	GCA	GA	-1.04456	0.05934	0.03365	1.04456	0.02088	0.03365
GAT	TAT	GT	-3.21077	0.10094	0.01362	3.21077	0.00407	0.01362
GAT	CAT	GC	-0.86311	0.03860	0.02431	0.86311	0.01628	0.02431
GAT	AAT	GA	-1.69688	0.06646	0.02530	1.69688	0.01218	0.02530
GAT	GTT	AT	-1.16558	0.10094	0.05329	1.16558	0.03147	0.05329
GAT	GCT	AC	0.32987	0.03860	0.04531	-0.32987	0.05368	0.04531
GAC	TAC	GT	-2.58662	0.07210	0.01518	2.58662	0.00543	0.01518
GAC	CAC	GC	0.03298	0.02757	0.02803	-0.03298	0.02849	0.02803
GAC	AAC	GA	-0.90843	0.04747	0.02913	0.90843	0.01914	0.02913
GAC	GTC	AT	-1.02327	0.07210	0.04140	1.02327	0.02591	0.04140
GAC	GCC	AC	0.18942	0.02757	0.03026	-0.18942	0.03332	0.03026
GAC	GAT	CT	-0.62490	0.09245	0.06655	0.62490	0.04949	0.06655
GAA	CAA	GC	-0.64442	0.02068	0.01473	0.64442	0.01085	0.01473
GAA	AAA	GA	-0.31059	0.03560	0.03036	0.31059	0.02610	0.03036
GAA	GTA	AT	-1.29520	0.05408	0.02641	1.29520	0.01481	0.02641
GAA	GCA	AC	0.07164	0.02068	0.02143	-0.07164	0.02221	0.02143
GAA	GAT	AT	-0.04244	0.05408	0.05294	0.04244	0.05183	0.05294
GAA	GAC	AC	0.58246	0.02068	0.02728	-0.58246	0.03702	0.02728
GAG	CAG	GC	-0.54644	0.02343	0.01761	0.54644	0.01357	0.01761
GAG	AAG	GA	-0.31059	0.04035	0.03441	0.31059	0.02958	0.03441
GAG	GTG	AT	-0.93486	0.06129	0.03704	0.93486	0.02406	0.03704
GAG	GCG	AC	0.68044	0.02343	0.03230	-0.68044	0.04628	0.03230
GAG	GAT	GT	-0.47819	0.06129	0.04780	0.47819	0.03799	0.04780
GAG	GAC	GC	0.14671	0.02343	0.02520	-0.14671	0.02714	0.02520
GAG	GAA	GA	-0.43575	0.04035	0.03219	0.43575	0.02610	0.03219
GGT	TGT	GT	0.00365	0.03245	0.03251	-0.00365	0.03256	0.03251
GGT	CGT	GC	0.62018	0.01241	0.01665	-0.62018	0.02307	0.01665
GGT	AGT	GA	-0.42837	0.02136	0.01711	0.42837	0.01392	0.01711
GGT	GTT	GT	-0.34119	0.03245	0.02722	0.34119	0.02307	0.02722
GGT	GCT	GC	1.15426	0.01241	0.02091	-1.15426	0.03935	0.02091
GGT	GAT	GA	0.82439	0.02136	0.03136	-0.82439	0.04871	0.03136
GGC	TGC	GT	0.81458	0.02163	0.03162	-0.81458	0.04885	0.03162
GGC	CGC	GC	0.59033	0.00827	0.01095	-0.59033	0.01493	0.01095
GGC	AGC	GA	0.38256	0.01424	0.01714	-0.38256	0.02088	0.01714
GGC	GTC	GT	-0.12988	0.02163	0.02026	0.12988	0.01900	0.02026
GGC	GCC	GC	1.08280	0.00827	0.01354	-1.08280	0.02442	0.01354
GGC	GAC	GA	0.89338	0.01424	0.02154	-0.89338	0.03479	0.02154
GGC	GGT	CT	-0.55591	0.02773	0.02074	0.55591	0.01591	0.02074
GGA	CGA	GC	-1.26857	0.01930	0.00958	1.26857	0.00543	0.00958
GGA	AGA	GA	-0.46474	0.03323	0.02610	0.46474	0.02088	0.02610
GGA	GTA	GT	-1.53680	0.05047	0.02125	1.53680	0.01085	0.02125
GGA	GCA	GC	-0.16996	0.01930	0.01771	0.16996	0.01628	0.01771
GGA	GAA	GA	-0.24160	0.03323	0.02938	0.24160	0.02610	0.02938
GGA	GGT	AT	-1.10842	0.05047	0.02756	1.10842	0.01666	0.02756
GGA	GGC	AC	-0.55252	0.01930	0.01446	0.55252	0.01111	0.01446
GGG	TGG	GT	0.69679	0.01082	0.01502	-0.69679	0.02171	0.01502
GGG	CGG	GC	0.67734	0.00414	0.00569	-0.67734	0.00814	0.00569
GGG	AGG	GA	0.89338	0.00712	0.01077	-0.89338	0.01740	0.01077
GGG	GTG	GT	0.48916	0.01082	0.01368	-0.48916	0.01764	0.01368
GGG	GCG	GC	2.10445	0.00414	0.00991	-2.10445	0.03392	0.00991
GGG	GAG	GA	1.42401	0.00712	0.01335	-1.42401	0.02958	0.01335
GGG	GGT	GT	0.12143	0.01082	0.01149	-0.12143	0.01221	0.01149
GGG	GGC	GC	0.67734	0.00414	0.00569	-0.67734	0.00814	0.00569
GGG	GGA	GA	1.22986	0.00712	0.01237	-1.22986	0.02436	0.01237


Histograms
2Ns	FMut	FSub(CodonUsage)	FSubw(after w)

-10.16668	0.01185	0.00001
-9.15001	0.00134	0.00000
-8.13334	0.00091	0.00000
-7.11667	0.00000	0.00000
-6.10001	0.00013	0.00000
-5.08334	0.00000	0.00000
-4.06667	0.00000	0.00000
-3.05000	0.03653	0.00729
-2.03334	0.11429	0.04779
-1.01667	0.38278	0.27296
0.00000	0.28652	0.34390
1.01667	0.14559	0.27296
2.03334	0.01810	0.04779
3.05000	0.00196	0.00729
4.06667	0.00000	0.00000
5.08334	0.00000	0.00000
6.10001	0.00000	0.00000
7.11667	0.00000	0.00000
8.13334	0.00000	0.00000
9.15001	0.00000	0.00000
10.16668	0.00000	0.00000

Proportion of advantageous (S > 0) mutations:
 0.29026

Proportions of good & bad mutations (|S| > 2.0000) among mutations:
0.00435  0.07627

mean |Ns| = 1.10182	mean Ns+ = 0.70394	mean Ns- = -1.26454


MLEs of dN/dS (w) for site classes (K=4)

site class             0        1       2a       2b
proportion       0.16007  0.12202  0.40738  0.31054
background w     0.04084  1.00000  0.04084  1.00000
foreground w     0.04084  1.00000  1.26950  1.26950

Naive Empirical Bayes (NEB) probabilities for 4 classes
(amino acids refer to 1st sequence: AT2G33500_AT2G33500.1_Athaliana_Araport11)

   1 M   0.28209 0.00000 0.71791 0.00000 ( 3)
   2 -   0.17604 0.10604 0.44803 0.26989 ( 3)
   3 -   0.00240 0.27969 0.00610 0.71182 ( 4)
   4 -   0.01976 0.26233 0.05028 0.66763 ( 4)
   5 -   0.13583 0.14625 0.34569 0.37222 ( 4)
   6 -   0.25446 0.02762 0.64761 0.07030 ( 3)
   7 -   0.20248 0.07961 0.51531 0.20260 ( 3)
   8 -   0.10081 0.18128 0.25656 0.46135 ( 4)
   9 -   0.00800 0.27408 0.02037 0.69755 ( 4)
  10 -   0.26217 0.01992 0.66722 0.05069 ( 3)
  11 G   0.02658 0.25551 0.06764 0.65028 ( 4)
  12 T   0.00010 0.28198 0.00027 0.71765 ( 4)
  13 S   0.00709 0.27499 0.01805 0.69986 ( 4)
  14 T   0.00001 0.28208 0.00002 0.71790 ( 4)
  15 T   0.00099 0.28110 0.00251 0.71540 ( 4)
  16 V   0.24938 0.03271 0.63467 0.08325 ( 3)
  17 A   0.00001 0.28207 0.00004 0.71788 ( 4)
  18 C   0.28204 0.00004 0.71780 0.00011 ( 3)
  19 E   0.28148 0.00061 0.71637 0.00154 ( 3)
  20 F   0.00196 0.28012 0.00499 0.71292 ( 4)
  21 C   0.28201 0.00008 0.71772 0.00020 ( 3)
  22 G   0.07511 0.20697 0.19116 0.52675 ( 4)
  23 E   0.00025 0.28183 0.00065 0.71727 ( 4)
  24 R   0.03825 0.24384 0.09734 0.62058 ( 4)
  25 T   0.00042 0.28167 0.00106 0.71685 ( 4)
  26 A   0.28201 0.00008 0.71772 0.00019 ( 3)
  27 V   0.02405 0.25803 0.06122 0.65670 ( 4)
  28 L   0.16992 0.11217 0.43245 0.28547 ( 3)
  29 F   0.28208 0.00000 0.71791 0.00001 ( 3)
  30 C   0.28203 0.00005 0.71778 0.00014 ( 3)
  31 R   0.00280 0.27928 0.00714 0.71078 ( 4)
  32 A   0.28201 0.00008 0.71772 0.00020 ( 3)
  33 D   0.28207 0.00001 0.71788 0.00003 ( 3)
  34 T   0.02542 0.25667 0.06468 0.65323 ( 4)
  35 A   0.28200 0.00009 0.71769 0.00023 ( 3)
  36 K   0.28127 0.00082 0.71582 0.00209 ( 3)
  37 L   0.28208 0.00001 0.71790 0.00002 ( 3)
  38 C   0.28202 0.00006 0.71776 0.00016 ( 3)
  39 L   0.00166 0.28042 0.00424 0.71368 ( 4)
  40 P   0.00012 0.28196 0.00032 0.71760 ( 4)
  41 C   0.28203 0.00005 0.71778 0.00013 ( 3)
  42 D   0.28208 0.00001 0.71789 0.00002 ( 3)
  43 Q   0.00518 0.27691 0.01318 0.70473 ( 4)
  44 H   0.00003 0.28206 0.00007 0.71785 ( 4)
  45 V   0.28203 0.00006 0.71777 0.00015 ( 3)
  46 H   0.28208 0.00001 0.71790 0.00002 ( 3)
  47 S   0.00473 0.27736 0.01203 0.70589 ( 4)
  48 A   0.28201 0.00008 0.71771 0.00020 ( 3)
  49 N   0.28209 0.00000 0.71791 0.00000 ( 3)
  50 L   0.01513 0.26696 0.03850 0.67941 ( 4)
  51 L   0.28204 0.00004 0.71781 0.00011 ( 3)
  52 S   0.26580 0.01628 0.67647 0.04144 ( 3)
  53 R   0.00002 0.28207 0.00004 0.71787 ( 4)
  54 K   0.28180 0.00029 0.71718 0.00074 ( 3)
  55 H   0.28208 0.00001 0.71790 0.00002 ( 3)
  56 V   0.27993 0.00215 0.71243 0.00548 ( 3)
  57 R   0.28203 0.00006 0.71776 0.00015 ( 3)
  58 S   0.28048 0.00160 0.71383 0.00408 ( 3)
  59 Q   0.24291 0.03917 0.61822 0.09969 ( 3)
  60 I   0.28192 0.00016 0.71750 0.00042 ( 3)
  61 C   0.28015 0.00193 0.71300 0.00492 ( 3)
  62 D   0.27742 0.00467 0.70603 0.01188 ( 3)
  63 N   0.00582 0.27626 0.01482 0.70309 ( 4)
  64 C   0.28018 0.00191 0.71306 0.00485 ( 3)
  65 S   0.00719 0.27490 0.01829 0.69962 ( 4)
  66 K   0.02857 0.25352 0.07270 0.64521 ( 4)
  67 E   0.03311 0.24898 0.08426 0.63366 ( 4)
  68 P   0.28187 0.00021 0.71737 0.00054 ( 3)
  69 V   0.05852 0.22357 0.14893 0.56899 ( 4)
  70 S   0.16884 0.11325 0.42969 0.28823 ( 3)
  71 V   0.24118 0.04091 0.61380 0.10412 ( 3)
  72 R   0.00690 0.27519 0.01756 0.70035 ( 4)
  73 C   0.28017 0.00192 0.71303 0.00489 ( 3)
  74 F   0.00968 0.27241 0.02463 0.69328 ( 4)
  75 T   0.27616 0.00592 0.70284 0.01507 ( 3)
  76 D   0.26894 0.01315 0.68446 0.03346 ( 3)
  77 N   0.01417 0.26792 0.03606 0.68185 ( 4)
  78 L   0.04363 0.23845 0.11105 0.60687 ( 4)
  79 V   0.15898 0.12311 0.40460 0.31331 ( 3)
  80 L   0.28000 0.00208 0.71261 0.00530 ( 3)
  81 C   0.28044 0.00165 0.71373 0.00419 ( 3)
  82 Q   0.24097 0.04112 0.61327 0.10465 ( 3)
  83 E   0.03651 0.24558 0.09292 0.62500 ( 4)
  84 C   0.28044 0.00165 0.71373 0.00419 ( 3)
  85 D   0.28101 0.00108 0.71517 0.00275 ( 3)
  86 W   0.27931 0.00278 0.71084 0.00707 ( 3)
  87 D   0.10198 0.18010 0.25955 0.45837 ( 4)
  88 V   0.01708 0.26501 0.04346 0.67446 ( 4)
  89 H   0.28149 0.00060 0.71640 0.00152 ( 3)
  90 G   0.01022 0.27186 0.02602 0.69189 ( 4)
  91 S   0.06345 0.21864 0.16148 0.55643 ( 4)
  92 C   0.09457 0.18752 0.24068 0.47723 ( 4)
  93 S   0.15795 0.12413 0.40199 0.31592 ( 3)
  94 S   0.00152 0.28056 0.00387 0.71404 ( 4)
  95 S   0.28012 0.00196 0.71292 0.00499 ( 3)
  96 A   0.00034 0.28175 0.00086 0.71705 ( 4)
  97 T   0.00058 0.28150 0.00148 0.71643 ( 4)
  98 H   0.28170 0.00038 0.71695 0.00097 ( 3)
  99 E   0.00039 0.28170 0.00099 0.71692 ( 4)
 100 R   0.28096 0.00112 0.71506 0.00285 ( 3)
 101 S   0.00131 0.28077 0.00334 0.71457 ( 4)
 102 A   0.25190 0.03019 0.64109 0.07683 ( 3)
 103 V   0.21575 0.06633 0.54909 0.16882 ( 3)
 104 -   0.21200 0.07008 0.53955 0.17836 ( 3)
 105 -   0.20899 0.07309 0.53189 0.18603 ( 3)
 106 -   0.13077 0.15131 0.33282 0.38510 ( 4)
 107 -   0.02482 0.25727 0.06316 0.65475 ( 4)
 108 -   0.00273 0.27934 0.00700 0.71093 ( 4)
 109 -   0.00004 0.28205 0.00009 0.71782 ( 4)
 110 -   0.00002 0.28207 0.00005 0.71787 ( 4)
 111 -   0.00003 0.28205 0.00008 0.71783 ( 4)
 112 -   0.00000 0.28208 0.00000 0.71791 ( 4)
 113 -   0.03717 0.24492 0.09459 0.62333 ( 4)
 114 -   0.13831 0.14377 0.35201 0.36590 ( 4)
 115 -   0.27875 0.00334 0.70942 0.00849 ( 3)
 116 -   0.00703 0.27506 0.01789 0.70002 ( 4)
 117 -   0.28162 0.00047 0.71671 0.00120 ( 3)
 118 -   0.01750 0.26459 0.04453 0.67339 ( 4)
 119 E   0.27703 0.00505 0.70506 0.01286 ( 3)
 120 G   0.28208 0.00000 0.71791 0.00001 ( 3)
 121 F   0.28208 0.00000 0.71790 0.00001 ( 3)
 122 S   0.02005 0.26204 0.05102 0.66689 ( 4)
 123 -   0.24424 0.03785 0.62160 0.09632 ( 3)
 124 -   0.26476 0.01733 0.67382 0.04409 ( 3)
 125 -   0.25393 0.02815 0.64626 0.07165 ( 3)
 126 -   0.26068 0.02140 0.66344 0.05447 ( 3)
 127 -   0.27468 0.00740 0.69907 0.01884 ( 3)
 128 -   0.27423 0.00786 0.69792 0.01999 ( 3)
 129 -   0.24931 0.03278 0.63449 0.08343 ( 3)
 130 -   0.18659 0.09550 0.47486 0.24305 ( 3)
 131 G   0.27777 0.00431 0.70694 0.01098 ( 3)
 132 C   0.26975 0.01234 0.68652 0.03140 ( 3)
 133 P   0.27821 0.00388 0.70805 0.00986 ( 3)
 134 S   0.26954 0.01255 0.68597 0.03194 ( 3)
 135 V   0.11049 0.17159 0.28121 0.43670 ( 4)
 136 L   0.15577 0.12632 0.39643 0.32148 ( 3)
 137 E   0.27641 0.00568 0.70347 0.01444 ( 3)
 138 L   0.26610 0.01599 0.67723 0.04068 ( 3)
 139 A   0.01803 0.26405 0.04589 0.67202 ( 4)
 140 A   0.26332 0.01877 0.67015 0.04776 ( 3)
 141 V   0.01597 0.26612 0.04064 0.67727 ( 4)
 142 W   0.02378 0.25831 0.06052 0.65739 ( 4)
 143 G   0.27420 0.00788 0.69785 0.02006 ( 3)
 144 I   0.10950 0.17259 0.27868 0.43924 ( 4)
 145 D   0.27231 0.00978 0.69303 0.02488 ( 3)
 146 E   0.02973 0.25236 0.07566 0.64225 ( 4)
 147 L   0.09792 0.18416 0.24921 0.46870 ( 4)
 148 T   0.14941 0.13268 0.38025 0.33767 ( 3)
 149 L   0.26626 0.01583 0.67764 0.04028 ( 3)
 150 D   0.27231 0.00978 0.69303 0.02488 ( 3)
 151 S   0.27021 0.01187 0.68770 0.03021 ( 3)
 152 W   0.27906 0.00302 0.71022 0.00770 ( 3)
 153 G   0.01618 0.26591 0.04118 0.67674 ( 4)
 154 S   0.08701 0.19508 0.22144 0.49648 ( 4)
 155 G   0.16276 0.11933 0.41423 0.30369 ( 3)


lnL = -2123.192312

Bayes Empirical Bayes (BEB) probabilities for 4 classes (class)
(amino acids refer to 1st sequence: AT2G33500_AT2G33500.1_Athaliana_Araport11)

   1 M   0.68820 0.00000 0.31180 0.00000 ( 1)
   2 -   0.46723 0.22098 0.20976 0.10203 ( 1)
   3 -   0.00976 0.67844 0.00433 0.30746 ( 2)
   4 -   0.07374 0.61447 0.03278 0.27902 ( 2)
   5 -   0.37518 0.31302 0.16794 0.14386 ( 1)
   6 -   0.62375 0.06445 0.28176 0.03004 ( 1)
   7 -   0.52405 0.16415 0.23576 0.07604 ( 1)
   8 -   0.28953 0.39867 0.12929 0.18250 ( 2)
   9 -   0.03108 0.65713 0.01380 0.29799 ( 2)
  10 -   0.64159 0.04661 0.29005 0.02175 ( 1)
  11 G   0.11604 0.57215 0.05163 0.26018 ( 2)
  12 T   0.00080 0.68741 0.00035 0.31144 ( 2)
  13 S   0.03217 0.65603 0.01429 0.29751 ( 2)
  14 T   0.00005 0.68816 0.00002 0.31178 ( 2)
  15 T   0.00545 0.68275 0.00242 0.30938 ( 2)
  16 V   0.62748 0.06072 0.28349 0.02831 ( 1)
  17 A   0.00011 0.68809 0.00005 0.31175 ( 2)
  18 C   0.68808 0.00012 0.31174 0.00006 ( 1)
  19 E   0.68688 0.00133 0.31118 0.00062 ( 1)
  20 F   0.01262 0.67558 0.00560 0.30619 ( 2)
  21 C   0.68800 0.00020 0.31170 0.00009 ( 1)
  22 G   0.29152 0.39668 0.13019 0.18161 ( 2)
  23 E   0.00170 0.68651 0.00075 0.31104 ( 2)
  24 R   0.14859 0.53961 0.06614 0.24565 ( 2)
  25 T   0.00271 0.68550 0.00120 0.31060 ( 2)
  26 A   0.68800 0.00020 0.31170 0.00009 ( 1)
  27 V   0.11337 0.57483 0.05043 0.26137 ( 2)
  28 L   0.49391 0.19430 0.22195 0.08985 ( 1)
  29 F   0.68820 0.00001 0.31179 0.00000 ( 1)
  30 C   0.68806 0.00014 0.31173 0.00007 ( 1)
  31 R   0.01598 0.67222 0.00710 0.30470 ( 2)
  32 A   0.68800 0.00021 0.31170 0.00010 ( 1)
  33 D   0.68817 0.00003 0.31178 0.00002 ( 1)
  34 T   0.12093 0.56728 0.05380 0.25800 ( 2)
  35 A   0.68797 0.00023 0.31169 0.00011 ( 1)
  36 K   0.68691 0.00130 0.31119 0.00061 ( 1)
  37 L   0.68818 0.00002 0.31179 0.00001 ( 1)
  38 C   0.68804 0.00016 0.31172 0.00008 ( 1)
  39 L   0.01021 0.67799 0.00455 0.30726 ( 2)
  40 P   0.00081 0.68739 0.00036 0.31144 ( 2)
  41 C   0.68807 0.00014 0.31173 0.00006 ( 1)
  42 D   0.68818 0.00002 0.31179 0.00001 ( 1)
  43 Q   0.03086 0.65734 0.01371 0.29809 ( 2)
  44 H   0.00021 0.68799 0.00009 0.31171 ( 2)
  45 V   0.68807 0.00013 0.31173 0.00006 ( 1)
  46 H   0.68819 0.00002 0.31179 0.00001 ( 1)
  47 S   0.02522 0.66298 0.01120 0.30059 ( 2)
  48 A   0.68799 0.00021 0.31170 0.00010 ( 1)
  49 N   0.68820 0.00000 0.31180 0.00000 ( 1)
  50 L   0.08274 0.60546 0.03679 0.27501 ( 2)
  51 L   0.68809 0.00012 0.31174 0.00005 ( 1)
  52 S   0.65935 0.02885 0.29832 0.01348 ( 1)
  53 R   0.00012 0.68808 0.00005 0.31175 ( 2)
  54 K   0.68755 0.00065 0.31149 0.00030 ( 1)
  55 H   0.68819 0.00002 0.31179 0.00001 ( 1)
  56 V   0.68424 0.00397 0.30994 0.00186 ( 1)
  57 R   0.68803 0.00017 0.31172 0.00008 ( 1)
  58 S   0.68529 0.00291 0.31043 0.00136 ( 1)
  59 Q   0.62807 0.06013 0.28376 0.02803 ( 1)
  60 I   0.68784 0.00037 0.31163 0.00017 ( 1)
  61 C   0.68321 0.00499 0.30946 0.00234 ( 1)
  62 D   0.67787 0.01033 0.30697 0.00483 ( 1)
  63 N   0.02918 0.65902 0.01296 0.29884 ( 2)
  64 C   0.68329 0.00491 0.30950 0.00230 ( 1)
  65 S   0.03518 0.65302 0.01563 0.29617 ( 2)
  66 K   0.11153 0.57667 0.04961 0.26219 ( 2)
  67 E   0.11560 0.57260 0.05143 0.26037 ( 2)
  68 P   0.68757 0.00063 0.31151 0.00029 ( 1)
  69 V   0.19643 0.49177 0.08753 0.22427 ( 2)
  70 S   0.46828 0.21992 0.21025 0.10155 ( 1)
  71 V   0.59862 0.08958 0.27011 0.04169 ( 1)
  72 R   0.03354 0.65466 0.01490 0.29690 ( 2)
  73 C   0.68326 0.00494 0.30949 0.00231 ( 1)
  74 F   0.04336 0.64484 0.01927 0.29253 ( 2)
  75 T   0.67525 0.01295 0.30574 0.00606 ( 1)
  76 D   0.66031 0.02789 0.29877 0.01303 ( 1)
  77 N   0.06651 0.62169 0.02956 0.28224 ( 2)
  78 L   0.15610 0.53210 0.06950 0.24230 ( 2)
  79 V   0.44206 0.24614 0.19830 0.11350 ( 1)
  80 L   0.68256 0.00564 0.30916 0.00264 ( 1)
  81 C   0.68395 0.00425 0.30981 0.00199 ( 1)
  82 Q   0.61387 0.07433 0.27718 0.03462 ( 1)
  83 E   0.14273 0.54547 0.06353 0.24827 ( 2)
  84 C   0.68395 0.00425 0.30981 0.00199 ( 1)
  85 D   0.68531 0.00289 0.31045 0.00135 ( 1)
  86 W   0.68208 0.00612 0.30894 0.00286 ( 1)
  87 D   0.31394 0.37426 0.14029 0.17151 ( 2)
  88 V   0.07058 0.61762 0.03137 0.28043 ( 2)
  89 H   0.68661 0.00159 0.31105 0.00075 ( 1)
  90 G   0.04383 0.64437 0.01947 0.29233 ( 2)
  91 S   0.21017 0.47803 0.09368 0.21812 ( 2)
  92 C   0.28696 0.40124 0.12814 0.18366 ( 2)
  93 S   0.44069 0.24751 0.19767 0.11412 ( 1)
  94 S   0.00714 0.68106 0.00317 0.30863 ( 2)
  95 S   0.68305 0.00515 0.30939 0.00241 ( 1)
  96 A   0.00185 0.68635 0.00082 0.31098 ( 2)
  97 T   0.00297 0.68523 0.00132 0.31048 ( 2)
  98 H   0.68716 0.00104 0.31131 0.00049 ( 1)
  99 E   0.00196 0.68624 0.00087 0.31093 ( 2)
 100 R   0.68514 0.00306 0.31037 0.00143 ( 1)
 101 S   0.00697 0.68123 0.00310 0.30870 ( 2)
 102 A   0.61871 0.06949 0.27942 0.03238 ( 1)
 103 V   0.55656 0.13164 0.25070 0.06110 ( 1)
 104 -   0.54591 0.14230 0.24580 0.06600 ( 1)
 105 -   0.53849 0.14971 0.24239 0.06941 ( 1)
 106 -   0.36350 0.32470 0.16266 0.14914 ( 1)
 107 -   0.09147 0.59673 0.04067 0.27112 ( 2)
 108 -   0.01267 0.67544 0.00578 0.30610 ( 2)
 109 -   0.00022 0.68798 0.00010 0.31171 ( 2)
 110 -   0.00011 0.68808 0.00005 0.31175 ( 2)
 111 -   0.00019 0.68801 0.00008 0.31172 ( 2)
 112 -   0.00000 0.68819 0.00000 0.31180 ( 2)
 113 -   0.13227 0.55593 0.05886 0.25294 ( 2)
 114 -   0.38159 0.30661 0.17084 0.14096 ( 1)
 115 -   0.68018 0.00802 0.30804 0.00375 ( 1)
 116 -   0.02745 0.66075 0.01219 0.29961 ( 2)
 117 -   0.68705 0.00116 0.31126 0.00054 ( 1)
 118 -   0.07550 0.61270 0.03356 0.27823 ( 2)
 119 E   0.67870 0.00950 0.30735 0.00445 ( 1)
 120 G   0.68819 0.00001 0.31179 0.00000 ( 1)
 121 F   0.68820 0.00001 0.31179 0.00000 ( 1)
 122 S   0.09364 0.59457 0.04164 0.27016 ( 2)
 123 -   0.59939 0.08881 0.27047 0.04133 ( 1)
 124 -   0.64753 0.04067 0.29281 0.01898 ( 1)
 125 -   0.62252 0.06568 0.28119 0.03061 ( 1)
 126 -   0.63782 0.05038 0.28829 0.02350 ( 1)
 127 -   0.67059 0.01762 0.30356 0.00824 ( 1)
 128 -   0.66953 0.01867 0.30307 0.00873 ( 1)
 129 -   0.61094 0.07727 0.27581 0.03598 ( 1)
 130 -   0.48999 0.19821 0.22016 0.09164 ( 1)
 131 G   0.67738 0.01082 0.30674 0.00506 ( 1)
 132 C   0.65856 0.02964 0.29795 0.01385 ( 1)
 133 P   0.67841 0.00979 0.30722 0.00458 ( 1)
 134 S   0.65799 0.03021 0.29769 0.01411 ( 1)
 135 V   0.30774 0.38046 0.13749 0.17430 ( 2)
 136 L   0.41821 0.26999 0.18745 0.12435 ( 1)
 137 E   0.67426 0.01394 0.30528 0.00652 ( 1)
 138 L   0.64936 0.03884 0.29367 0.01813 ( 1)
 139 A   0.06732 0.62088 0.02992 0.28188 ( 2)
 140 A   0.64346 0.04474 0.29092 0.02088 ( 1)
 141 V   0.05954 0.62866 0.02646 0.28534 ( 2)
 142 W   0.08744 0.60076 0.03888 0.27292 ( 2)
 143 G   0.66878 0.01942 0.30272 0.00908 ( 1)
 144 I   0.30843 0.37977 0.13780 0.17400 ( 2)
 145 D   0.66451 0.02369 0.30073 0.01107 ( 1)
 146 E   0.10646 0.58174 0.04735 0.26445 ( 2)
 147 L   0.27682 0.41138 0.12358 0.18822 ( 2)
 148 T   0.40146 0.28674 0.17985 0.13195 ( 1)
 149 L   0.64971 0.03849 0.29383 0.01797 ( 1)
 150 D   0.66451 0.02369 0.30073 0.01107 ( 1)
 151 S   0.65960 0.02860 0.29844 0.01336 ( 1)
 152 W   0.68072 0.00748 0.30830 0.00350 ( 1)
 153 G   0.06045 0.62775 0.02687 0.28493 ( 2)
 154 S   0.24980 0.43840 0.11144 0.20036 ( 2)
 155 G   0.43451 0.25369 0.19486 0.11694 ( 1)
