Supplemental results for CODEML (seqf: alignment.phy  treef: tree_foreground.nwk)


MLEs of dN/dS (w) for site classes (K=4)

site class             0        1       2a       2b
proportion       0.86670  0.13330  0.00000  0.00000
background w     0.04423  1.00000  0.04423  1.00000
foreground w     0.04423  1.00000  1.00000  1.00000

Naive Empirical Bayes (NEB) probabilities for 4 classes
(amino acids refer to 1st sequence: SMAR006602-PA)

   1 M   1.00000 0.00000 0.00000 0.00000 ( 1)
   2 S   0.26889 0.73111 0.00000 0.00000 ( 2)
   3 -   0.94275 0.05725 0.00000 0.00000 ( 1)
   4 -   0.32542 0.67458 0.00000 0.00000 ( 2)
   5 K   0.99999 0.00001 0.00000 0.00000 ( 1)
   6 I   0.92540 0.07460 0.00000 0.00000 ( 1)
   7 G   1.00000 0.00000 0.00000 0.00000 ( 1)
   8 I   1.00000 0.00000 0.00000 0.00000 ( 1)
   9 N   1.00000 0.00000 0.00000 0.00000 ( 1)
  10 G   1.00000 0.00000 0.00000 0.00000 ( 1)
  11 F   1.00000 0.00000 0.00000 0.00000 ( 1)
  12 G   1.00000 0.00000 0.00000 0.00000 ( 1)
  13 R   0.99993 0.00007 0.00000 0.00000 ( 1)
  14 I   1.00000 0.00000 0.00000 0.00000 ( 1)
  15 G   1.00000 0.00000 0.00000 0.00000 ( 1)
  16 R   0.99995 0.00005 0.00000 0.00000 ( 1)
  17 L   0.99998 0.00002 0.00000 0.00000 ( 1)
  18 V   0.99998 0.00002 0.00000 0.00000 ( 1)
  19 L   0.88668 0.11332 0.00000 0.00000 ( 1)
  20 R   0.99999 0.00001 0.00000 0.00000 ( 1)
  21 A   0.99999 0.00001 0.00000 0.00000 ( 1)
  22 C   0.19349 0.80651 0.00000 0.00000 ( 2)
  23 I   0.97950 0.02050 0.00000 0.00000 ( 1)
  24 D   0.99784 0.00216 0.00000 0.00000 ( 1)
  25 K   0.99729 0.00271 0.00000 0.00000 ( 1)
  26 G   0.97875 0.02125 0.00000 0.00000 ( 1)
  27 -   0.64283 0.35717 0.00000 0.00000 ( 1)
  28 C   0.99032 0.00968 0.00000 0.00000 ( 1)
  29 E   0.94989 0.05011 0.00000 0.00000 ( 1)
  30 V   0.99981 0.00019 0.00000 0.00000 ( 1)
  31 V   0.99999 0.00001 0.00000 0.00000 ( 1)
  32 A   1.00000 0.00000 0.00000 0.00000 ( 1)
  33 I   0.98546 0.01454 0.00000 0.00000 ( 1)
  34 N   1.00000 0.00000 0.00000 0.00000 ( 1)
  35 D   1.00000 0.00000 0.00000 0.00000 ( 1)
  36 P   1.00000 0.00000 0.00000 0.00000 ( 1)
  37 F   1.00000 0.00000 0.00000 0.00000 ( 1)
  38 I   0.99914 0.00086 0.00000 0.00000 ( 1)
  39 D   0.99996 0.00004 0.00000 0.00000 ( 1)
  40 I   0.14658 0.85342 0.00000 0.00000 ( 2)
  41 N   0.99273 0.00727 0.00000 0.00000 ( 1)
  42 Y   1.00000 0.00000 0.00000 0.00000 ( 1)
  43 M   1.00000 0.00000 0.00000 0.00000 ( 1)
  44 V   0.99975 0.00025 0.00000 0.00000 ( 1)
  45 Y   1.00000 0.00000 0.00000 0.00000 ( 1)
  46 M   0.99998 0.00002 0.00000 0.00000 ( 1)
  47 F   0.99999 0.00001 0.00000 0.00000 ( 1)
  48 K   0.99979 0.00021 0.00000 0.00000 ( 1)
  49 Y   1.00000 0.00000 0.00000 0.00000 ( 1)
  50 D   1.00000 0.00000 0.00000 0.00000 ( 1)
  51 S   0.99997 0.00003 0.00000 0.00000 ( 1)
  52 T   1.00000 0.00000 0.00000 0.00000 ( 1)
  53 H   1.00000 0.00000 0.00000 0.00000 ( 1)
  54 G   1.00000 0.00000 0.00000 0.00000 ( 1)
  55 R   0.99996 0.00004 0.00000 0.00000 ( 1)
  56 F   1.00000 0.00000 0.00000 0.00000 ( 1)
  57 K   0.99988 0.00012 0.00000 0.00000 ( 1)
  58 G   1.00000 0.00000 0.00000 0.00000 ( 1)
  59 D   0.00083 0.99917 0.00000 0.00000 ( 2)
  60 V   0.99967 0.00033 0.00000 0.00000 ( 1)
  61 H   0.00353 0.99647 0.00000 0.00000 ( 2)
  62 E   0.93428 0.06572 0.00000 0.00000 ( 1)
  63 E   0.99471 0.00529 0.00000 0.00000 ( 1)
  64 G   0.99549 0.00451 0.00000 0.00000 ( 1)
  65 G   1.00000 0.00000 0.00000 0.00000 ( 1)
  66 M   0.99980 0.00020 0.00000 0.00000 ( 1)
  67 L   0.99999 0.00001 0.00000 0.00000 ( 1)
  68 V   0.99985 0.00015 0.00000 0.00000 ( 1)
  69 V   0.99970 0.00030 0.00000 0.00000 ( 1)
  70 -   0.31674 0.68326 0.00000 0.00000 ( 2)
  71 -   0.00831 0.99169 0.00000 0.00000 ( 2)
  72 -   0.86670 0.13330 0.00000 0.00000 ( 1)
  73 -   0.93882 0.06118 0.00000 0.00000 ( 1)
  74 -   0.95195 0.04805 0.00000 0.00000 ( 1)
  75 N   0.98820 0.01180 0.00000 0.00000 ( 1)
  76 G   0.99685 0.00315 0.00000 0.00000 ( 1)
  77 H   0.17952 0.82048 0.00000 0.00000 ( 2)
  78 K   0.00000 1.00000 0.00000 0.00000 ( 2)
  79 I   0.99995 0.00005 0.00000 0.00000 ( 1)
  80 H   0.00035 0.99965 0.00000 0.00000 ( 2)
  81 V   0.99979 0.00021 0.00000 0.00000 ( 1)
  82 F   0.98494 0.01506 0.00000 0.00000 ( 1)
  83 M   0.27877 0.72123 0.00000 0.00000 ( 2)
  84 E   0.00044 0.99956 0.00000 0.00000 ( 2)
  85 M   0.99744 0.00256 0.00000 0.00000 ( 1)
  86 K   0.99170 0.00830 0.00000 0.00000 ( 1)
  87 P   1.00000 0.00000 0.00000 0.00000 ( 1)
  88 N   0.00038 0.99962 0.00000 0.00000 ( 2)
  89 N   0.81501 0.18499 0.00000 0.00000 ( 1)
  90 I   1.00000 0.00000 0.00000 0.00000 ( 1)
  91 P   0.99400 0.00600 0.00000 0.00000 ( 1)
  92 W   0.99997 0.00003 0.00000 0.00000 ( 1)
  93 S   0.12882 0.87118 0.00000 0.00000 ( 2)
  94 K   0.00019 0.99981 0.00000 0.00000 ( 2)
  95 A   0.42912 0.57088 0.00000 0.00000 ( 2)
  96 G   0.99998 0.00002 0.00000 0.00000 ( 1)
  97 A   0.99675 0.00325 0.00000 0.00000 ( 1)
  98 E   0.99764 0.00236 0.00000 0.00000 ( 1)
  99 Y   0.99982 0.00018 0.00000 0.00000 ( 1)
 100 V   0.99999 0.00001 0.00000 0.00000 ( 1)
 101 V   0.99998 0.00002 0.00000 0.00000 ( 1)
 102 E   1.00000 0.00000 0.00000 0.00000 ( 1)
 103 S   0.99999 0.00001 0.00000 0.00000 ( 1)
 104 T   1.00000 0.00000 0.00000 0.00000 ( 1)
 105 G   1.00000 0.00000 0.00000 0.00000 ( 1)
 106 V   0.99988 0.00012 0.00000 0.00000 ( 1)
 107 F   1.00000 0.00000 0.00000 0.00000 ( 1)
 108 T   1.00000 0.00000 0.00000 0.00000 ( 1)
 109 T   1.00000 0.00000 0.00000 0.00000 ( 1)
 110 I   0.83429 0.16571 0.00000 0.00000 ( 1)
 111 E   0.99999 0.00001 0.00000 0.00000 ( 1)
 112 K   1.00000 0.00000 0.00000 0.00000 ( 1)
 113 A   0.99999 0.00001 0.00000 0.00000 ( 1)
 114 Q   0.00397 0.99603 0.00000 0.00000 ( 2)
 115 A   0.93930 0.06070 0.00000 0.00000 ( 1)
 116 H   1.00000 0.00000 0.00000 0.00000 ( 1)
 117 F   0.99987 0.00013 0.00000 0.00000 ( 1)
 118 D   0.40548 0.59452 0.00000 0.00000 ( 2)
 119 G   0.99998 0.00002 0.00000 0.00000 ( 1)
 120 G   0.99904 0.00096 0.00000 0.00000 ( 1)
 121 A   0.99984 0.00016 0.00000 0.00000 ( 1)
 122 K   1.00000 0.00000 0.00000 0.00000 ( 1)
 123 K   1.00000 0.00000 0.00000 0.00000 ( 1)
 124 I   0.99982 0.00018 0.00000 0.00000 ( 1)
 125 I   0.99666 0.00334 0.00000 0.00000 ( 1)
 126 I   1.00000 0.00000 0.00000 0.00000 ( 1)
 127 S   1.00000 0.00000 0.00000 0.00000 ( 1)
 128 A   1.00000 0.00000 0.00000 0.00000 ( 1)
 129 P   0.99999 0.00001 0.00000 0.00000 ( 1)
 130 S   0.99999 0.00001 0.00000 0.00000 ( 1)
 131 A   1.00000 0.00000 0.00000 0.00000 ( 1)
 132 D   1.00000 0.00000 0.00000 0.00000 ( 1)
 133 A   0.99999 0.00001 0.00000 0.00000 ( 1)
 134 P   0.99449 0.00551 0.00000 0.00000 ( 1)
 135 M   1.00000 0.00000 0.00000 0.00000 ( 1)
 136 F   1.00000 0.00000 0.00000 0.00000 ( 1)
 137 V   0.99998 0.00002 0.00000 0.00000 ( 1)
 138 M   1.00000 0.00000 0.00000 0.00000 ( 1)
 139 G   1.00000 0.00000 0.00000 0.00000 ( 1)
 140 V   0.99998 0.00002 0.00000 0.00000 ( 1)
 141 N   1.00000 0.00000 0.00000 0.00000 ( 1)
 142 H   0.99772 0.00228 0.00000 0.00000 ( 1)
 143 E   0.64903 0.35097 0.00000 0.00000 ( 1)
 144 S   0.40277 0.59723 0.00000 0.00000 ( 2)
 145 Y   1.00000 0.00000 0.00000 0.00000 ( 1)
 146 D   1.00000 0.00000 0.00000 0.00000 ( 1)
 147 P   0.00988 0.99012 0.00000 0.00000 ( 2)
 148 S   0.00061 0.99939 0.00000 0.00000 ( 2)
 149 -   0.90322 0.09678 0.00000 0.00000 ( 1)
 150 M   0.88429 0.11571 0.00000 0.00000 ( 1)
 151 T   0.00224 0.99776 0.00000 0.00000 ( 2)
 152 V   0.99973 0.00027 0.00000 0.00000 ( 1)
 153 V   0.99640 0.00360 0.00000 0.00000 ( 1)
 154 S   0.99964 0.00036 0.00000 0.00000 ( 1)
 155 N   1.00000 0.00000 0.00000 0.00000 ( 1)
 156 A   1.00000 0.00000 0.00000 0.00000 ( 1)
 157 S   0.99999 0.00001 0.00000 0.00000 ( 1)
 158 C   1.00000 0.00000 0.00000 0.00000 ( 1)
 159 T   1.00000 0.00000 0.00000 0.00000 ( 1)
 160 T   1.00000 0.00000 0.00000 0.00000 ( 1)
 161 N   1.00000 0.00000 0.00000 0.00000 ( 1)
 162 C   1.00000 0.00000 0.00000 0.00000 ( 1)
 163 L   0.99998 0.00002 0.00000 0.00000 ( 1)
 164 A   1.00000 0.00000 0.00000 0.00000 ( 1)
 165 P   1.00000 0.00000 0.00000 0.00000 ( 1)
 166 L   0.99996 0.00004 0.00000 0.00000 ( 1)
 167 A   0.99988 0.00012 0.00000 0.00000 ( 1)
 168 K   1.00000 0.00000 0.00000 0.00000 ( 1)
 169 V   0.99935 0.00065 0.00000 0.00000 ( 1)
 170 V   0.99893 0.00107 0.00000 0.00000 ( 1)
 171 H   0.99915 0.00085 0.00000 0.00000 ( 1)
 172 D   1.00000 0.00000 0.00000 0.00000 ( 1)
 173 N   0.99998 0.00002 0.00000 0.00000 ( 1)
 174 F   1.00000 0.00000 0.00000 0.00000 ( 1)
 175 E   0.99994 0.00006 0.00000 0.00000 ( 1)
 176 I   0.99993 0.00007 0.00000 0.00000 ( 1)
 177 V   0.99606 0.00394 0.00000 0.00000 ( 1)
 178 E   1.00000 0.00000 0.00000 0.00000 ( 1)
 179 A   0.99991 0.00009 0.00000 0.00000 ( 1)
 180 L   0.99999 0.00001 0.00000 0.00000 ( 1)
 181 M   1.00000 0.00000 0.00000 0.00000 ( 1)
 182 T   1.00000 0.00000 0.00000 0.00000 ( 1)
 183 T   1.00000 0.00000 0.00000 0.00000 ( 1)
 184 V   0.99658 0.00342 0.00000 0.00000 ( 1)
 185 H   1.00000 0.00000 0.00000 0.00000 ( 1)
 186 A   0.99987 0.00013 0.00000 0.00000 ( 1)
 187 V   0.00010 0.99990 0.00000 0.00000 ( 2)
 188 T   1.00000 0.00000 0.00000 0.00000 ( 1)
 189 A   0.99999 0.00001 0.00000 0.00000 ( 1)
 190 T   1.00000 0.00000 0.00000 0.00000 ( 1)
 191 Q   1.00000 0.00000 0.00000 0.00000 ( 1)
 192 K   0.99999 0.00001 0.00000 0.00000 ( 1)
 193 T   0.99989 0.00011 0.00000 0.00000 ( 1)
 194 V   0.99062 0.00938 0.00000 0.00000 ( 1)
 195 D   0.99537 0.00463 0.00000 0.00000 ( 1)
 196 G   1.00000 0.00000 0.00000 0.00000 ( 1)
 197 P   0.99992 0.00008 0.00000 0.00000 ( 1)
 198 S   0.04469 0.95531 0.00000 0.00000 ( 2)
 199 G   0.93093 0.06907 0.00000 0.00000 ( 1)
 200 K   0.99989 0.00011 0.00000 0.00000 ( 1)
 201 L   0.00059 0.99941 0.00000 0.00000 ( 2)
 202 W   0.99918 0.00082 0.00000 0.00000 ( 1)
 203 R   0.97752 0.02248 0.00000 0.00000 ( 1)
 204 D   0.99404 0.00596 0.00000 0.00000 ( 1)
 205 G   0.99996 0.00004 0.00000 0.00000 ( 1)
 206 R   0.99955 0.00045 0.00000 0.00000 ( 1)
 207 G   0.99996 0.00004 0.00000 0.00000 ( 1)
 208 A   0.99526 0.00474 0.00000 0.00000 ( 1)
 209 H   0.00017 0.99983 0.00000 0.00000 ( 2)
 210 Q   0.99998 0.00002 0.00000 0.00000 ( 1)
 211 N   0.99994 0.00006 0.00000 0.00000 ( 1)
 212 I   0.37085 0.62915 0.00000 0.00000 ( 2)
 213 I   0.99784 0.00216 0.00000 0.00000 ( 1)
 214 P   0.99976 0.00024 0.00000 0.00000 ( 1)
 215 A   0.99396 0.00604 0.00000 0.00000 ( 1)
 216 S   0.99277 0.00723 0.00000 0.00000 ( 1)
 217 T   1.00000 0.00000 0.00000 0.00000 ( 1)
 218 G   1.00000 0.00000 0.00000 0.00000 ( 1)
 219 A   0.99999 0.00001 0.00000 0.00000 ( 1)
 220 A   0.99999 0.00001 0.00000 0.00000 ( 1)
 221 K   1.00000 0.00000 0.00000 0.00000 ( 1)
 222 A   1.00000 0.00000 0.00000 0.00000 ( 1)
 223 V   0.99999 0.00001 0.00000 0.00000 ( 1)
 224 G   1.00000 0.00000 0.00000 0.00000 ( 1)
 225 K   1.00000 0.00000 0.00000 0.00000 ( 1)
 226 V   0.99999 0.00001 0.00000 0.00000 ( 1)
 227 I   1.00000 0.00000 0.00000 0.00000 ( 1)
 228 P   1.00000 0.00000 0.00000 0.00000 ( 1)
 229 D   0.99919 0.00081 0.00000 0.00000 ( 1)
 230 L   0.99986 0.00014 0.00000 0.00000 ( 1)
 231 N   1.00000 0.00000 0.00000 0.00000 ( 1)
 232 G   1.00000 0.00000 0.00000 0.00000 ( 1)
 233 K   1.00000 0.00000 0.00000 0.00000 ( 1)
 234 L   0.99999 0.00001 0.00000 0.00000 ( 1)
 235 T   1.00000 0.00000 0.00000 0.00000 ( 1)
 236 G   1.00000 0.00000 0.00000 0.00000 ( 1)
 237 M   1.00000 0.00000 0.00000 0.00000 ( 1)
 238 A   1.00000 0.00000 0.00000 0.00000 ( 1)
 239 F   1.00000 0.00000 0.00000 0.00000 ( 1)
 240 R   1.00000 0.00000 0.00000 0.00000 ( 1)
 241 V   0.99998 0.00002 0.00000 0.00000 ( 1)
 242 P   0.99999 0.00001 0.00000 0.00000 ( 1)
 243 T   0.57402 0.42598 0.00000 0.00000 ( 1)
 244 P   0.99992 0.00008 0.00000 0.00000 ( 1)
 245 D   1.00000 0.00000 0.00000 0.00000 ( 1)
 246 V   0.99998 0.00002 0.00000 0.00000 ( 1)
 247 S   0.99999 0.00001 0.00000 0.00000 ( 1)
 248 V   0.99999 0.00001 0.00000 0.00000 ( 1)
 249 V   0.99999 0.00001 0.00000 0.00000 ( 1)
 250 D   1.00000 0.00000 0.00000 0.00000 ( 1)
 251 L   0.99998 0.00002 0.00000 0.00000 ( 1)
 252 T   1.00000 0.00000 0.00000 0.00000 ( 1)
 253 A   0.99952 0.00048 0.00000 0.00000 ( 1)
 254 R   1.00000 0.00000 0.00000 0.00000 ( 1)
 255 I   0.99959 0.00041 0.00000 0.00000 ( 1)
 256 K   0.99998 0.00002 0.00000 0.00000 ( 1)
 257 K   1.00000 0.00000 0.00000 0.00000 ( 1)
 258 E   0.00982 0.99018 0.00000 0.00000 ( 2)
 259 A   0.99983 0.00017 0.00000 0.00000 ( 1)
 260 T   0.99987 0.00013 0.00000 0.00000 ( 1)
 261 Y   0.99656 0.00344 0.00000 0.00000 ( 1)
 262 D   0.99999 0.00001 0.00000 0.00000 ( 1)
 263 E   0.99967 0.00033 0.00000 0.00000 ( 1)
 264 I   1.00000 0.00000 0.00000 0.00000 ( 1)
 265 K   1.00000 0.00000 0.00000 0.00000 ( 1)
 266 A   0.99287 0.00713 0.00000 0.00000 ( 1)
 267 A   0.99832 0.00168 0.00000 0.00000 ( 1)
 268 M   0.99516 0.00484 0.00000 0.00000 ( 1)
 269 K   0.99802 0.00198 0.00000 0.00000 ( 1)
 270 S   0.10447 0.89553 0.00000 0.00000 ( 2)
 271 A   0.99999 0.00001 0.00000 0.00000 ( 1)
 272 A   0.93038 0.06962 0.00000 0.00000 ( 1)
 273 E   0.04367 0.95633 0.00000 0.00000 ( 2)
 274 S   0.98032 0.01968 0.00000 0.00000 ( 1)
 275 D   0.00367 0.99633 0.00000 0.00000 ( 2)
 276 H   0.03100 0.96900 0.00000 0.00000 ( 2)
 277 W   0.34408 0.65592 0.00000 0.00000 ( 2)
 278 K   0.94092 0.05908 0.00000 0.00000 ( 1)
 279 G   0.11262 0.88738 0.00000 0.00000 ( 2)
 280 I   0.99751 0.00249 0.00000 0.00000 ( 1)
 281 L   0.99849 0.00151 0.00000 0.00000 ( 1)
 282 G   0.99996 0.00004 0.00000 0.00000 ( 1)
 283 Y   1.00000 0.00000 0.00000 0.00000 ( 1)
 284 T   1.00000 0.00000 0.00000 0.00000 ( 1)
 285 E   1.00000 0.00000 0.00000 0.00000 ( 1)
 286 D   0.99995 0.00005 0.00000 0.00000 ( 1)
 287 Q   0.98806 0.01194 0.00000 0.00000 ( 1)
 288 V   0.99999 0.00001 0.00000 0.00000 ( 1)
 289 V   0.99998 0.00002 0.00000 0.00000 ( 1)
 290 S   0.99999 0.00001 0.00000 0.00000 ( 1)
 291 S   0.94951 0.05049 0.00000 0.00000 ( 1)
 292 D   1.00000 0.00000 0.00000 0.00000 ( 1)
 293 F   1.00000 0.00000 0.00000 0.00000 ( 1)
 294 I   0.56542 0.43458 0.00000 0.00000 ( 1)
 295 G   1.00000 0.00000 0.00000 0.00000 ( 1)
 296 D   0.99998 0.00002 0.00000 0.00000 ( 1)
 297 T   0.99534 0.00466 0.00000 0.00000 ( 1)
 298 H   0.99619 0.00381 0.00000 0.00000 ( 1)
 299 S   0.13370 0.86630 0.00000 0.00000 ( 2)
 300 S   0.34262 0.65738 0.00000 0.00000 ( 2)
 301 I   0.99993 0.00007 0.00000 0.00000 ( 1)
 302 F   1.00000 0.00000 0.00000 0.00000 ( 1)
 303 D   0.99999 0.00001 0.00000 0.00000 ( 1)
 304 A   0.99999 0.00001 0.00000 0.00000 ( 1)
 305 L   0.00162 0.99838 0.00000 0.00000 ( 2)
 306 A   0.99998 0.00002 0.00000 0.00000 ( 1)
 307 G   0.99688 0.00312 0.00000 0.00000 ( 1)
 308 I   0.99909 0.00091 0.00000 0.00000 ( 1)
 309 S   0.00001 0.99999 0.00000 0.00000 ( 2)
 310 L   0.97496 0.02504 0.00000 0.00000 ( 1)
 311 N   0.97190 0.02810 0.00000 0.00000 ( 1)
 312 K   0.00001 0.99999 0.00000 0.00000 ( 2)
 313 T   0.66239 0.33761 0.00000 0.00000 ( 1)
 314 F   0.99999 0.00001 0.00000 0.00000 ( 1)
 315 V   0.99034 0.00966 0.00000 0.00000 ( 1)
 316 K   1.00000 0.00000 0.00000 0.00000 ( 1)
 317 L   0.99192 0.00808 0.00000 0.00000 ( 1)
 318 I   0.99363 0.00637 0.00000 0.00000 ( 1)
 319 C   0.01289 0.98711 0.00000 0.00000 ( 2)
 320 W   0.98731 0.01269 0.00000 0.00000 ( 1)
 321 Y   1.00000 0.00000 0.00000 0.00000 ( 1)
 322 D   1.00000 0.00000 0.00000 0.00000 ( 1)
 323 N   1.00000 0.00000 0.00000 0.00000 ( 1)
 324 E   1.00000 0.00000 0.00000 0.00000 ( 1)
 325 Y   1.00000 0.00000 0.00000 0.00000 ( 1)
 326 G   1.00000 0.00000 0.00000 0.00000 ( 1)
 327 Y   1.00000 0.00000 0.00000 0.00000 ( 1)
 328 S   1.00000 0.00000 0.00000 0.00000 ( 1)
 329 H   0.26316 0.73684 0.00000 0.00000 ( 2)
 330 R   0.99995 0.00005 0.00000 0.00000 ( 1)
 331 V   0.99991 0.00009 0.00000 0.00000 ( 1)
 332 V   0.99992 0.00008 0.00000 0.00000 ( 1)
 333 D   0.99998 0.00002 0.00000 0.00000 ( 1)
 334 L   0.99993 0.00007 0.00000 0.00000 ( 1)
 335 I   0.99978 0.00022 0.00000 0.00000 ( 1)
 336 K   0.01601 0.98399 0.00000 0.00000 ( 2)
 337 Y   0.99999 0.00001 0.00000 0.00000 ( 1)
 338 M   0.99974 0.00026 0.00000 0.00000 ( 1)
 339 Q   0.33984 0.66016 0.00000 0.00000 ( 2)
 340 A   0.35517 0.64483 0.00000 0.00000 ( 2)
 341 R   0.83030 0.16970 0.00000 0.00000 ( 1)
 342 D   0.19440 0.80560 0.00000 0.00000 ( 2)
 343 S   0.02271 0.97729 0.00000 0.00000 ( 2)
 344 K   0.94560 0.05440 0.00000 0.00000 ( 1)
 345 -   0.86670 0.13330 0.00000 0.00000 ( 1)
 346 -   0.16202 0.83798 0.00000 0.00000 ( 2)
 347 -   0.86670 0.13330 0.00000 0.00000 ( 1)


lnL = -5386.524281

Bayes Empirical Bayes (BEB) probabilities for 4 classes (class)
(amino acids refer to 1st sequence: SMAR006602-PA)

   1 M   0.97729 0.00000 0.02271 0.00000 ( 1)
   2 S   0.33193 0.64066 0.00864 0.01877 ( 2)
   3 -   0.90779 0.05787 0.03227 0.00206 ( 1)
   4 -   0.35129 0.61438 0.01248 0.02186 ( 2)
   5 K   0.97526 0.00001 0.02474 0.00000 ( 1)
   6 I   0.91765 0.05971 0.02086 0.00177 ( 1)
   7 G   0.97413 0.00000 0.02586 0.00000 ( 1)
   8 I   0.97814 0.00000 0.02186 0.00000 ( 1)
   9 N   0.97620 0.00000 0.02380 0.00000 ( 1)
  10 G   0.97325 0.00000 0.02675 0.00000 ( 1)
  11 F   0.97683 0.00000 0.02317 0.00000 ( 1)
  12 G   0.97411 0.00000 0.02589 0.00000 ( 1)
  13 R   0.96910 0.00007 0.03082 0.00000 ( 1)
  14 I   0.97814 0.00000 0.02186 0.00000 ( 1)
  15 G   0.97762 0.00000 0.02238 0.00000 ( 1)
  16 R   0.97075 0.00005 0.02919 0.00000 ( 1)
  17 L   0.97217 0.00002 0.02781 0.00000 ( 1)
  18 V   0.97301 0.00002 0.02697 0.00000 ( 1)
  19 L   0.88270 0.08825 0.02626 0.00280 ( 1)
  20 R   0.97257 0.00001 0.02742 0.00000 ( 1)
  21 A   0.97303 0.00001 0.02696 0.00000 ( 1)
  22 C   0.24998 0.72003 0.00728 0.02270 ( 2)
  23 I   0.95843 0.01616 0.02490 0.00050 ( 1)
  24 D   0.97249 0.00191 0.02554 0.00006 ( 1)
  25 K   0.97406 0.00216 0.02372 0.00006 ( 1)
  26 G   0.95611 0.01697 0.02640 0.00052 ( 1)
  27 -   0.66673 0.29893 0.02369 0.01065 ( 1)
  28 C   0.96531 0.00864 0.02579 0.00026 ( 1)
  29 E   0.94107 0.03591 0.02199 0.00104 ( 1)
  30 V   0.97753 0.00020 0.02227 0.00001 ( 1)
  31 V   0.97381 0.00002 0.02617 0.00000 ( 1)
  32 A   0.97753 0.00001 0.02246 0.00000 ( 1)
  33 I   0.96231 0.01257 0.02474 0.00038 ( 1)
  34 N   0.97620 0.00000 0.02380 0.00000 ( 1)
  35 D   0.97671 0.00000 0.02328 0.00000 ( 1)
  36 P   0.97206 0.00000 0.02793 0.00000 ( 1)
  37 F   0.97389 0.00000 0.02611 0.00000 ( 1)
  38 I   0.97728 0.00085 0.02184 0.00002 ( 1)
  39 D   0.97965 0.00004 0.02031 0.00000 ( 1)
  40 I   0.18750 0.76016 0.02550 0.02683 ( 2)
  41 N   0.97224 0.00597 0.02161 0.00018 ( 1)
  42 Y   0.97294 0.00000 0.02706 0.00000 ( 1)
  43 M   0.97729 0.00000 0.02271 0.00000 ( 1)
  44 V   0.97748 0.00025 0.02226 0.00001 ( 1)
  45 Y   0.97285 0.00000 0.02715 0.00000 ( 1)
  46 M   0.97727 0.00002 0.02271 0.00000 ( 1)
  47 F   0.97682 0.00001 0.02317 0.00000 ( 1)
  48 K   0.97606 0.00018 0.02375 0.00001 ( 1)
  49 Y   0.97285 0.00000 0.02715 0.00000 ( 1)
  50 D   0.97692 0.00000 0.02308 0.00000 ( 1)
  51 S   0.97039 0.00003 0.02957 0.00000 ( 1)
  52 T   0.97714 0.00000 0.02286 0.00000 ( 1)
  53 H   0.97372 0.00000 0.02628 0.00000 ( 1)
  54 G   0.97761 0.00000 0.02238 0.00000 ( 1)
  55 R   0.97356 0.00004 0.02640 0.00000 ( 1)
  56 F   0.97682 0.00000 0.02318 0.00000 ( 1)
  57 K   0.97556 0.00011 0.02433 0.00000 ( 1)
  58 G   0.97413 0.00000 0.02586 0.00000 ( 1)
  59 D   0.00149 0.96926 0.00003 0.02922 ( 2)
  60 V   0.97270 0.00034 0.02696 0.00001 ( 1)
  61 H   0.00612 0.96489 0.00017 0.02882 ( 2)
  62 E   0.92497 0.05143 0.02210 0.00149 ( 1)
  63 E   0.97289 0.00422 0.02276 0.00012 ( 1)
  64 G   0.97349 0.00406 0.02233 0.00012 ( 1)
  65 G   0.97322 0.00000 0.02678 0.00000 ( 1)
  66 M   0.97676 0.00018 0.02305 0.00001 ( 1)
  67 L   0.97251 0.00001 0.02748 0.00000 ( 1)
  68 V   0.97739 0.00015 0.02245 0.00000 ( 1)
  69 V   0.97273 0.00030 0.02696 0.00001 ( 1)
  70 -   0.32267 0.64299 0.01146 0.02287 ( 2)
  71 -   0.00991 0.95575 0.00035 0.03398 ( 2)
  72 -   0.83225 0.13341 0.02958 0.00476 ( 1)
  73 -   0.90391 0.06175 0.03213 0.00220 ( 1)
  74 -   0.91704 0.04862 0.03260 0.00173 ( 1)
  75 N   0.96917 0.00983 0.02071 0.00029 ( 1)
  76 G   0.97132 0.00277 0.02582 0.00008 ( 1)
  77 H   0.23631 0.73541 0.00636 0.02192 ( 2)
  78 K   0.00000 0.97167 0.00000 0.02833 ( 2)
  79 I   0.97780 0.00006 0.02214 0.00000 ( 1)
  80 H   0.00066 0.97032 0.00002 0.02900 ( 2)
  81 V   0.97415 0.00021 0.02563 0.00001 ( 1)
  82 F   0.96502 0.01174 0.02291 0.00033 ( 1)
  83 M   0.34980 0.62429 0.00831 0.01759 ( 2)
  84 E   0.00082 0.97082 0.00002 0.02834 ( 2)
  85 M   0.97465 0.00224 0.02305 0.00006 ( 1)
  86 K   0.96842 0.00684 0.02454 0.00020 ( 1)
  87 P   0.97161 0.00000 0.02838 0.00000 ( 1)
  88 N   0.00068 0.97067 0.00002 0.02864 ( 2)
  89 N   0.83798 0.13749 0.02040 0.00414 ( 1)
  90 I   0.97785 0.00000 0.02215 0.00000 ( 1)
  91 P   0.96583 0.00508 0.02894 0.00016 ( 1)
  92 W   0.97066 0.00003 0.02931 0.00000 ( 1)
  93 S   0.17150 0.79859 0.00502 0.02490 ( 2)
  94 K   0.00038 0.97143 0.00001 0.02818 ( 2)
  95 A   0.49979 0.47485 0.01147 0.01390 ( 1)
  96 G   0.97759 0.00002 0.02238 0.00000 ( 1)
  97 A   0.97481 0.00290 0.02220 0.00009 ( 1)
  98 E   0.97526 0.00192 0.02276 0.00006 ( 1)
  99 Y   0.97289 0.00016 0.02694 0.00000 ( 1)
 100 V   0.97753 0.00001 0.02245 0.00000 ( 1)
 101 V   0.97301 0.00002 0.02697 0.00000 ( 1)
 102 E   0.97721 0.00000 0.02279 0.00000 ( 1)
 103 S   0.97080 0.00001 0.02919 0.00000 ( 1)
 104 T   0.97693 0.00000 0.02307 0.00000 ( 1)
 105 G   0.97424 0.00000 0.02576 0.00000 ( 1)
 106 V   0.97761 0.00012 0.02227 0.00000 ( 1)
 107 F   0.97657 0.00000 0.02343 0.00000 ( 1)
 108 T   0.97392 0.00000 0.02608 0.00000 ( 1)
 109 T   0.97325 0.00001 0.02674 0.00000 ( 1)
 110 I   0.84202 0.13213 0.02174 0.00411 ( 1)
 111 E   0.97622 0.00001 0.02377 0.00000 ( 1)
 112 K   0.97624 0.00000 0.02375 0.00000 ( 1)
 113 A   0.97752 0.00001 0.02247 0.00000 ( 1)
 114 Q   0.00640 0.96384 0.00018 0.02958 ( 2)
 115 A   0.92876 0.04861 0.02117 0.00146 ( 1)
 116 H   0.97377 0.00000 0.02623 0.00000 ( 1)
 117 F   0.97155 0.00013 0.02832 0.00000 ( 1)
 118 D   0.50194 0.47252 0.01130 0.01424 ( 1)
 119 G   0.97742 0.00002 0.02255 0.00000 ( 1)
 120 G   0.97328 0.00086 0.02584 0.00003 ( 1)
 121 A   0.97361 0.00016 0.02622 0.00000 ( 1)
 122 K   0.97567 0.00000 0.02433 0.00000 ( 1)
 123 K   0.97624 0.00000 0.02376 0.00000 ( 1)
 124 I   0.97708 0.00019 0.02273 0.00001 ( 1)
 125 I   0.97151 0.00298 0.02542 0.00009 ( 1)
 126 I   0.97814 0.00000 0.02186 0.00000 ( 1)
 127 S   0.97524 0.00000 0.02476 0.00000 ( 1)
 128 A   0.97316 0.00001 0.02684 0.00000 ( 1)
 129 P   0.97154 0.00001 0.02845 0.00000 ( 1)
 130 S   0.97063 0.00001 0.02936 0.00000 ( 1)
 131 A   0.97758 0.00001 0.02242 0.00000 ( 1)
 132 D   0.97973 0.00000 0.02027 0.00000 ( 1)
 133 A   0.97295 0.00001 0.02703 0.00000 ( 1)
 134 P   0.96685 0.00468 0.02832 0.00015 ( 1)
 135 M   0.97729 0.00000 0.02271 0.00000 ( 1)
 136 F   0.97683 0.00000 0.02317 0.00000 ( 1)
 137 V   0.97301 0.00002 0.02697 0.00000 ( 1)
 138 M   0.97729 0.00000 0.02271 0.00000 ( 1)
 139 G   0.97322 0.00000 0.02678 0.00000 ( 1)
 140 V   0.97301 0.00002 0.02697 0.00000 ( 1)
 141 N   0.97912 0.00000 0.02088 0.00000 ( 1)
 142 H   0.97195 0.00181 0.02618 0.00005 ( 1)
 143 E   0.67591 0.26187 0.05353 0.00868 ( 1)
 144 S   0.37449 0.39253 0.21709 0.01588 ( 2)
 145 Y   0.97285 0.00000 0.02714 0.00000 ( 1)
 146 D   0.97672 0.00000 0.02328 0.00000 ( 1)
 147 P   0.01578 0.95583 0.00041 0.02798 ( 2)
 148 S   0.00100 0.95982 0.00132 0.03786 ( 2)
 149 -   0.88245 0.08321 0.03137 0.00297 ( 1)
 150 M   0.89710 0.07981 0.02085 0.00225 ( 1)
 151 T   0.00385 0.95738 0.00239 0.03639 ( 2)
 152 V   0.97421 0.00027 0.02551 0.00001 ( 1)
 153 V   0.97423 0.00322 0.02245 0.00010 ( 1)
 154 S   0.97430 0.00032 0.02537 0.00001 ( 1)
 155 N   0.97913 0.00000 0.02087 0.00000 ( 1)
 156 A   0.97773 0.00000 0.02226 0.00000 ( 1)
 157 S   0.97042 0.00001 0.02957 0.00000 ( 1)
 158 C   0.97173 0.00000 0.02827 0.00000 ( 1)
 159 T   0.97325 0.00000 0.02674 0.00000 ( 1)
 160 T   0.97379 0.00000 0.02621 0.00000 ( 1)
 161 N   0.97620 0.00000 0.02380 0.00000 ( 1)
 162 C   0.97173 0.00000 0.02827 0.00000 ( 1)
 163 L   0.97540 0.00002 0.02458 0.00000 ( 1)
 164 A   0.97753 0.00001 0.02246 0.00000 ( 1)
 165 P   0.97096 0.00000 0.02904 0.00000 ( 1)
 166 L   0.97226 0.00005 0.02769 0.00000 ( 1)
 167 A   0.97745 0.00013 0.02242 0.00000 ( 1)
 168 K   0.97623 0.00000 0.02377 0.00000 ( 1)
 169 V   0.97239 0.00064 0.02695 0.00002 ( 1)
 170 V   0.97523 0.00098 0.02376 0.00003 ( 1)
 171 H   0.97296 0.00075 0.02627 0.00002 ( 1)
 172 D   0.97972 0.00000 0.02027 0.00000 ( 1)
 173 N   0.97597 0.00002 0.02401 0.00000 ( 1)
 174 F   0.97390 0.00000 0.02610 0.00000 ( 1)
 175 E   0.97642 0.00006 0.02352 0.00000 ( 1)
 176 I   0.97490 0.00007 0.02503 0.00000 ( 1)
 177 V   0.96961 0.00354 0.02674 0.00011 ( 1)
 178 E   0.97720 0.00000 0.02280 0.00000 ( 1)
 179 A   0.97256 0.00009 0.02734 0.00000 ( 1)
 180 L   0.97098 0.00001 0.02901 0.00000 ( 1)
 181 M   0.97729 0.00000 0.02271 0.00000 ( 1)
 182 T   0.97714 0.00000 0.02286 0.00000 ( 1)
 183 T   0.97694 0.00000 0.02306 0.00000 ( 1)
 184 V   0.97445 0.00307 0.02239 0.00009 ( 1)
 185 H   0.97374 0.00000 0.02626 0.00000 ( 1)
 186 A   0.97432 0.00013 0.02554 0.00000 ( 1)
 187 V   0.00017 0.94962 0.00034 0.04986 ( 2)
 188 T   0.97714 0.00000 0.02286 0.00000 ( 1)
 189 A   0.97431 0.00001 0.02568 0.00000 ( 1)
 190 T   0.97714 0.00000 0.02286 0.00000 ( 1)
 191 Q   0.97239 0.00000 0.02760 0.00000 ( 1)
 192 K   0.97566 0.00001 0.02433 0.00000 ( 1)
 193 T   0.97319 0.00012 0.02669 0.00000 ( 1)
 194 V   0.96606 0.00840 0.02528 0.00026 ( 1)
 195 D   0.97533 0.00436 0.02018 0.00013 ( 1)
 196 G   0.97413 0.00000 0.02587 0.00000 ( 1)
 197 P   0.97454 0.00008 0.02538 0.00000 ( 1)
 198 S   0.06734 0.90332 0.00176 0.02758 ( 2)
 199 G   0.91468 0.05414 0.02917 0.00202 ( 1)
 200 K   0.97557 0.00010 0.02433 0.00000 ( 1)
 201 L   0.00097 0.96772 0.00003 0.03128 ( 2)
 202 W   0.96991 0.00078 0.02929 0.00002 ( 1)
 203 R   0.95456 0.01900 0.02588 0.00056 ( 1)
 204 D   0.97133 0.00556 0.02295 0.00017 ( 1)
 205 G   0.97409 0.00004 0.02586 0.00000 ( 1)
 206 R   0.97318 0.00039 0.02643 0.00001 ( 1)
 207 G   0.97737 0.00004 0.02259 0.00000 ( 1)
 208 A   0.97005 0.00426 0.02556 0.00013 ( 1)
 209 H   0.00033 0.97070 0.00001 0.02896 ( 2)
 210 Q   0.97293 0.00002 0.02705 0.00000 ( 1)
 211 N   0.97614 0.00006 0.02380 0.00000 ( 1)
 212 I   0.43835 0.53439 0.01124 0.01602 ( 2)
 213 I   0.97282 0.00195 0.02517 0.00006 ( 1)
 214 P   0.97132 0.00023 0.02844 0.00001 ( 1)
 215 A   0.96838 0.00537 0.02609 0.00017 ( 1)
 216 S   0.96443 0.00615 0.02922 0.00020 ( 1)
 217 T   0.97714 0.00000 0.02286 0.00000 ( 1)
 218 G   0.97744 0.00000 0.02256 0.00000 ( 1)
 219 A   0.97773 0.00001 0.02227 0.00000 ( 1)
 220 A   0.97376 0.00001 0.02623 0.00000 ( 1)
 221 K   0.97567 0.00000 0.02433 0.00000 ( 1)
 222 A   0.97316 0.00001 0.02684 0.00000 ( 1)
 223 V   0.97772 0.00001 0.02227 0.00000 ( 1)
 224 G   0.97761 0.00000 0.02238 0.00000 ( 1)
 225 K   0.97624 0.00000 0.02376 0.00000 ( 1)
 226 V   0.97772 0.00001 0.02227 0.00000 ( 1)
 227 I   0.97814 0.00000 0.02186 0.00000 ( 1)
 228 P   0.97090 0.00001 0.02909 0.00000 ( 1)
 229 D   0.97885 0.00072 0.02041 0.00002 ( 1)
 230 L   0.97217 0.00014 0.02769 0.00000 ( 1)
 231 N   0.97912 0.00000 0.02088 0.00000 ( 1)
 232 G   0.97322 0.00000 0.02678 0.00000 ( 1)
 233 K   0.97623 0.00000 0.02377 0.00000 ( 1)
 234 L   0.97051 0.00002 0.02947 0.00000 ( 1)
 235 T   0.97714 0.00000 0.02286 0.00000 ( 1)
 236 G   0.97762 0.00000 0.02238 0.00000 ( 1)
 237 M   0.97729 0.00000 0.02271 0.00000 ( 1)
 238 A   0.97773 0.00000 0.02227 0.00000 ( 1)
 239 F   0.97391 0.00000 0.02609 0.00000 ( 1)
 240 R   0.97360 0.00000 0.02640 0.00000 ( 1)
 241 V   0.97381 0.00002 0.02617 0.00000 ( 1)
 242 P   0.97154 0.00001 0.02845 0.00000 ( 1)
 243 T   0.63833 0.33681 0.01495 0.00990 ( 1)
 244 P   0.97208 0.00007 0.02784 0.00000 ( 1)
 245 D   0.97671 0.00000 0.02328 0.00000 ( 1)
 246 V   0.97308 0.00002 0.02690 0.00000 ( 1)
 247 S   0.97497 0.00001 0.02503 0.00000 ( 1)
 248 V   0.97772 0.00001 0.02227 0.00000 ( 1)
 249 V   0.97449 0.00001 0.02550 0.00000 ( 1)
 250 D   0.97973 0.00000 0.02027 0.00000 ( 1)
 251 L   0.97218 0.00002 0.02780 0.00000 ( 1)
 252 T   0.97692 0.00000 0.02308 0.00000 ( 1)
 253 A   0.97498 0.00042 0.02459 0.00001 ( 1)
 254 R   0.97100 0.00000 0.02899 0.00000 ( 1)
 255 I   0.97630 0.00039 0.02329 0.00001 ( 1)
 256 K   0.97528 0.00002 0.02470 0.00000 ( 1)
 257 K   0.97623 0.00000 0.02377 0.00000 ( 1)
 258 E   0.01564 0.95468 0.00039 0.02929 ( 2)
 259 A   0.97373 0.00017 0.02609 0.00001 ( 1)
 260 T   0.97676 0.00013 0.02311 0.00000 ( 1)
 261 Y   0.97328 0.00273 0.02391 0.00008 ( 1)
 262 D   0.97952 0.00002 0.02046 0.00000 ( 1)
 263 E   0.97691 0.00030 0.02279 0.00001 ( 1)
 264 I   0.97814 0.00000 0.02186 0.00000 ( 1)
 265 K   0.97623 0.00000 0.02377 0.00000 ( 1)
 266 A   0.97132 0.00637 0.02212 0.00019 ( 1)
 267 A   0.97604 0.00151 0.02240 0.00004 ( 1)
 268 M   0.97260 0.00429 0.02299 0.00012 ( 1)
 269 K   0.97449 0.00174 0.02373 0.00005 ( 1)
 270 S   0.15041 0.81857 0.00465 0.02636 ( 2)
 271 A   0.97773 0.00001 0.02227 0.00000 ( 1)
 272 A   0.92265 0.05452 0.02124 0.00159 ( 1)
 273 E   0.07189 0.90040 0.00170 0.02602 ( 2)
 274 S   0.96008 0.01687 0.02257 0.00048 ( 1)
 275 D   0.00644 0.96444 0.00014 0.02899 ( 2)
 276 H   0.04787 0.92478 0.00116 0.02619 ( 2)
 277 W   0.42139 0.54835 0.01279 0.01747 ( 2)
 278 K   0.92962 0.04586 0.02319 0.00133 ( 1)
 279 G   0.15124 0.81962 0.00416 0.02498 ( 2)
 280 I   0.97586 0.00226 0.02181 0.00007 ( 1)
 281 L   0.96994 0.00148 0.02853 0.00005 ( 1)
 282 G   0.97278 0.00005 0.02717 0.00000 ( 1)
 283 Y   0.97285 0.00000 0.02715 0.00000 ( 1)
 284 T   0.97697 0.00000 0.02303 0.00000 ( 1)
 285 E   0.97721 0.00000 0.02279 0.00000 ( 1)
 286 D   0.96640 0.00005 0.03355 0.00000 ( 1)
 287 Q   0.96224 0.00913 0.02835 0.00029 ( 1)
 288 V   0.97436 0.00002 0.02562 0.00000 ( 1)
 289 V   0.97301 0.00002 0.02697 0.00000 ( 1)
 290 S   0.97522 0.00001 0.02477 0.00000 ( 1)
 291 S   0.93730 0.03984 0.02174 0.00112 ( 1)
 292 D   0.97973 0.00000 0.02027 0.00000 ( 1)
 293 F   0.97682 0.00000 0.02318 0.00000 ( 1)
 294 I   0.62228 0.35339 0.01391 0.01042 ( 1)
 295 G   0.97736 0.00000 0.02264 0.00000 ( 1)
 296 D   0.97668 0.00002 0.02329 0.00000 ( 1)
 297 T   0.97271 0.00425 0.02291 0.00012 ( 1)
 298 H   0.97074 0.00302 0.02615 0.00009 ( 1)
 299 S   0.17949 0.79215 0.00478 0.02358 ( 2)
 300 S   0.41691 0.55643 0.01057 0.01609 ( 2)
 301 I   0.97806 0.00008 0.02186 0.00000 ( 1)
 302 F   0.97683 0.00000 0.02317 0.00000 ( 1)
 303 D   0.97894 0.00001 0.02105 0.00000 ( 1)
 304 A   0.97282 0.00002 0.02717 0.00000 ( 1)
 305 L   0.00251 0.96429 0.00009 0.03311 ( 2)
 306 A   0.97722 0.00002 0.02276 0.00000 ( 1)
 307 G   0.96794 0.00272 0.02924 0.00010 ( 1)
 308 I   0.96572 0.00082 0.03342 0.00003 ( 1)
 309 S   0.00001 0.95688 0.00000 0.04311 ( 2)
 310 L   0.94374 0.02134 0.03413 0.00079 ( 1)
 311 N   0.93123 0.02268 0.04502 0.00108 ( 1)
 312 K   0.00001 0.96041 0.00001 0.03956 ( 2)
 313 T   0.70815 0.26213 0.02057 0.00916 ( 1)
 314 F   0.97180 0.00001 0.02819 0.00000 ( 1)
 315 V   0.94914 0.00850 0.04198 0.00039 ( 1)
 316 K   0.97567 0.00000 0.02433 0.00000 ( 1)
 317 L   0.95376 0.00683 0.03916 0.00025 ( 1)
 318 I   0.94621 0.00557 0.04803 0.00020 ( 1)
 319 C   0.01858 0.87298 0.06428 0.04415 ( 2)
 320 W   0.95844 0.01062 0.03058 0.00035 ( 1)
 321 Y   0.97285 0.00000 0.02715 0.00000 ( 1)
 322 D   0.97692 0.00000 0.02308 0.00000 ( 1)
 323 N   0.97912 0.00000 0.02088 0.00000 ( 1)
 324 E   0.97664 0.00000 0.02336 0.00000 ( 1)
 325 Y   0.97603 0.00000 0.02397 0.00000 ( 1)
 326 G   0.97761 0.00000 0.02238 0.00000 ( 1)
 327 Y   0.97582 0.00000 0.02418 0.00000 ( 1)
 328 S   0.97462 0.00000 0.02537 0.00000 ( 1)
 329 H   0.32274 0.62296 0.03305 0.02125 ( 2)
 330 R   0.81782 0.00004 0.18214 0.00000 ( 1)
 331 V   0.97428 0.00010 0.02562 0.00000 ( 1)
 332 V   0.97743 0.00009 0.02248 0.00000 ( 1)
 333 D   0.97671 0.00002 0.02327 0.00000 ( 1)
 334 L   0.97210 0.00008 0.02782 0.00000 ( 1)
 335 I   0.97790 0.00023 0.02187 0.00001 ( 1)
 336 K   0.02284 0.94890 0.00058 0.02768 ( 2)
 337 Y   0.97284 0.00001 0.02715 0.00000 ( 1)
 338 M   0.97700 0.00024 0.02276 0.00001 ( 1)
 339 Q   0.38811 0.58323 0.01094 0.01772 ( 2)
 340 A   0.29094 0.39963 0.29493 0.01450 ( 2)
 341 R   0.82859 0.14467 0.02246 0.00429 ( 1)
 342 D   0.23219 0.74020 0.00555 0.02206 ( 2)
 343 S   0.02537 0.89206 0.04202 0.04055 ( 2)
 344 K   0.91921 0.05554 0.02353 0.00172 ( 1)
 345 -   0.83225 0.13341 0.02958 0.00476 ( 1)
 346 -   0.18458 0.78108 0.00656 0.02778 ( 2)
 347 -   0.83225 0.13341 0.02958 0.00476 ( 1)
