

TREE # 1

  0  0.0000   5769.002447  x:  0.16618   0.42697   0.42300   0.10995   0.17126   0.00000   0.52415   0.09482   0.51284   0.57817   0.17687   1.27321   1.15423   0.10824   0.24633   2.74843  
  1 99.0000   5585.136859  x:  0.18227   0.46503   0.46184   0.13687   0.25207   0.11507   0.55927   0.14966   0.55199   0.60187   0.23780   1.27693   1.17624   0.08979   0.04498   2.74700  
  2 970.7398   5548.342992  x:  0.18268   0.53121   0.52851   0.13317   0.34313   0.20343   0.62216   0.22133   0.63193   0.64985   0.32302   1.28297   1.22372   0.05151   0.12449   2.74384  
  3 395.4954   5497.005502  x:  0.09682   0.65374   0.64445   0.00000   0.36041   0.08893   0.73941   0.27921   0.81101   0.76114   0.39690   1.29718   1.35568  -0.05433   0.10982   2.73590  
  4 272.3446   5479.056527  x:  0.03673   0.71459   0.70650   0.06097   0.38801   0.00000   0.79762   0.28475   0.89406   0.81538   0.41302   1.30459   1.43216  -0.11653   0.10472   2.73154  
  5 384.8465   5472.315897  x:  0.04081   0.77966   0.74603   0.09858   0.30201   0.04361   0.85105   0.20746   0.92902   0.85409   0.38745   1.30500   1.51519  -0.18977   0.10762   2.72889  
  6 87.8202   5470.933063  x:  0.07241   0.79404   0.74021   0.09696   0.31404   0.03710   0.85965   0.15933   0.92409   0.86114   0.40397   1.30146   1.54680  -0.21854   0.10740   2.72825  
  7 48.2711   5470.064941  x:  0.05474   0.79801   0.72457   0.08483   0.34255   0.04779   0.86170   0.12603   0.91014   0.86670   0.39327   1.29497   1.57851  -0.24421   0.10825   2.72665  
  8 34.3462   5468.623310  x:  0.04081   0.77987   0.66124   0.08615   0.33755   0.05446   0.84799   0.16364   0.85529   0.88714   0.41535   1.26650   1.67563  -0.32031   0.10951   2.72121  
  9 16.5952   5467.064475  x:  0.08709   0.78447   0.69396   0.07602   0.36366   0.04785   0.83605   0.20754   0.85107   0.87106   0.35066   1.23162   1.73109  -0.34228   0.10838   2.71409  
 10  5.9231   5455.308870  x:  0.04686   0.70333   0.98811   0.04709   0.39013   0.06771   0.76747   0.22224   0.90505   0.68008   0.42777   1.11224   2.00997  -0.25598   0.09150   2.62704  
 11 15.6346   5428.011529  x:  0.05076   0.76994   0.99312   0.03746   0.46615   0.09890   0.89693   0.26567   1.11965   0.83731   0.45904   1.31869   2.36722   0.17442   0.05556   2.43789  
 12 29.8350   5426.581174  x:  0.03795   0.84804   0.96445   0.04410   0.46466   0.10085   0.86118   0.25662   1.15194   0.89516   0.47656   1.18863   2.36213   0.24115   0.05330   2.42114  
 13 12.2964   5421.042508  x:  0.01264   1.13276   0.93921   0.04331   0.48843   0.11306   0.71145   0.29638   1.21783   0.85642   0.51531   1.31853   2.50543   0.42806   0.05926   2.31830  
 14  2.1544   5408.033442  x:  0.02512   1.17304   0.91296   0.03830   0.57123   0.13410   1.17963   0.35481   1.36068   0.93277   0.55768   1.24951   2.81586   0.98085   0.07109   2.04846  
 15 17.1536   5406.029228  x:  0.04595   1.07041   1.02120   0.03189   0.59129   0.15100   1.11688   0.33665   1.36229   1.14872   0.55591   1.27573   2.87934   1.07042   0.07372   1.99735  
 16 13.7888   5404.614611  x:  0.04358   1.17521   1.12919   0.01504   0.60247   0.13413   1.19067   0.36491   1.21375   1.19860   0.56536   1.30529   3.06028   1.28642   0.06984   1.82381  
 17  1.9376   5398.969254  x:  0.09821   1.20993   1.16310   0.00000   0.63482   0.15980   1.21959   0.39981   1.37607   1.20164   0.53568   1.35744   3.64646   1.80281   0.06401   1.33497  
 18 13.2078   5395.719813  x:  0.08398   1.25077   1.19897   0.00000   0.64306   0.18434   1.25224   0.40844   1.50891   1.25385   0.54746   1.35978   3.72757   1.85711   0.05911   1.00000  
 19  1.0545   5389.664242  x:  0.08611   1.44052   1.36206   0.00000   0.64299   0.31105   1.44146   0.46538   2.16397   1.53060   0.55695   1.29258   4.50475   2.54226   0.04479   1.00000  
 20  0.7361   5388.266833  x:  0.06532   1.47480   1.37649   0.00000   0.62638   0.34396   1.47731   0.46911   2.31587   1.59410   0.57346   1.28034   4.55993   2.59992   0.04879   1.00000  
 21  0.2070   5387.485028  x:  0.04981   1.57754   1.46168   0.00000   0.60122   0.39859   1.57231   0.50252   2.51979   1.70523   0.59136   1.29290   4.82891   2.99903   0.04484   1.00000  
 22  0.3115   5387.473492  x:  0.04956   1.57928   1.46313   0.00317   0.60080   0.39952   1.57393   0.50309   2.52326   1.70711   0.59166   1.29311   4.83358   3.00588   0.04478   1.00000  
 23 24.6281   5387.277926  x:  0.07885   1.60692   1.51687   0.00255   0.60309   0.42941   1.61649   0.53299   2.59757   1.74378   0.57428   1.29460   5.25646   3.40777   0.04395   1.00000  
 24  0.4396   5387.088841  x:  0.05092   1.65084   1.57503   0.00182   0.60172   0.47245   1.66115   0.56074   2.65352   1.77659   0.59434   1.29424   5.41463   3.51052   0.04262   1.00000  
 25  0.0978   5386.869191  x:  0.05578   1.64791   1.62778   0.00000   0.61779   0.52168   1.68319   0.60429   2.59687   1.75589   0.59388   1.30238   5.79702   3.96291   0.04241   1.00000  
 26  0.1557   5386.746093  x:  0.05299   1.59089   1.60880   0.00000   0.61928   0.55027   1.63674   0.61656   2.46969   1.67472   0.59214   1.28815   5.93934   4.08330   0.04396   1.00000  
 27  0.1052   5386.652365  x:  0.05814   1.54756   1.55992   0.00000   0.60131   0.56308   1.57968   0.60388   2.43253   1.62631   0.58513   1.28161   5.96850   4.09132   0.04395   1.00000  
 28  0.0534   5386.651308  x:  0.05826   1.54655   1.55878   0.00096   0.60089   0.56338   1.57835   0.60358   2.43167   1.62519   0.58496   1.28146   5.96919   4.09152   0.04395   1.00000  
 29  6.5323   5386.611911  x:  0.06024   1.54710   1.54383   0.00168   0.59683   0.58328   1.56306   0.59456   2.48394   1.64178   0.58449   1.30158   6.04883   4.17810   0.04418   1.00000  
 30  0.0536   5386.586990  x:  0.05761   1.54268   1.53617   0.00088   0.60601   0.61245   1.54719   0.59252   2.47197   1.63704   0.58723   1.30547   6.19647   4.32781   0.04413   1.00000  
 31  0.0835   5386.570712  x:  0.05853   1.56407   1.52664   0.00094   0.60658   0.61812   1.55182   0.57577   2.49630   1.66123   0.58748   1.29276   6.25548   4.38259   0.04385   1.00000  
 32  0.0309   5386.560733  x:  0.05776   1.56911   1.52157   0.00114   0.60481   0.62096   1.55333   0.56343   2.46087   1.65653   0.58715   1.29275   6.31057   4.44530   0.04421   1.00000  
 33  0.0295   5386.557166  x:  0.05865   1.57265   1.52535   0.00123   0.60412   0.61988   1.55992   0.55809   2.45604   1.65879   0.58604   1.29849   6.33995   4.46719   0.04410   1.00000  
 34  0.0213   5386.555147  x:  0.05926   1.55956   1.52418   0.00100   0.60419   0.61959   1.56167   0.55071   2.45948   1.65335   0.58528   1.29833   6.37218   4.49783   0.04420   1.00000  
 35  0.0073   5386.554313  x:  0.05884   1.56015   1.53281   0.00110   0.60485   0.62077   1.56940   0.55214   2.46368   1.65440   0.58597   1.29818   6.41294   4.54201   0.04411   1.00000  
 36  0.0315   5386.552462  x:  0.05910   1.56216   1.53626   0.00109   0.60332   0.62785   1.56423   0.55140   2.46894   1.65051   0.58664   1.29705   6.56308   4.69033   0.04405   1.00000  
 37  0.0264   5386.547890  x:  0.05868   1.56742   1.54341   0.00072   0.60532   0.61822   1.55495   0.55027   2.47435   1.64373   0.58806   1.29823   6.82231   4.95083   0.04416   1.00000  
 38  0.0703   5386.543860  x:  0.05996   1.56257   1.53222   0.00130   0.60435   0.61013   1.54924   0.54522   2.45441   1.63728   0.58412   1.29770   7.04016   5.17119   0.04427   1.00000  
 39  0.0705   5386.534454  x:  0.06103   1.56197   1.53051   0.00088   0.60456   0.61492   1.55748   0.55580   2.46995   1.64923   0.57936   1.29785   7.87226   5.99804   0.04416   1.00000  
 40  0.2350   5386.528155  x:  0.05932   1.56013   1.53063   0.00107   0.60413   0.61182   1.55580   0.54769   2.45271   1.64303   0.58487   1.29806   8.85892   6.98693   0.04430   1.00000  
 41  0.3436   5386.525591  x:  0.06065   1.55895   1.52548   0.00115   0.60425   0.61173   1.56042   0.55483   2.45931   1.65310   0.58422   1.29798   9.59763   7.72571   0.04421   1.00000  
 42  0.5389   5386.525015  x:  0.05968   1.55838   1.52537   0.00114   0.60395   0.61082   1.56115   0.55252   2.45381   1.65208   0.58559   1.29812  10.37571   8.50340   0.04426   1.00000  
 43  0.3838   5386.524550  x:  0.06075   1.55877   1.52644   0.00114   0.60430   0.61179   1.55938   0.55396   2.45840   1.65183   0.58412   1.29797  11.31520   9.44344   0.04422   1.00000  
 44  0.4087   5386.524399  x:  0.05994   1.55923   1.52672   0.00111   0.60409   0.61169   1.55983   0.55298   2.45738   1.65145   0.58450   1.29802  12.09807  10.22567   0.04423   1.00000  
 45  0.5054   5386.524330  x:  0.06049   1.55878   1.52646   0.00112   0.60424   0.61164   1.55962   0.55335   2.45714   1.65115   0.58429   1.29803  13.03140  11.15944   0.04424   1.00000  
 46  0.4583   5386.524301  x:  0.06010   1.55925   1.52628   0.00113   0.60413   0.61165   1.56000   0.55336   2.45775   1.65158   0.58454   1.29801  13.86045  11.98823   0.04423   1.00000  
 47  0.5099   5386.524289  x:  0.06032   1.55903   1.52632   0.00112   0.60419   0.61163   1.55989   0.55328   2.45721   1.65103   0.58440   1.29804  14.79601  12.92394   0.04424   1.00000  
 48  0.4966   5386.524284  x:  0.06019   1.55925   1.52625   0.00113   0.60416   0.61166   1.55995   0.55338   2.45775   1.65130   0.58448   1.29802  15.67195  13.79979   0.04423   1.00000  
 49  0.5058   5386.524282  x:  0.06026   1.55910   1.52630   0.00112   0.60418   0.61164   1.55993   0.55330   2.45734   1.65113   0.58444   1.29804  16.77077  14.89866   0.04424   1.00000  
 50  0.5334   5386.524281  x:  0.06023   1.55914   1.52632   0.00113   0.60417   0.61165   1.55988   0.55335   2.45759   1.65135   0.58446   1.29802  18.24832  16.37618   0.04423   1.00000  
 51  0.7275   5386.524281  x:  0.06023   1.55908   1.52637   0.00113   0.60417   0.61165   1.55986   0.55332   2.45747   1.65138   0.58445   1.29802  19.61381  17.74167   0.04423   1.00000  
 52  1.2069   5386.524281  x:  0.06023   1.55908   1.52637   0.00113   0.60417   0.61165   1.55986   0.55332   2.45747   1.65138   0.58445   1.29802  19.59247  17.72034   0.04423   1.00000  
 53  1.9294   5386.524281  x:  0.06023   1.55908   1.52637   0.00113   0.60417   0.61165   1.55986   0.55332   2.45747   1.65138   0.58445   1.29802  19.58961  17.71748   0.04423   1.00000  
 54 16.1870   5386.524281  x:  0.06023   1.55908   1.52638   0.00113   0.60417   0.61165   1.55987   0.55332   2.45748   1.65138   0.58445   1.29802  19.64939  17.77726   0.04423   1.00000  
 55  4.1421   5386.524281  x:  0.06023   1.55908   1.52638   0.00113   0.60417   0.61165   1.55987   0.55332   2.45748   1.65138   0.58445   1.29802  19.64848  17.77635   0.04423   1.00000  
 56 27.1535   5386.524281  x:  0.06023   1.55908   1.52638   0.00113   0.60417   0.61165   1.55987   0.55332   2.45748   1.65138   0.58445   1.29802  19.64848  17.77635   0.04423   1.00000  
 57  1.9457   5386.524281  x:  0.06023   1.55908   1.52638   0.00113   0.60417   0.61165   1.55987   0.55332   2.45748   1.65138   0.58445   1.29802  19.64848  17.77635   0.04423   1.00000  
 58  3.2917   5386.524281  x:  0.06023   1.55907   1.52637   0.00113   0.60417   0.61164   1.55986   0.55332   2.45747   1.65137   0.58445   1.29802  19.64754  17.77541   0.04423   1.00000  
 59  0.2291   5386.524281  x:  0.06024   1.55908   1.52637   0.00112   0.60417   0.61165   1.55988   0.55332   2.45745   1.65135   0.58445   1.29802  19.64752  17.77539   0.04423   1.00000  
 60  0.0000   5386.524281  x:  0.06024   1.55910   1.52635   0.00112   0.60417   0.61165   1.55988   0.55332   2.45747   1.65133   0.58445   1.29802  19.64752  17.77539   0.04423   1.00000  
 61  0.0000   5386.524281  x:  0.06024   1.55909   1.52636   0.00112   0.60417   0.61165   1.55988   0.55332   2.45747   1.65133   0.58445   1.29802  19.64752  17.77539   0.04423   1.00000  
 62  0.0000   5386.524281  x:  0.06024   1.55910   1.52635   0.00112   0.60417   0.61165   1.55988   0.55332   2.45747   1.65133   0.58445   1.29802  19.64751  17.77538   0.04423   1.00000  