Supplemental results for CODEML (seqf: aligned.fas  treef: AT1G25440_AT1G25440.1_Athaliana_Araport11.treefile)

I	J	ij	2Ns_IJ	pMut_IJ	pSub_IJ	2Ns_JI	pMut_JI	pSub_JI

TTC	TTT	CT	-0.10215	0.02054	0.01950	0.10215	0.01854	0.01950
TTA	TTT	AT	0.71053	0.00733	0.01024	-0.71053	0.01492	0.01024
TTA	TTC	AC	0.81269	0.00634	0.00927	-0.81269	0.01430	0.00927
TTG	TTT	GT	-0.06578	0.01955	0.01892	0.06578	0.01831	0.01892
TTG	TTC	GC	0.03638	0.01692	0.01723	-0.03638	0.01754	0.01723
TTG	TTA	GA	-0.77631	0.02907	0.01923	0.77631	0.01338	0.01923
TCT	TTT	CT	0.26075	0.01429	0.01623	-0.26075	0.01854	0.01623
TCC	TTC	CT	0.28273	0.01339	0.01538	-0.28273	0.01777	0.01538
TCC	TCT	CT	-0.08018	0.01339	0.01286	0.08018	0.01236	0.01286
TCA	TTA	CT	-0.29886	0.01250	0.01072	0.29886	0.00927	0.01072
TCA	TCT	AT	0.15092	0.00855	0.00922	-0.15092	0.00995	0.00922
TCA	TCC	AC	0.23109	0.00740	0.00829	-0.23109	0.00933	0.00829
TCG	TTG	CT	0.43065	0.01607	0.01978	-0.43065	0.02472	0.01978
TCG	TCT	GT	0.10412	0.01100	0.01158	-0.10412	0.01220	0.01158
TCG	TCC	GC	0.18430	0.00952	0.01042	-0.18430	0.01144	0.01042
TCG	TCA	GA	-0.04679	0.01635	0.01597	0.04679	0.01561	0.01597
TAT	TTT	AT	0.63049	0.00794	0.01071	-0.63049	0.01492	0.01071
TAT	TCT	AC	0.36974	0.00687	0.00822	-0.36974	0.00995	0.00822
TAC	TTC	AT	0.51382	0.00855	0.01094	-0.51382	0.01430	0.01094
TAC	TCC	AC	0.23109	0.00740	0.00829	-0.23109	0.00933	0.00829
TAC	TAT	CT	-0.21882	0.01250	0.01118	0.21882	0.01004	0.01118
TGT	TTT	GT	1.00206	0.00672	0.01064	-1.00206	0.01831	0.01064
TGT	TCT	GC	0.74131	0.00582	0.00823	-0.74131	0.01220	0.00823
TGT	TAT	GA	0.37157	0.00999	0.01196	-0.37157	0.01449	0.01196
TGC	TTC	GT	1.27796	0.00489	0.00866	-1.27796	0.01754	0.00866
TGC	TCC	GC	0.99523	0.00423	0.00668	-0.99523	0.01144	0.00668
TGC	TAC	GA	0.76414	0.00727	0.01040	-0.76414	0.01561	0.01040
TGC	TGT	CT	0.17374	0.00714	0.00778	-0.17374	0.00850	0.00778
TGG	TTG	GT	1.28975	0.00672	0.01196	-1.28975	0.02441	0.01196
TGG	TCG	GC	0.85910	0.00582	0.00867	-0.85910	0.01373	0.00867
TGG	TGT	GT	0.22191	0.00672	0.00749	-0.22191	0.00839	0.00749
TGG	TGC	GC	0.04817	0.00582	0.00596	-0.04817	0.00610	0.00596
CTT	TTT	CT	0.14297	0.01607	0.01725	-0.14297	0.01854	0.01725
CTC	TTC	CT	0.91134	0.00714	0.01089	-0.91134	0.01777	0.01089
CTC	CTT	CT	0.66622	0.00714	0.00978	-0.66622	0.01391	0.00978
CTA	TTA	CT	-0.05770	0.00982	0.00954	0.05770	0.00927	0.00954
CTA	CTT	AT	0.50986	0.00672	0.00858	-0.50986	0.01119	0.00858
CTA	CTC	AC	-0.15635	0.00582	0.00537	0.15635	0.00497	0.00537
CTG	TTG	CT	0.83612	0.01071	0.01581	-0.83612	0.02472	0.01581
CTG	CTT	GT	0.62737	0.00733	0.00987	-0.62737	0.01373	0.00987
CTG	CTC	GC	-0.03885	0.00634	0.00622	0.03885	0.00610	0.00622
CTG	CTA	GA	0.11751	0.01090	0.01156	-0.11751	0.01226	0.01156
CCT	TCT	CT	-0.41665	0.01875	0.01511	0.41665	0.01236	0.01511
CCT	CTT	CT	-0.29886	0.01875	0.01609	0.29886	0.01391	0.01609
CCC	TCC	CT	1.46472	0.00268	0.00510	-1.46472	0.01159	0.00510
CCC	CTC	CT	0.83612	0.00268	0.00395	-0.83612	0.00618	0.00395
CCC	CCT	CT	1.80120	0.00268	0.00578	-1.80120	0.01622	0.00578
CCA	TCA	CT	-0.27824	0.01429	0.01239	0.27824	0.01082	0.01239
CCA	CTA	CT	-0.51941	0.01429	0.01090	0.51941	0.00850	0.01090
CCA	CCT	AT	0.28932	0.00978	0.01126	-0.28932	0.01306	0.01126
CCA	CCC	AC	-1.51188	0.00846	0.00362	1.51188	0.00187	0.00362
CCG	TCG	CT	-0.14471	0.01607	0.01494	0.14471	0.01391	0.01494
CCG	CTG	CT	-0.55018	0.01607	0.01205	0.55018	0.00927	0.01205
CCG	CCT	GT	0.37606	0.01100	0.01319	-0.37606	0.01602	0.01319
CCG	CCC	GC	-1.42514	0.00952	0.00429	1.42514	0.00229	0.00429
CCG	CCA	GA	0.08674	0.01635	0.01707	-0.08674	0.01783	0.01707
CAT	TAT	CT	-0.35235	0.01429	0.01192	0.35235	0.01004	0.01192
CAT	CTT	AT	0.13517	0.00978	0.01045	-0.13517	0.01119	0.01045
CAT	CCT	AC	0.43403	0.00846	0.01043	-0.43403	0.01306	0.01043
CAC	TAC	CT	0.41490	0.00714	0.00873	-0.41490	0.01082	0.00873
CAC	CTC	AT	0.01739	0.00489	0.00493	-0.01739	0.00497	0.00493
CAC	CCC	AC	-0.81873	0.00423	0.00273	0.81873	0.00187	0.00273
CAC	CAT	CT	0.54843	0.00714	0.00928	-0.54843	0.01236	0.00928
CAA	CTA	AT	-0.35731	0.00978	0.00813	0.35731	0.00684	0.00813
CAA	CCA	AC	0.16210	0.00846	0.00916	-0.16210	0.00995	0.00916
CAA	CAT	AT	0.01739	0.00978	0.00986	-0.01739	0.00995	0.00986
CAA	CAC	AC	-0.53105	0.00846	0.00641	0.53105	0.00497	0.00641
CAG	CTG	AT	-0.58875	0.01344	0.00987	0.58875	0.00746	0.00987
CAG	CCG	AC	-0.03857	0.01163	0.01141	0.03857	0.01119	0.01141
CAG	CAT	GT	-0.09655	0.01344	0.01280	0.09655	0.01220	0.01280
CAG	CAC	GC	-0.64498	0.01163	0.00828	0.64498	0.00610	0.00828
CAG	CAA	GA	-0.11393	0.01999	0.01887	0.11393	0.01783	0.01887
CGT	TGT	CT	-0.45487	0.01339	0.01058	0.45487	0.00850	0.01058
CGT	CTT	GT	0.40423	0.00916	0.01114	-0.40423	0.01373	0.01114
CGT	CCT	GC	0.70309	0.00793	0.01104	-0.70309	0.01602	0.01104
CGT	CAT	GA	0.26906	0.01363	0.01554	-0.26906	0.01783	0.01554
CGC	TGC	CT	0.54843	0.00357	0.00464	-0.54843	0.00618	0.00464
CGC	CTC	GT	0.91505	0.00244	0.00373	-0.91505	0.00610	0.00373
CGC	CCC	GC	0.07894	0.00211	0.00220	-0.07894	0.00229	0.00220
CGC	CAC	GA	0.89767	0.00363	0.00551	-0.89767	0.00892	0.00551
CGC	CGT	CT	1.17704	0.00357	0.00608	-1.17704	0.01159	0.00608
CGA	CTA	GT	0.31722	0.00611	0.00713	-0.31722	0.00839	0.00713
CGA	CCA	GC	0.83662	0.00529	0.00780	-0.83662	0.01220	0.00780
CGA	CAA	GA	0.67452	0.00909	0.01249	-0.67452	0.01783	0.01249
CGA	CGT	AT	0.42285	0.00611	0.00749	-0.42285	0.00933	0.00749
CGA	CGC	AC	-0.75419	0.00529	0.00354	0.75419	0.00249	0.00354
CGG	TGG	CT	0.05596	0.00804	0.00826	-0.05596	0.00850	0.00826
CGG	CTG	GT	0.50959	0.00550	0.00702	-0.50959	0.00915	0.00702
CGG	CCG	GC	1.05977	0.00476	0.00772	-1.05977	0.01373	0.00772
CGG	CAG	GA	1.09834	0.00818	0.01347	-1.09834	0.02452	0.01347
CGG	CGT	GT	0.73273	0.00550	0.00776	-0.73273	0.01144	0.00776
CGG	CGC	GC	-0.44431	0.00476	0.00378	0.44431	0.00305	0.00378
CGG	CGA	GA	0.30988	0.00818	0.00951	-0.30988	0.01115	0.00951
ATT	TTT	AT	0.19971	0.01222	0.01348	-0.19971	0.01492	0.01348
ATT	CTT	AC	0.05674	0.01057	0.01088	-0.05674	0.01119	0.01088
ATC	TTC	AT	0.15715	0.01222	0.01320	-0.15715	0.01430	0.01320
ATC	CTC	AC	-0.75419	0.01057	0.00708	0.75419	0.00497	0.00708
ATC	ATT	CT	-0.14471	0.01786	0.01660	0.14471	0.01545	0.01660
ATA	TTA	AT	0.01739	0.00733	0.00740	-0.01739	0.00746	0.00740
ATA	CTA	AC	0.07509	0.00634	0.00659	-0.07509	0.00684	0.00659
ATA	ATT	AT	0.52821	0.00733	0.00944	-0.52821	0.01243	0.00944
ATA	ATC	AC	0.67292	0.00634	0.00872	-0.67292	0.01243	0.00872
ATG	TTG	AT	-0.15446	0.02322	0.02147	0.15446	0.01989	0.02147
ATG	CTG	AC	-0.99058	0.02009	0.01176	0.99058	0.00746	0.01176
ATG	ATT	GT	-0.41995	0.02322	0.01868	0.41995	0.01526	0.01868
ATG	ATC	GC	-0.27523	0.02009	0.01745	0.27523	0.01526	0.01745
ATG	ATA	GA	-0.94816	0.03452	0.02070	0.94816	0.01338	0.02070
ACT	TCT	AT	-0.25455	0.01283	0.01127	0.25455	0.00995	0.01127
ACT	CCT	AC	0.16210	0.01110	0.01203	-0.16210	0.01306	0.01203
ACT	ATT	CT	-0.19350	0.01875	0.01699	0.19350	0.01545	0.01699
ACC	TCC	AT	0.32754	0.00672	0.00788	-0.32754	0.00933	0.00788
ACC	CCC	AC	-1.13718	0.00582	0.00312	1.13718	0.00187	0.00312
ACC	ATC	CT	0.45312	0.00982	0.01221	-0.45312	0.01545	0.01221
ACC	ACT	CT	0.50191	0.00982	0.01249	-0.50191	0.01622	0.01249
ACA	TCA	AT	-0.11615	0.00978	0.00922	0.11615	0.00870	0.00922
ACA	CCA	AC	0.16210	0.00846	0.00916	-0.16210	0.00995	0.00916
ACA	ATA	CT	-0.43240	0.01429	0.01142	0.43240	0.00927	0.01142
ACA	ACT	AT	0.28932	0.00978	0.01126	-0.28932	0.01306	0.01126
ACA	ACC	AC	-0.21259	0.00846	0.00759	0.21259	0.00684	0.00759
ACG	TCG	AT	-0.18329	0.01344	0.01225	0.18329	0.01119	0.01225
ACG	CCG	AC	-0.03857	0.01163	0.01141	0.03857	0.01119	0.01141
ACG	ATG	CT	0.40183	0.01964	0.02385	-0.40183	0.02936	0.02385
ACG	ACT	GT	0.17539	0.01344	0.01465	-0.17539	0.01602	0.01465
ACG	ACC	GC	-0.32653	0.01163	0.00983	0.32653	0.00839	0.00983
ACG	ACA	GA	-0.11393	0.01999	0.01887	0.11393	0.01783	0.01887
AAT	TAT	AT	-0.74987	0.01711	0.01149	0.74987	0.00808	0.01149
AAT	CAT	AC	-0.39752	0.01480	0.01205	0.39752	0.00995	0.01205
AAT	ATT	AT	-0.31909	0.01711	0.01452	0.31909	0.01243	0.01452
AAT	ACT	AC	-0.12558	0.01480	0.01389	0.12558	0.01306	0.01389
AAC	TAC	AT	-0.47905	0.01405	0.01095	0.47905	0.00870	0.01095
AAC	CAC	AC	-0.89395	0.01216	0.00752	0.89395	0.00497	0.00752
AAC	ATC	AT	-0.12238	0.01405	0.01321	0.12238	0.01243	0.01321
AAC	ACC	AC	-0.57550	0.01216	0.00899	0.57550	0.00684	0.00899
AAC	AAT	CT	0.05200	0.02054	0.02107	-0.05200	0.02163	0.02107
AAA	CAA	AC	-0.70290	0.02009	0.01385	0.70290	0.00995	0.01385
AAA	ATA	AT	-1.13529	0.02322	0.01248	1.13529	0.00746	0.01248
AAA	ACA	AC	-0.70290	0.02009	0.01385	0.70290	0.00995	0.01385
AAA	AAT	AT	-0.28800	0.02322	0.02003	0.28800	0.01741	0.02003
AAA	AAC	AC	-0.33999	0.02009	0.01687	0.33999	0.01430	0.01687
AAG	CAG	AC	-0.82440	0.03119	0.02008	0.82440	0.01368	0.02008
AAG	ATG	AT	-0.42257	0.03605	0.02897	0.42257	0.02362	0.02897
AAG	ACG	AC	-0.82440	0.03119	0.02008	0.82440	0.01368	0.02008
AAG	AAT	GT	-0.52343	0.03605	0.02743	0.52343	0.02136	0.02743
AAG	AAC	GC	-0.57542	0.03119	0.02307	0.57542	0.01754	0.02307
AAG	AAA	GA	-0.23543	0.05360	0.04754	0.23543	0.04236	0.04754
AGT	TGT	AT	-0.98592	0.01833	0.01075	0.98592	0.00684	0.01075
AGT	CGT	AC	-0.53105	0.01586	0.01202	0.53105	0.00933	0.01202
AGT	ATT	GT	-0.18356	0.01833	0.01670	0.18356	0.01526	0.01670
AGT	ACT	GC	0.00994	0.01586	0.01594	-0.00994	0.01602	0.01594
AGT	AAT	GA	0.13553	0.02726	0.02914	-0.13553	0.03121	0.02914
AGC	TGC	AT	-0.20576	0.00611	0.00550	0.20576	0.00497	0.00550
AGC	CGC	AC	-0.75419	0.00529	0.00354	0.75419	0.00249	0.00354
AGC	ATC	GT	0.91505	0.00611	0.00933	-0.91505	0.01526	0.00933
AGC	ACC	GC	0.46193	0.00529	0.00660	-0.46193	0.00839	0.00660
AGC	AAC	GA	1.03743	0.00909	0.01460	-1.03743	0.02564	0.01460
AGC	AGT	CT	0.95390	0.00893	0.01385	-0.95390	0.02318	0.01385
AGA	CGA	AC	-1.24889	0.02168	0.01089	1.24889	0.00622	0.01089
AGA	ATA	GT	-1.00676	0.02505	0.01452	1.00676	0.00915	0.01452
AGA	ACA	GC	-0.57436	0.02168	0.01604	0.57436	0.01220	0.01604
AGA	AAA	GA	0.12853	0.03725	0.03969	-0.12853	0.04236	0.03969
AGA	AGT	AT	-0.29499	0.02505	0.02154	0.29499	0.01865	0.02154
AGA	AGC	AC	-1.24889	0.02168	0.01089	1.24889	0.00622	0.01089
AGG	TGG	AT	-1.19564	0.02261	0.01172	1.19564	0.00684	0.01172
AGG	CGG	AC	-1.25159	0.01956	0.00981	1.25159	0.00560	0.00981
AGG	ATG	GT	0.24857	0.02261	0.02553	-0.24857	0.02899	0.02553
AGG	ACG	GC	-0.15326	0.01956	0.01810	0.15326	0.01678	0.01810
AGG	AAG	GA	0.67114	0.03361	0.04615	-0.67114	0.06577	0.04615
AGG	AGT	GT	0.01219	0.02261	0.02274	-0.01219	0.02288	0.02274
AGG	AGC	GC	-0.94171	0.01956	0.01177	0.94171	0.00763	0.01177
AGG	AGA	GA	0.30717	0.03361	0.03904	-0.30717	0.04570	0.03904
GTT	TTT	GT	-0.33771	0.02566	0.02157	0.33771	0.01831	0.02157
GTT	CTT	GC	-0.48068	0.02220	0.01729	0.48068	0.01373	0.01729
GTT	ATT	GA	-0.53742	0.03816	0.02882	0.53742	0.02229	0.02882
GTC	TTC	GT	1.16018	0.00550	0.00929	-1.16018	0.01754	0.00929
GTC	CTC	GC	0.24884	0.00476	0.00537	-0.24884	0.00610	0.00537
GTC	ATC	GA	1.00303	0.00818	0.01295	-1.00303	0.02229	0.01295
GTC	GTT	CT	1.39573	0.00804	0.01491	-1.39573	0.03245	0.01491
GTA	TTA	GT	0.30892	0.00672	0.00781	-0.30892	0.00915	0.00781
GTA	CTA	GC	0.36662	0.00582	0.00695	-0.36662	0.00839	0.00695
GTA	ATA	GA	0.29153	0.00999	0.01152	-0.29153	0.01338	0.01152
GTA	GTT	AT	1.35716	0.00672	0.01228	-1.35716	0.02611	0.01228
GTA	GTC	AC	-0.03857	0.00582	0.00570	0.03857	0.00560	0.00570
GTG	TTG	GT	0.10412	0.02200	0.02316	-0.10412	0.02441	0.02316
GTG	CTG	GC	-0.73199	0.01903	0.01291	0.73199	0.00915	0.01291
GTG	ATG	GA	0.25859	0.03271	0.03712	-0.25859	0.04236	0.03712
GTG	GTT	GT	0.37606	0.02200	0.02639	-0.37606	0.03204	0.02639
GTG	GTC	GC	-1.01967	0.01903	0.01095	1.01967	0.00686	0.01095
GTG	GTA	GA	-0.98110	0.03271	0.01924	0.98110	0.01226	0.01924
GCT	TCT	GT	-0.37280	0.01772	0.01462	0.37280	0.01220	0.01462
GCT	CCT	GC	0.04385	0.01533	0.01567	-0.04385	0.01602	0.01567
GCT	ACT	GA	-0.11825	0.02635	0.02482	0.11825	0.02341	0.02482
GCT	GTT	CT	0.22566	0.02589	0.02892	-0.22566	0.03245	0.02892
GCC	TCC	GT	0.98405	0.00428	0.00672	-0.98405	0.01144	0.00672
GCC	CCC	GC	-0.48068	0.00370	0.00288	0.48068	0.00229	0.00288
GCC	ACC	GA	0.65651	0.00636	0.00867	-0.65651	0.01226	0.00867
GCC	GTC	CT	0.10660	0.00625	0.00659	-0.10660	0.00695	0.00659
GCC	GCT	CT	1.27667	0.00625	0.01107	-1.27667	0.02240	0.01107
GCA	TCA	GT	0.37606	0.00733	0.00880	-0.37606	0.01068	0.00880
GCA	CCA	GC	0.65430	0.00634	0.00864	-0.65430	0.01220	0.00864
GCA	ACA	GA	0.49220	0.01090	0.01380	-0.49220	0.01783	0.01380
GCA	GTA	CT	-0.23172	0.01071	0.00952	0.23172	0.00850	0.00952
GCA	GCT	AT	0.89977	0.00733	0.01112	-0.89977	0.01803	0.01112
GCA	GCC	AC	-0.37690	0.00634	0.00522	0.37690	0.00435	0.00522
GCG	TCG	GT	0.91505	0.00550	0.00839	-0.91505	0.01373	0.00839
GCG	CCG	GC	1.05977	0.00476	0.00772	-1.05977	0.01373	0.00772
GCG	ACG	GA	1.09834	0.00818	0.01347	-1.09834	0.02452	0.01347
GCG	GTG	CT	1.24158	0.00804	0.01403	-1.24158	0.02781	0.01403
GCG	GCT	GT	1.39198	0.00550	0.01019	-1.39198	0.02212	0.01019
GCG	GCC	GC	0.11531	0.00476	0.00504	-0.11531	0.00534	0.00504
GCG	GCA	GA	0.49220	0.00818	0.01035	-0.49220	0.01338	0.01035
GAT	TAT	GT	-1.27359	0.03544	0.01754	1.27359	0.00992	0.01754
GAT	CAT	GC	-0.92123	0.03066	0.01868	0.92123	0.01220	0.01868
GAT	AAT	GA	-0.52372	0.05269	0.04009	0.52372	0.03121	0.04009
GAT	GTT	AT	-0.30539	0.03544	0.03030	0.30539	0.02611	0.03030
GAT	GCT	AC	-0.53105	0.03066	0.02324	0.53105	0.01803	0.02324
GAC	TAC	GT	-0.47124	0.01711	0.01339	0.47124	0.01068	0.01339
GAC	CAC	GC	-0.88614	0.01480	0.00920	0.88614	0.00610	0.00920
GAC	AAC	GA	0.00781	0.02544	0.02554	-0.00781	0.02564	0.02554
GAC	GTC	AT	-1.11759	0.01711	0.00929	1.11759	0.00560	0.00929
GAC	GCC	AC	-1.22420	0.01480	0.00755	1.22420	0.00435	0.00755
GAC	GAT	CT	0.58352	0.02500	0.03300	-0.58352	0.04481	0.03300
GAA	CAA	GC	-0.93833	0.03119	0.01881	0.93833	0.01220	0.01881
GAA	AAA	GA	-0.23543	0.05360	0.04754	0.23543	0.04236	0.04754
GAA	GTA	AT	-1.66226	0.03605	0.01403	1.66226	0.00684	0.01403
GAA	GCA	AC	-1.43053	0.03119	0.01403	1.43053	0.00746	0.01403
GAA	GAT	AT	0.00029	0.03605	0.03605	-0.00029	0.03606	0.03605
GAA	GAC	AC	-0.58323	0.03119	0.02297	0.58323	0.01741	0.02297
GAG	CAG	GC	-1.00825	0.04599	0.02664	1.00825	0.01678	0.02664
GAG	AAG	GA	-0.18385	0.07904	0.07200	0.18385	0.06577	0.07200
GAG	GTG	AT	-0.86500	0.05315	0.03344	0.86500	0.02238	0.03344
GAG	GCG	AC	-2.10658	0.04599	0.01342	2.10658	0.00560	0.01342
GAG	GAT	GT	-0.18356	0.05315	0.04843	0.18356	0.04424	0.04843
GAG	GAC	GC	-0.76708	0.04599	0.03059	0.76708	0.02136	0.03059
GAG	GAA	GA	-0.18385	0.07904	0.07200	0.18385	0.06577	0.07200
GGT	TGT	GT	-0.27057	0.01100	0.00958	0.27057	0.00839	0.00958
GGT	CGT	GC	0.18430	0.00952	0.01042	-0.18430	0.01144	0.01042
GGT	AGT	GA	0.71535	0.01635	0.02289	-0.71535	0.03344	0.02289
GGT	GTT	GT	1.06920	0.01100	0.01791	-1.06920	0.03204	0.01791
GGT	GCT	GC	0.84354	0.00952	0.01409	-0.84354	0.02212	0.01409
GGT	GAT	GA	1.37459	0.01635	0.03009	-1.37459	0.06465	0.03009
GGC	TGC	GT	0.22191	0.00489	0.00545	-0.22191	0.00610	0.00545
GGC	CGC	GC	-0.32653	0.00423	0.00358	0.32653	0.00305	0.00358
GGC	AGC	GA	0.42766	0.00727	0.00893	-0.42766	0.01115	0.00893
GGC	GTC	GT	0.33969	0.00489	0.00576	-0.33969	0.00686	0.00576
GGC	GCC	GC	0.23309	0.00423	0.00474	-0.23309	0.00534	0.00474
GGC	GAC	GA	1.45728	0.00727	0.01381	-1.45728	0.03121	0.01381
GGC	GGT	CT	0.66622	0.00714	0.00978	-0.66622	0.01391	0.00978
GGA	CGA	GC	-1.04437	0.02168	0.01229	1.04437	0.00763	0.01229
GGA	AGA	GA	0.20452	0.03725	0.04119	-0.20452	0.04570	0.04119
GGA	GTA	GT	-1.09377	0.02505	0.01380	1.09377	0.00839	0.01380
GGA	GCA	GC	-0.86205	0.02168	0.01366	0.86205	0.00915	0.01366
GGA	GAA	GA	0.56849	0.03725	0.04883	-0.56849	0.06577	0.04883
GGA	GGT	AT	-0.80581	0.02505	0.01630	0.80581	0.01119	0.01630
GGA	GGC	AC	-1.47203	0.02168	0.00950	1.47203	0.00497	0.00950
GGG	TGG	GT	0.05485	0.00794	0.00816	-0.05485	0.00839	0.00816
GGG	CGG	GC	-0.00111	0.00687	0.00687	0.00111	0.00686	0.00687
GGG	AGG	GA	1.25049	0.01181	0.02070	-1.25049	0.04124	0.02070
GGG	GTG	GT	1.24048	0.00794	0.01386	-1.24048	0.02746	0.01386
GGG	GCG	GC	-0.00111	0.00687	0.00687	0.00111	0.00686	0.00687
GGG	GAG	GA	2.10548	0.01181	0.02832	-2.10548	0.09698	0.02832
GGG	GGT	GT	0.54733	0.00794	0.01031	-0.54733	0.01373	0.01031
GGG	GGC	GC	-0.11889	0.00687	0.00647	0.11889	0.00610	0.00647
GGG	GGA	GA	1.35314	0.01181	0.02155	-1.35314	0.04570	0.02155


Histograms
2Ns	FMut	FSub(CodonUsage)	FSubw(after w)

-2.00627	0.01749	0.00552
-1.80564	0.00198	0.00076
-1.60502	0.00544	0.00233
-1.40439	0.03623	0.01796
-1.20376	0.04549	0.02499
-1.00314	0.07309	0.04603
-0.80251	0.07214	0.05104
-0.60188	0.08765	0.07004
-0.40125	0.08488	0.07508
-0.20063	0.16280	0.15941
0.00000	0.08666	0.09368
0.20063	0.13404	0.15941
0.40125	0.05757	0.07508
0.60188	0.04925	0.07004
0.80251	0.03258	0.05104
1.00314	0.02694	0.04603
1.20376	0.01330	0.02499
1.40439	0.00894	0.01796
1.60502	0.00106	0.00233
1.80564	0.00033	0.00076
2.00627	0.00213	0.00552

Proportion of advantageous (S > 0) mutations:
 0.36865

Proportions of good & bad mutations (|S| > 2.0000) among mutations:
0.00213  0.01749

mean |Ns| = 0.57027	mean Ns+ = 0.45126	mean Ns- = -0.63976


MLEs of dN/dS (w) for site classes (K=4)

site class             0        1       2a       2b
proportion       0.53003  0.25823  0.14237  0.06936
background w     0.12674  1.00000  0.12674  1.00000
foreground w     0.12674  1.00000  1.00000  1.00000

Naive Empirical Bayes (NEB) probabilities for 4 classes
(amino acids refer to 1st sequence: AT2G33500_AT2G33500.1_Athaliana_Araport11)

   1 S   0.40588 0.38238 0.10903 0.10271 ( 1)
   2 N   0.77583 0.01243 0.20840 0.00334 ( 1)
   3 E   0.63187 0.15639 0.16973 0.04201 ( 1)
   4 L   0.75739 0.03087 0.20345 0.00829 ( 1)
   5 I   0.77867 0.00959 0.20916 0.00258 ( 1)
   6 V   0.75657 0.03169 0.20323 0.00851 ( 1)
   7 P   0.67660 0.11166 0.18175 0.02999 ( 1)
   8 Y   0.01668 0.77158 0.00448 0.20726 ( 2)
   9 D   0.76434 0.02392 0.20531 0.00642 ( 1)
  10 V   0.18165 0.60661 0.04879 0.16294 ( 2)
  11 S   0.28441 0.50385 0.07640 0.13534 ( 2)
  12 C   0.06859 0.71967 0.01842 0.19331 ( 2)
  13 K   0.75838 0.02988 0.20371 0.00803 ( 1)
  14 K   0.68361 0.10466 0.18363 0.02811 ( 1)
  15 Q   0.50364 0.28463 0.13528 0.07645 ( 1)
  16 S   0.06245 0.72581 0.01678 0.19496 ( 2)
  17 F   0.16917 0.61910 0.04544 0.16630 ( 2)
  18 S   0.69219 0.09607 0.18593 0.02581 ( 1)
  19 F   0.65082 0.13744 0.17482 0.03692 ( 1)
  20 G   0.77669 0.01157 0.20863 0.00311 ( 1)
  21 R   0.64029 0.14797 0.17199 0.03975 ( 1)
  22 S   0.62092 0.16734 0.16679 0.04495 ( 1)
  23 K   0.73841 0.08935 0.14824 0.02400 ( 1)
  24 Q   0.02066 0.74813 0.03025 0.20096 ( 2)
  25 V   0.00129 0.78656 0.00087 0.21128 ( 2)
  26 V   0.08041 0.65537 0.08818 0.17604 ( 2)
  27 F   0.84257 0.00091 0.15628 0.00024 ( 1)
  28 E   0.01290 0.77638 0.00217 0.20855 ( 2)
  29 Q   0.74296 0.08499 0.14922 0.02283 ( 1)
  30 L   0.79627 0.00003 0.20369 0.00001 ( 1)
  31 E   0.15397 0.63429 0.04136 0.17038 ( 2)
  32 L   0.19594 0.59232 0.05263 0.15911 ( 2)
  33 L   0.76791 0.02035 0.20627 0.00547 ( 1)
  34 K   0.12076 0.66751 0.03244 0.17930 ( 2)
  35 R   0.58949 0.19878 0.15834 0.05339 ( 1)
  36 G   0.35121 0.43705 0.09434 0.11740 ( 2)
  37 F   0.60613 0.18213 0.16282 0.04892 ( 1)
  38 V   0.50519 0.28307 0.13570 0.07604 ( 1)
  39 E   0.03438 0.75388 0.00923 0.20250 ( 2)
  40 G   0.25879 0.52947 0.06951 0.14222 ( 2)
  41 E   0.81653 0.01136 0.16906 0.00305 ( 1)
  42 G   0.82866 0.00356 0.16682 0.00096 ( 1)
  43 E   0.41616 0.03301 0.54197 0.00887 ( 3)
  44 I   0.82698 0.00491 0.16680 0.00132 ( 1)
  45 M   0.01502 0.77412 0.00292 0.20794 ( 2)
  46 V   0.74133 0.03916 0.20899 0.01052 ( 1)
  47 P   0.75031 0.06790 0.16355 0.01824 ( 1)
  48 E   0.47011 0.34214 0.09585 0.09190 ( 1)
  49 -   0.02941 0.76055 0.00574 0.20430 ( 2)
  50 -   0.04940 0.69953 0.06316 0.18790 ( 2)
  51 -   0.02734 0.75406 0.01605 0.20255 ( 2)
  52 -   0.44551 0.00988 0.54197 0.00265 ( 3)
  53 -   0.83330 0.00531 0.15997 0.00143 ( 1)
  54 -   0.69043 0.13595 0.13710 0.03652 ( 1)
  55 -   0.77922 0.06498 0.13835 0.01745 ( 1)
  56 -   0.00471 0.78133 0.00408 0.20988 ( 2)
  57 -   0.82733 0.00381 0.16784 0.00102 ( 1)
  58 -   0.82767 0.00255 0.16909 0.00069 ( 1)
  59 -   0.82425 0.00432 0.17027 0.00116 ( 1)
  60 -   0.11906 0.67358 0.02642 0.18093 ( 2)
  61 -   0.62778 0.10054 0.24468 0.02701 ( 1)
  62 -   0.66358 0.13909 0.15997 0.03736 ( 1)
  63 -   0.81740 0.00091 0.18143 0.00025 ( 1)
  64 I   0.80397 0.02589 0.16318 0.00695 ( 1)
  65 S   0.00066 0.78756 0.00023 0.21155 ( 2)
  66 Q   0.81842 0.00173 0.17938 0.00046 ( 1)
  67 Q   0.83996 0.00004 0.15999 0.00001 ( 1)
  68 W   0.68888 0.12089 0.15775 0.03247 ( 1)
  69 N   0.24234 0.37374 0.28353 0.10039 ( 2)
  70 A   0.84440 0.00201 0.15305 0.00054 ( 1)
  71 -   0.00111 0.78535 0.00258 0.21096 ( 2)
  72 -   0.17326 0.12815 0.66417 0.03442 ( 3)
  73 T   0.76621 0.02206 0.20581 0.00592 ( 1)
  74 N   0.77109 0.01718 0.20712 0.00461 ( 1)
  75 H   0.51437 0.27389 0.13817 0.07357 ( 1)
  76 S   0.22768 0.56058 0.06116 0.15058 ( 2)
  77 D   0.76128 0.02698 0.20449 0.00725 ( 1)
  78 F   0.77442 0.01384 0.20802 0.00372 ( 1)
  79 N   0.77688 0.01139 0.20868 0.00306 ( 1)
  80 L   0.78379 0.00447 0.21054 0.00120 ( 1)
  81 G   0.35434 0.43392 0.09518 0.11656 ( 2)
  82 Q   0.72896 0.05930 0.19581 0.01593 ( 1)
  83 S   0.76819 0.04370 0.17637 0.01174 ( 1)
  84 R   0.07548 0.71584 0.01640 0.19229 ( 2)
  85 N   0.00059 0.78373 0.00516 0.21052 ( 2)
  86 P   0.76679 0.02147 0.20597 0.00577 ( 1)
  87 D   0.40905 0.37921 0.10988 0.10186 ( 1)
  88 E   0.19020 0.59806 0.05109 0.16065 ( 2)
  89 P   0.05499 0.73327 0.01477 0.19697 ( 2)
  90 S   0.38949 0.39877 0.10462 0.10712 ( 2)
  91 P   0.43023 0.35803 0.11557 0.09617 ( 1)
  92 E   0.50872 0.27954 0.13665 0.07509 ( 1)
  93 D   0.17008 0.61818 0.04569 0.16605 ( 2)
  94 S   0.57546 0.21281 0.15458 0.05716 ( 1)
  95 V   0.11329 0.67497 0.03043 0.18131 ( 2)
  96 H   0.03519 0.75307 0.00945 0.20229 ( 2)
  97 I   0.04562 0.74264 0.01225 0.19948 ( 2)
  98 P   0.76863 0.01963 0.20647 0.00527 ( 1)
  99 A   0.10936 0.67890 0.02938 0.18236 ( 2)
 100 D   0.06101 0.72725 0.01639 0.19535 ( 2)
 101 S   0.24949 0.53877 0.06702 0.14472 ( 2)
 102 C   0.72119 0.06707 0.19372 0.01802 ( 1)
 103 G   0.03391 0.75435 0.00911 0.20263 ( 2)
 104 L   0.08099 0.70728 0.02175 0.18998 ( 2)
 105 H   0.70503 0.08323 0.18938 0.02236 ( 1)
 106 C   0.70628 0.08198 0.18972 0.02202 ( 1)
 107 T   0.25628 0.53198 0.06884 0.14290 ( 2)
 108 E   0.73842 0.04984 0.19835 0.01339 ( 1)
 109 H   0.00560 0.78131 0.00322 0.20987 ( 2)
 110 I   0.80958 0.00788 0.18043 0.00212 ( 1)
 111 -   0.84451 0.00285 0.15187 0.00077 ( 1)
 112 -   0.07901 0.70880 0.02180 0.19039 ( 2)
 113 -   0.04626 0.71352 0.04856 0.19166 ( 2)
 114 -   0.20095 0.59848 0.03980 0.16076 ( 2)
 115 -   0.69323 0.12222 0.15171 0.03283 ( 1)
 116 -   0.81086 0.01640 0.16834 0.00440 ( 1)
 117 -   0.66636 0.13606 0.16103 0.03655 ( 1)
 118 -   0.57831 0.23957 0.11777 0.06435 ( 1)
 119 -   0.80813 0.02115 0.16503 0.00568 ( 1)
 120 -   0.25819 0.54358 0.05222 0.14601 ( 2)
 121 -   0.81915 0.02031 0.15509 0.00545 ( 1)
 122 -   0.83825 0.00874 0.15066 0.00235 ( 1)
 123 -   0.61858 0.18685 0.14438 0.05019 ( 1)
 124 -   0.82405 0.01497 0.15696 0.00402 ( 1)
 125 -   0.36891 0.41537 0.10415 0.11157 ( 2)
 126 -   0.24376 0.54379 0.06638 0.14607 ( 2)
 127 -   0.72004 0.10889 0.14182 0.02925 ( 1)
 128 -   0.37628 0.15781 0.42352 0.04239 ( 3)
 129 -   0.31179 0.49211 0.06392 0.13219 ( 2)
 130 -   0.82481 0.01517 0.15595 0.00407 ( 1)
 131 -   0.80663 0.02336 0.16374 0.00627 ( 1)
 132 -   0.77250 0.04707 0.16779 0.01264 ( 1)
 133 -   0.72294 0.10577 0.14287 0.02841 ( 1)
 134 -   0.80980 0.02624 0.15691 0.00705 ( 1)
 135 -   0.82547 0.01306 0.15796 0.00351 ( 1)
 136 -   0.14827 0.64751 0.03029 0.17393 ( 2)
 137 -   0.07824 0.69436 0.04089 0.18651 ( 2)
 138 -   0.76965 0.04924 0.16788 0.01323 ( 1)
 139 -   0.59746 0.21129 0.13449 0.05676 ( 1)
 140 -   0.80972 0.01973 0.16525 0.00530 ( 1)
 141 -   0.76834 0.07990 0.13029 0.02146 ( 1)
 142 -   0.80515 0.02520 0.16287 0.00677 ( 1)
 143 -   0.03898 0.49774 0.32959 0.13370 ( 2)
 144 -   0.67987 0.12888 0.15663 0.03462 ( 1)
 145 -   0.80690 0.02660 0.15935 0.00715 ( 1)
 146 -   0.18409 0.61380 0.03724 0.16487 ( 2)
 147 -   0.20047 0.59516 0.04450 0.15987 ( 2)
 148 -   0.73898 0.08894 0.14819 0.02389 ( 1)
 149 -   0.47108 0.33602 0.10264 0.09026 ( 1)
 150 -   0.77919 0.00908 0.20930 0.00244 ( 1)
 151 -   0.48078 0.30748 0.12915 0.08259 ( 1)
 152 A   0.63593 0.17211 0.14572 0.04623 ( 1)
 153 I   0.44982 0.34076 0.11789 0.09153 ( 1)
 154 T   0.68926 0.12371 0.15381 0.03323 ( 1)
 155 S   0.81608 0.01058 0.17050 0.00284 ( 1)
 156 T   0.69945 0.11911 0.14944 0.03199 ( 1)
 157 R   0.12511 0.60206 0.11111 0.16172 ( 2)
 158 L   0.00494 0.78277 0.00202 0.21026 ( 2)
 159 V   0.44106 0.00388 0.55403 0.00104 ( 3)
 160 A   0.44369 0.11989 0.40421 0.03220 ( 1)
 161 V   0.00116 0.78700 0.00044 0.21140 ( 2)
 162 T   0.33000 0.20939 0.40437 0.05624 ( 3)
 163 -   0.63454 0.17173 0.14760 0.04613 ( 1)
 164 -   0.03648 0.65975 0.12654 0.17722 ( 2)
 165 -   0.39829 0.40835 0.08367 0.10969 ( 2)
 166 -   0.02312 0.71511 0.06967 0.19209 ( 2)
 167 -   0.81355 0.02080 0.16006 0.00559 ( 1)
 168 -   0.03221 0.73958 0.02955 0.19866 ( 2)
 169 -   0.64856 0.16185 0.14611 0.04348 ( 1)
 170 -   0.38889 0.41788 0.08098 0.11225 ( 2)
 171 -   0.57303 0.22084 0.14680 0.05932 ( 1)
 172 -   0.78672 0.03851 0.16442 0.01034 ( 1)
 173 -   0.54610 0.23493 0.15586 0.06311 ( 1)
 174 -   0.65920 0.17413 0.11989 0.04677 ( 1)
 175 N   0.44043 0.37787 0.08020 0.10150 ( 1)
 176 A   0.76334 0.06648 0.15232 0.01786 ( 1)
 177 D   0.83428 0.01040 0.15253 0.00279 ( 1)
 178 L   0.35649 0.44631 0.07731 0.11989 ( 2)
 179 E   0.82546 0.00039 0.17404 0.00011 ( 1)
 180 R   0.75487 0.03339 0.20277 0.00897 ( 1)
 181 D   0.00139 0.78546 0.00216 0.21099 ( 2)
 182 N   0.01363 0.77536 0.00274 0.20827 ( 2)
 183 -   0.74192 0.08623 0.14869 0.02316 ( 1)
 184 -   0.61858 0.18685 0.14438 0.05019 ( 1)
 185 -   0.61167 0.20107 0.13324 0.05401 ( 1)
 186 -   0.23978 0.54689 0.06643 0.14690 ( 2)
 187 -   0.02117 0.71439 0.07254 0.19190 ( 2)
 188 -   0.60698 0.19590 0.14449 0.05262 ( 1)
 189 -   0.25909 0.46760 0.14771 0.12561 ( 2)
 190 -   0.05837 0.71304 0.03706 0.19153 ( 2)
 191 -   0.81047 0.02667 0.15569 0.00716 ( 1)
 192 -   0.50062 0.31849 0.09534 0.08555 ( 1)
 193 -   0.81204 0.01871 0.16423 0.00503 ( 1)
 194 -   0.79637 0.03039 0.16508 0.00816 ( 1)
 195 -   0.80353 0.02575 0.16380 0.00692 ( 1)
 196 -   0.37325 0.17770 0.40132 0.04773 ( 3)
 197 -   0.84400 0.00530 0.14928 0.00142 ( 1)
 198 -   0.19543 0.51212 0.15489 0.13756 ( 2)
 199 A   0.82367 0.00015 0.17613 0.00004 ( 1)
 200 M   0.83051 0.00158 0.16749 0.00042 ( 1)
 201 -   0.84962 0.00878 0.13925 0.00236 ( 1)
 202 -   0.24615 0.55148 0.05423 0.14814 ( 2)
 203 -   0.73494 0.09381 0.14605 0.02520 ( 1)
 204 -   0.84776 0.00320 0.14817 0.00086 ( 1)
 205 -   0.54869 0.26358 0.11694 0.07080 ( 1)
 206 -   0.51758 0.30403 0.09671 0.08167 ( 1)
 207 Q   0.83571 0.00654 0.15598 0.00176 ( 1)
 208 -   0.71547 0.12615 0.12449 0.03389 ( 1)
 209 -   0.14933 0.58860 0.10397 0.15811 ( 2)
 210 -   0.82761 0.00266 0.16902 0.00071 ( 1)
 211 -   0.84776 0.00320 0.14817 0.00086 ( 1)
 212 -   0.11699 0.62808 0.08622 0.16871 ( 2)
 213 -   0.27662 0.42521 0.18396 0.11422 ( 2)
 214 -   0.63673 0.16351 0.15584 0.04392 ( 1)
 215 -   0.06973 0.64476 0.11232 0.17319 ( 2)
 216 -   0.25319 0.54600 0.05415 0.14666 ( 2)
 217 -   0.65394 0.14987 0.15594 0.04026 ( 1)
 218 -   0.78073 0.04407 0.16336 0.01184 ( 1)
 219 -   0.15516 0.63707 0.03665 0.17112 ( 2)
 220 -   0.15172 0.64437 0.03082 0.17309 ( 2)
 221 -   0.27369 0.30207 0.34310 0.08114 ( 3)
 222 -   0.65514 0.16988 0.12935 0.04563 ( 1)
 223 -   0.38844 0.41024 0.09113 0.11020 ( 2)
 224 -   0.03881 0.73327 0.03095 0.19697 ( 2)
 225 -   0.41163 0.04682 0.52898 0.01258 ( 3)
 226 -   0.10531 0.57847 0.16083 0.15538 ( 2)
 227 -   0.80820 0.02096 0.16521 0.00563 ( 1)
 228 -   0.06682 0.30653 0.54430 0.08234 ( 3)
 229 -   0.04760 0.72475 0.03298 0.19468 ( 2)
 230 -   0.76159 0.07754 0.14004 0.02083 ( 1)
 231 -   0.34040 0.19499 0.41223 0.05238 ( 3)
 232 -   0.10744 0.68394 0.02490 0.18372 ( 2)
 233 -   0.42069 0.09601 0.45752 0.02579 ( 3)
 234 -   0.54833 0.26383 0.11696 0.07087 ( 1)
 235 -   0.61821 0.18512 0.14694 0.04973 ( 1)
 236 -   0.11125 0.68077 0.02512 0.18286 ( 2)
 237 -   0.01653 0.71981 0.07031 0.19335 ( 2)
 238 -   0.25294 0.53911 0.06314 0.14481 ( 2)
 239 -   0.81339 0.03750 0.13904 0.01007 ( 1)
 240 -   0.75276 0.05752 0.17426 0.01545 ( 1)
 241 -   0.29973 0.48739 0.08196 0.13092 ( 2)
 242 -   0.11650 0.66252 0.04302 0.17796 ( 2)
 243 -   0.01598 0.76732 0.01058 0.20611 ( 2)
 244 -   0.03606 0.73408 0.03267 0.19719 ( 2)
 245 -   0.83704 0.01320 0.14622 0.00354 ( 1)
 246 -   0.18617 0.60190 0.05025 0.16168 ( 2)
 247 -   0.33988 0.14920 0.47085 0.04008 ( 3)
 248 -   0.29064 0.51012 0.06221 0.13703 ( 2)
 249 -   0.81051 0.02358 0.15957 0.00633 ( 1)
 250 -   0.79770 0.02643 0.16877 0.00710 ( 1)
 251 -   0.74608 0.09173 0.13755 0.02464 ( 1)
 252 -   0.82253 0.00558 0.17040 0.00150 ( 1)
 253 -   0.81165 0.01297 0.17190 0.00348 ( 1)
 254 -   0.83506 0.00123 0.16339 0.00033 ( 1)
 255 -   0.82319 0.00474 0.17079 0.00127 ( 1)
 256 -   0.82283 0.00497 0.17086 0.00134 ( 1)
 257 -   0.77235 0.04831 0.16636 0.01298 ( 1)
 258 R   0.82831 0.00005 0.17162 0.00001 ( 1)
 259 Y   0.83920 0.00000 0.16080 0.00000 ( 1)
 260 K   0.81997 0.00598 0.17244 0.00161 ( 1)
 261 E   0.82129 0.00034 0.17828 0.00009 ( 1)
 262 K   0.83338 0.00005 0.16656 0.00001 ( 1)
 263 K   0.83164 0.00392 0.16338 0.00105 ( 1)
 264 K   0.83510 0.00042 0.16437 0.00011 ( 1)
 265 T   0.83693 0.00313 0.15910 0.00084 ( 1)
 266 R   0.83580 0.00003 0.16416 0.00001 ( 1)
 267 R   0.77849 0.04755 0.16119 0.01277 ( 1)
 268 Y   0.84067 0.00005 0.15927 0.00001 ( 1)
 269 D   0.66518 0.16265 0.12848 0.04369 ( 1)
 270 K   0.83380 0.00005 0.16614 0.00001 ( 1)
 271 T   0.75987 0.06970 0.15171 0.01872 ( 1)
 272 I   0.86356 0.00000 0.13644 0.00000 ( 1)
 273 R   0.83431 0.00008 0.16559 0.00002 ( 1)
 274 Y   0.83932 0.00000 0.16068 0.00000 ( 1)
 275 E   0.81834 0.00316 0.17766 0.00085 ( 1)
 276 T   0.80182 0.04528 0.14074 0.01216 ( 1)
 277 R   0.84157 0.00002 0.15841 0.00000 ( 1)
 278 K   0.83695 0.00004 0.16300 0.00001 ( 1)
 279 A   0.78887 0.03700 0.16419 0.00994 ( 1)
 280 R   0.84120 0.01137 0.14438 0.00306 ( 1)
 281 A   0.85146 0.00000 0.14854 0.00000 ( 1)
 282 E   0.81830 0.00320 0.17763 0.00086 ( 1)
 283 T   0.61602 0.20740 0.12088 0.05571 ( 1)
 284 R   0.82821 0.00005 0.17173 0.00001 ( 1)
 285 L   0.81957 0.01070 0.16686 0.00287 ( 1)
 286 R   0.83548 0.00010 0.16439 0.00003 ( 1)
 287 V   0.83927 0.00053 0.16006 0.00014 ( 1)
 288 K   0.83361 0.00318 0.16236 0.00085 ( 1)
 289 G   0.82543 0.00002 0.17454 0.00001 ( 1)
 290 R   0.82697 0.00016 0.17282 0.00004 ( 1)
 291 F   0.83506 0.00001 0.16492 0.00000 ( 1)
 292 V   0.83025 0.00185 0.16740 0.00050 ( 1)
 293 K   0.83380 0.00004 0.16614 0.00001 ( 1)
 294 A   0.82481 0.00337 0.17092 0.00090 ( 1)
 295 T   0.78352 0.03445 0.17279 0.00925 ( 1)
 296 D   0.17158 0.48476 0.21345 0.13021 ( 2)
 297 P   0.64448 0.10010 0.22854 0.02689 ( 1)
 298 -   0.83930 0.01173 0.14582 0.00315 ( 1)
 299 -   0.80275 0.02398 0.16683 0.00644 ( 1)
 300 -   0.00124 0.78602 0.00160 0.21114 ( 2)
 301 -   0.03479 0.75366 0.00911 0.20244 ( 2)


lnL = -4007.859298
