Supplemental results for CODEML (seqf: aligned.fas  treef: AT1G25440_AT1G25440.1_Athaliana_Araport11.treefile)

I	J	ij	2Ns_IJ	pMut_IJ	pSub_IJ	2Ns_JI	pMut_JI	pSub_JI

TTC	TTT	CT	-0.80380	0.04847	0.03157	0.80380	0.02170	0.03157
TTA	TTT	AT	0.35995	0.01587	0.01890	-0.35995	0.02275	0.01890
TTA	TTC	AC	1.16375	0.00533	0.00902	-1.16375	0.01706	0.00902
TTG	TTT	GT	-1.47855	0.07142	0.03118	1.47855	0.01628	0.03118
TTG	TTC	GC	-0.67475	0.02398	0.01679	0.67475	0.01221	0.01679
TTG	TTA	GA	-1.83850	0.04632	0.01611	1.83850	0.00737	0.01611
TCT	TTT	CT	-1.24564	0.07540	0.03795	1.24564	0.02170	0.03795
TCC	TTC	CT	-1.93878	0.11310	0.03685	1.93878	0.01627	0.03685
TCC	TCT	CT	-1.49695	0.11310	0.04882	1.49695	0.02531	0.04882
TCA	TTA	CT	-1.90241	0.04847	0.01617	1.90241	0.00723	0.01617
TCA	TCT	AT	-0.29683	0.03571	0.03067	0.29683	0.02654	0.03067
TCA	TCC	AC	1.20012	0.01199	0.02059	-1.20012	0.03981	0.02059
TCG	TTG	CT	-1.19684	0.10772	0.05582	1.19684	0.03255	0.05582
TCG	TCT	GT	-1.42976	0.07936	0.03571	1.42976	0.01900	0.03571
TCG	TCC	GC	0.06719	0.02664	0.02755	-0.06719	0.02849	0.02755
TCG	TCA	GA	-1.13293	0.05146	0.02770	1.13293	0.01658	0.02770
TAT	TTT	AT	0.64763	0.01190	0.01617	-0.64763	0.02275	0.01617
TAT	TCT	AC	1.89327	0.00400	0.00891	-1.89327	0.02654	0.00891
TAC	TTC	AT	0.07227	0.01587	0.01645	-0.07227	0.01706	0.01645
TAC	TCC	AC	2.01105	0.00533	0.01237	-2.01105	0.03981	0.01237
TAC	TAT	CT	-1.37917	0.02154	0.01000	1.37917	0.00542	0.01000
TGT	TTT	GT	-1.76623	0.09523	0.03469	1.76623	0.01628	0.03469
TGT	TCT	GC	-0.52060	0.03197	0.02437	0.52060	0.01900	0.02437
TGT	TAT	GA	-2.41387	0.06175	0.01465	2.41387	0.00553	0.01465
TGC	TTC	GT	-2.45938	0.14285	0.03284	2.45938	0.01221	0.03284
TGC	TCC	GC	-0.52060	0.04796	0.03655	0.52060	0.02849	0.03655
TGC	TAC	GA	-2.53165	0.09263	0.02026	2.53165	0.00737	0.02026
TGC	TGT	CT	-1.49695	0.19389	0.08369	1.49695	0.04339	0.08369
TGG	TTG	GT	-0.95530	0.06349	0.03792	0.95530	0.02442	0.03792
TGG	TCG	GC	0.24154	0.02131	0.02399	-0.24154	0.02714	0.02399
TGG	TGT	GT	-0.66762	0.06349	0.04464	0.66762	0.03256	0.04464
TGG	TGC	GC	0.82933	0.02131	0.03136	-0.82933	0.04885	0.03136
CTT	TTT	CT	-1.31463	0.08079	0.03900	1.31463	0.02170	0.03900
CTC	TTC	CT	-1.45921	0.07002	0.03094	1.45921	0.01627	0.03094
CTC	CTT	CT	-0.94838	0.07002	0.04199	0.94838	0.02712	0.04199
CTA	TTA	CT	-0.80380	0.01616	0.01052	0.80380	0.00723	0.01052
CTA	CTT	AT	0.87078	0.01190	0.01783	-0.87078	0.02844	0.01783
CTA	CTC	AC	1.81916	0.00400	0.00868	-1.81916	0.02464	0.00868
CTG	TTG	CT	0.18945	0.02693	0.02956	-0.18945	0.03255	0.02956
CTG	CTT	GT	0.02553	0.01984	0.02009	-0.02553	0.02035	0.02009
CTG	CTC	GC	0.97391	0.00666	0.01042	-0.97391	0.01764	0.01042
CTG	CTA	GA	-0.84525	0.01287	0.00819	0.84525	0.00553	0.00819
CCT	TCT	CT	-0.39834	0.03770	0.03069	0.39834	0.02531	0.03069
CCT	CTT	CT	-0.32934	0.03770	0.03183	0.32934	0.02712	0.03183
CCC	TCC	CT	0.85443	0.01616	0.02403	-0.85443	0.03797	0.02403
CCC	CTC	CT	0.37485	0.01616	0.01937	-0.37485	0.02351	0.01937
CCC	CCT	CT	-0.24419	0.01616	0.01426	0.24419	0.01266	0.01426
CCA	TCA	CT	-0.97370	0.04309	0.02546	0.97370	0.01627	0.02546
CCA	CTA	CT	-2.07231	0.04309	0.01286	2.07231	0.00542	0.01286
CCA	CCT	AT	-0.87219	0.03174	0.01989	0.87219	0.01327	0.01989
CCA	CCC	AC	-0.62801	0.01066	0.00766	0.62801	0.00569	0.00766
CCG	TCG	CT	0.51795	0.02154	0.02760	-0.51795	0.03616	0.02760
CCG	CTG	CT	-0.86834	0.02154	0.01353	0.86834	0.00904	0.01353
CCG	CCT	GT	-0.51347	0.01587	0.01214	0.51347	0.00950	0.01214
CCG	CCC	GC	-0.26928	0.00533	0.00464	0.26928	0.00407	0.00464
CCG	CCA	GA	0.35872	0.01029	0.01225	-0.35872	0.01473	0.01225
CAT	TAT	CT	-2.47778	0.06463	0.01467	2.47778	0.00542	0.01467
CAT	CTT	AT	-0.51552	0.04762	0.03639	0.51552	0.02844	0.03639
CAT	CCT	AC	-0.18617	0.01599	0.01454	0.18617	0.01327	0.01454
CAC	TAC	CT	-2.74971	0.11310	0.02125	2.74971	0.00723	0.02125
CAC	CTC	AT	-1.21824	0.08333	0.04263	1.21824	0.02464	0.04263
CAC	CCC	AC	-1.59309	0.02797	0.01137	1.59309	0.00569	0.01137
CAC	CAT	CT	-1.65110	0.11310	0.04433	1.65110	0.02170	0.04433
CAA	CTA	AT	-1.71949	0.03174	0.01191	1.71949	0.00569	0.01191
CAA	CCA	AC	0.35282	0.01066	0.01265	-0.35282	0.01517	0.01265
CAA	CAT	AT	-0.33320	0.03174	0.02675	0.33320	0.02275	0.02675
CAA	CAC	AC	1.31790	0.01066	0.01918	-1.31790	0.03981	0.01918
CAG	CTG	AT	-1.43181	0.03968	0.01783	1.43181	0.00948	0.01783
CAG	CCG	AC	-0.56347	0.01332	0.00992	0.56347	0.00758	0.00992
CAG	CAT	GT	-0.89076	0.03968	0.02460	0.89076	0.01628	0.02460
CAG	CAC	GC	0.76034	0.01332	0.01902	-0.76034	0.02849	0.01902
CAG	CAA	GA	-0.55757	0.02573	0.01922	0.55757	0.01473	0.01922
CGT	TGT	CT	-0.74664	0.09156	0.06159	0.74664	0.04339	0.06159
CGT	CTT	GT	-1.19825	0.06746	0.03493	1.19825	0.02035	0.03493
CGT	CCT	GC	-0.86891	0.02265	0.01421	0.86891	0.00950	0.01421
CGT	CAT	GA	-0.68273	0.04374	0.03050	0.68273	0.02210	0.03050
CGC	TGC	CT	0.09414	0.05924	0.06208	-0.09414	0.06509	0.06208
CGC	CTC	GT	-0.90603	0.04365	0.02682	0.90603	0.01764	0.02682
CGC	CCC	GC	-1.28089	0.01465	0.00722	1.28089	0.00407	0.00722
CGC	CAC	GA	0.31220	0.02830	0.03295	-0.31220	0.03868	0.03295
CGC	CGT	CT	-0.65617	0.05924	0.04192	0.65617	0.03074	0.04192
CGA	CTA	GT	-1.36077	0.01587	0.00745	1.36077	0.00407	0.00745
CGA	CCA	GC	0.71155	0.00533	0.00745	-0.71155	0.01085	0.00745
CGA	CAA	GA	0.35872	0.01029	0.01225	-0.35872	0.01473	0.01225
CGA	CGT	AT	0.70826	0.01587	0.02215	-0.70826	0.03223	0.02215
CGA	CGC	AC	1.36442	0.00533	0.00977	-1.36442	0.02085	0.00977
CGG	TGG	CT	-0.11066	0.03231	0.03056	0.11066	0.02893	0.03056
CGG	CTG	GT	-1.25541	0.02381	0.01191	1.25541	0.00678	0.01191
CGG	CCG	GC	-0.38707	0.00799	0.00655	0.38707	0.00543	0.00655
CGG	CAG	GA	0.17640	0.01544	0.01684	-0.17640	0.01842	0.01684
CGG	CGT	GT	-0.03163	0.02381	0.02343	0.03163	0.02307	0.02343
CGG	CGC	GC	0.62453	0.00799	0.01075	-0.62453	0.01493	0.01075
CGG	CGA	GA	-0.73989	0.01544	0.01043	0.73989	0.00737	0.01043
ATT	TTT	AT	1.74624	0.00397	0.00839	-1.74624	0.02275	0.00839
ATT	CTT	AC	3.06087	0.00133	0.00428	-3.06087	0.02844	0.00428
ATC	TTC	AT	-0.73866	0.03571	0.02413	0.73866	0.01706	0.02413
ATC	CTC	AC	0.72055	0.01199	0.01682	-0.72055	0.02464	0.01682
ATC	ATT	CT	-3.28871	0.04847	0.00618	3.28871	0.00181	0.00618
ATA	TTA	AT	7.86055	0.00000	0.00000	-7.86055	0.00758	0.00002
ATA	CTA	AC	8.66436	0.00000	0.00000	-8.66436	0.00569	0.00001
ATA	ATT	AT	6.47426	0.00000	0.00000	-6.47426	0.00190	0.00002
ATA	ATC	AC	9.76297	0.00000	0.00000	-9.76297	0.01706	0.00001
ATG	TTG	AT	-0.41324	0.05158	0.04166	0.41324	0.03412	0.04166
ATG	CTG	AC	-0.60269	0.01732	0.01262	0.60269	0.00948	0.01262
ATG	ATT	GT	-3.63804	0.05158	0.00507	3.63804	0.00136	0.00507
ATG	ATC	GC	-0.34933	0.01732	0.01447	0.34933	0.01221	0.01447
ATG	ATA	GA	-10.11230	0.03345	0.00001	10.11230	0.00000	0.00000
ACT	TCT	AT	-0.17905	0.03174	0.02899	0.17905	0.02654	0.02899
ACT	CCT	AC	0.21929	0.01066	0.01187	-0.21929	0.01327	0.01187
ACT	ATT	CT	-3.17093	0.04309	0.00598	3.17093	0.00181	0.00598
ACC	TCC	AT	0.91957	0.01587	0.02427	-0.91957	0.03981	0.02427
ACC	CCC	AC	0.06514	0.00533	0.00550	-0.06514	0.00569	0.00550
ACC	ATC	CT	-0.28055	0.02154	0.01866	0.28055	0.01627	0.01866
ACC	ACT	CT	-0.39834	0.02154	0.01754	0.39834	0.01446	0.01754
ACA	TCA	AT	-0.15088	0.01984	0.01838	0.15088	0.01706	0.01838
ACA	CCA	AC	0.82283	0.00666	0.00977	-0.82283	0.01517	0.00977
ACA	ATA	CT	-9.91384	0.02693	0.00001	9.91384	0.00000	0.00000
ACA	ACT	AT	-0.26866	0.01984	0.01729	0.26866	0.01517	0.01729
ACA	ACC	AC	0.12968	0.00666	0.00710	-0.12968	0.00758	0.00710
ACG	TCG	AT	-0.73866	0.07936	0.05363	0.73866	0.03791	0.05363
ACG	CCG	AC	-1.25662	0.02664	0.01332	1.25662	0.00758	0.01332
ACG	ATG	CT	-1.52227	0.10772	0.04577	1.52227	0.02351	0.04577
ACG	ACT	GT	-1.98938	0.07936	0.02502	1.98938	0.01085	0.02502
ACG	ACC	GC	-1.59104	0.02664	0.01084	1.59104	0.00543	0.01084
ACG	ACA	GA	-1.72072	0.05146	0.01930	1.72072	0.00921	0.01930
AAT	TAT	AT	-1.58596	0.02778	0.01134	1.58596	0.00569	0.01134
AAT	CAT	AC	0.89182	0.00932	0.01409	-0.89182	0.02275	0.01409
AAT	ATT	AT	-2.68457	0.02778	0.00546	2.68457	0.00190	0.00546
AAT	ACT	AC	0.48635	0.00932	0.01178	-0.48635	0.01517	0.01178
AAC	TAC	AT	-1.75026	0.04365	0.01606	1.75026	0.00758	0.01606
AAC	CAC	AC	0.99945	0.01465	0.02318	-0.99945	0.03981	0.02318
AAC	ATC	AT	-0.93933	0.04365	0.02631	0.93933	0.01706	0.02631
AAC	ACC	AC	-0.65878	0.01465	0.01035	0.65878	0.00758	0.01035
AAC	AAT	CT	-1.54347	0.05924	0.02484	1.54347	0.01266	0.02484
AAA	CAA	AC	-0.27579	0.01998	0.01735	0.27579	0.01517	0.01735
AAA	ATA	AT	-10.65964	0.05952	0.00001	10.65964	0.00000	0.00000
AAA	ACA	AC	-0.74579	0.01998	0.01345	0.74579	0.00948	0.01345
AAA	AAT	AT	-1.50080	0.05952	0.02563	1.50080	0.01327	0.02563
AAA	AAC	AC	0.04267	0.01998	0.02041	-0.04267	0.02085	0.02041
AAG	CAG	AC	-0.17781	0.02265	0.02069	0.17781	0.01896	0.02069
AAG	ATG	AT	-1.00693	0.06746	0.03910	1.00693	0.02464	0.03910
AAG	ACG	AC	0.51534	0.02265	0.02898	-0.51534	0.03791	0.02898
AAG	AAT	GT	-1.96039	0.06746	0.02167	1.96039	0.00950	0.02167
AAG	AAC	GC	-0.41692	0.02265	0.01825	0.41692	0.01493	0.01825
AAG	AAA	GA	-0.45959	0.04374	0.03446	0.45959	0.02763	0.03446
AGT	TGT	AT	0.35995	0.03174	0.03780	-0.35995	0.04550	0.03780
AGT	CGT	AC	1.10659	0.01066	0.01762	-1.10659	0.03223	0.01762
AGT	ATT	GT	-3.15253	0.03174	0.00447	3.15253	0.00136	0.00447
AGT	ACT	GC	0.01840	0.01066	0.01076	-0.01840	0.01085	0.01076
AGT	AAT	GA	-0.46796	0.02058	0.01614	0.46796	0.01289	0.01614
AGC	TGC	AT	0.35995	0.04762	0.05670	-0.35995	0.06825	0.05670
AGC	CGC	AC	0.26581	0.01599	0.01820	-0.26581	0.02085	0.01820
AGC	ATC	GT	-1.36077	0.04762	0.02235	1.36077	0.01221	0.02235
AGC	ACC	GC	-1.08021	0.01599	0.00888	1.08021	0.00543	0.00888
AGC	AAC	GA	-0.42144	0.03088	0.02483	0.42144	0.02026	0.02483
AGC	AGT	CT	-1.49695	0.06463	0.02790	1.49695	0.01446	0.02790
AGA	CGA	AC	-0.74579	0.01599	0.01076	0.74579	0.00758	0.01076
AGA	ATA	GT	-10.77092	0.04762	0.00001	10.77092	0.00000	0.00000
AGA	ACA	GC	-0.85707	0.01599	0.01010	0.85707	0.00678	0.01010
AGA	AAA	GA	-0.11128	0.03088	0.02919	0.11128	0.02763	0.02919
AGA	AGT	AT	-1.14413	0.04762	0.02546	1.14413	0.01517	0.02546
AGA	AGC	AC	0.35282	0.01599	0.01897	-0.35282	0.02275	0.01897
AGG	TGG	AT	-0.26866	0.03968	0.03459	0.26866	0.03033	0.03459
AGG	CGG	AC	-0.15800	0.01332	0.01230	0.15800	0.01137	0.01230
AGG	ATG	GT	-0.81072	0.03968	0.02574	0.81072	0.01764	0.02574
AGG	ACG	GC	0.71155	0.01332	0.01862	-0.71155	0.02714	0.01862
AGG	AAG	GA	0.19620	0.02573	0.02834	-0.19620	0.03131	0.02834
AGG	AGT	GT	-1.29623	0.03968	0.01937	1.29623	0.01085	0.01937
AGG	AGC	GC	0.20072	0.01332	0.01470	-0.20072	0.01628	0.01470
AGG	AGA	GA	-0.15210	0.02573	0.02382	0.15210	0.02210	0.02382
GTT	TTT	GT	-1.42139	0.06746	0.03051	1.42139	0.01628	0.03051
GTT	CTT	GC	-0.10677	0.02265	0.02146	0.10677	0.02035	0.02146
GTT	ATT	GA	-3.16764	0.04374	0.00609	3.16764	0.00184	0.00609
GTC	TTC	GT	-1.51492	0.05555	0.02371	1.51492	0.01221	0.02371
GTC	CTC	GC	-0.05571	0.01865	0.01813	0.05571	0.01764	0.01813
GTC	ATC	GA	-0.77626	0.03602	0.02383	0.77626	0.01658	0.02383
GTC	GTT	CT	-0.89733	0.07540	0.04656	0.89733	0.03074	0.04656
GTA	TTA	GT	-1.76623	0.03174	0.01156	1.76623	0.00543	0.01156
GTA	CTA	GC	-0.96243	0.01066	0.00634	0.96243	0.00407	0.00634
GTA	ATA	GA	-9.62679	0.02058	0.00001	9.62679	0.00000	0.00000
GTA	GTT	AT	0.01511	0.03174	0.03198	-0.01511	0.03223	0.03198
GTA	GTC	AC	0.91244	0.01066	0.01625	-0.91244	0.02654	0.01625
GTG	TTG	GT	-0.74766	0.05158	0.03468	0.74766	0.02442	0.03468
GTG	CTG	GC	-0.93711	0.01732	0.01045	0.93711	0.00678	0.01045
GTG	ATG	GA	-0.33442	0.03345	0.02817	0.33442	0.02394	0.02817
GTG	GTT	GT	-0.80482	0.05158	0.03358	0.80482	0.02307	0.03358
GTG	GTC	GC	0.09251	0.01732	0.01813	-0.09251	0.01900	0.01813
GTG	GTA	GA	-0.81993	0.03345	0.02159	0.81993	0.01473	0.02159
GCT	TCT	GT	-1.80132	0.11507	0.04098	1.80132	0.01900	0.04098
GCT	CCT	GC	-1.40299	0.03863	0.01767	1.40299	0.00950	0.01767
GCT	ACT	GA	-1.62228	0.07462	0.02978	1.62228	0.01473	0.02978
GCT	GTT	CT	-1.62557	0.15619	0.06221	1.62557	0.03074	0.06221
GCC	TCC	GT	-0.91894	0.07142	0.04356	0.91894	0.02849	0.04356
GCC	CCC	GC	-1.77336	0.02398	0.00869	1.77336	0.00407	0.00869
GCC	ACC	GA	-1.83850	0.04632	0.01611	1.83850	0.00737	0.01611
GCC	GTC	CT	-1.34280	0.09694	0.04600	1.34280	0.02531	0.04600
GCC	GCT	CT	-0.61456	0.09694	0.07019	0.61456	0.05243	0.07019
GCA	TCA	GT	-1.36077	0.04762	0.02235	1.36077	0.01221	0.02235
GCA	CCA	GC	-0.38707	0.01599	0.01309	0.38707	0.01085	0.01309
GCA	ACA	GA	-1.20989	0.03088	0.01588	1.20989	0.00921	0.01588
GCA	GTA	CT	-1.49695	0.06463	0.02790	1.49695	0.01446	0.02790
GCA	GCT	AT	0.14373	0.04762	0.05112	-0.14373	0.05498	0.05112
GCA	GCC	AC	0.75829	0.01599	0.02280	-0.75829	0.03412	0.02280
GCG	TCG	GT	-1.29623	0.09920	0.04842	1.29623	0.02714	0.04842
GCG	CCG	GC	-1.81418	0.03330	0.01176	1.81418	0.00543	0.01176
GCG	ACG	GA	-0.55757	0.06433	0.04805	0.55757	0.03683	0.04805
GCG	GTG	CT	-1.74541	0.13464	0.04970	1.74541	0.02351	0.04970
GCG	GCT	GT	-0.92467	0.09920	0.06031	0.92467	0.03935	0.06031
GCG	GCC	GC	-0.31011	0.03330	0.02841	0.31011	0.02442	0.02841
GCG	GCA	GA	-1.06839	0.06433	0.03597	1.06839	0.02210	0.03597
GAT	TAT	GT	-3.30668	0.11110	0.01397	3.30668	0.00407	0.01397
GAT	CAT	GC	-0.82890	0.03730	0.02395	0.82890	0.01628	0.02395
GAT	AAT	GA	-1.72072	0.07205	0.02702	1.72072	0.01289	0.02702
GAT	GTT	AT	-1.23765	0.11110	0.05618	1.23765	0.03223	0.05618
GAT	GCT	AC	0.38791	0.03730	0.04500	-0.38791	0.05498	0.04500
GAC	TAC	GT	-2.68252	0.07936	0.01563	2.68252	0.00543	0.01563
GAC	CAC	GC	0.06719	0.02664	0.02755	-0.06719	0.02849	0.02755
GAC	AAC	GA	-0.93226	0.05146	0.03115	0.93226	0.02026	0.03115
GAC	GTC	AT	-1.09534	0.07936	0.04368	1.09534	0.02654	0.04368
GAC	GCC	AC	0.24746	0.02664	0.03007	-0.24746	0.03412	0.03007
GAC	GAT	CT	-0.75501	0.10772	0.07212	0.75501	0.05063	0.07212
GAA	CAA	GC	-0.61021	0.01998	0.01450	0.61021	0.01085	0.01450
GAA	AAA	GA	-0.33442	0.03860	0.03250	0.33442	0.02763	0.03250
GAA	GTA	AT	-1.36727	0.05952	0.02783	1.36727	0.01517	0.02783
GAA	GCA	AC	0.12968	0.01998	0.02131	-0.12968	0.02275	0.02131
GAA	GAT	AT	-0.11451	0.05952	0.05618	0.11451	0.05308	0.05618
GAA	GAC	AC	0.64050	0.01998	0.02706	-0.64050	0.03791	0.02706
GAG	CAG	GC	-0.51223	0.02265	0.01734	0.51223	0.01357	0.01734
GAG	AAG	GA	-0.33442	0.04374	0.03683	0.33442	0.03131	0.03683
GAG	GTG	AT	-1.00693	0.06746	0.03910	1.00693	0.02464	0.03910
GAG	GCG	AC	0.73848	0.02265	0.03203	-0.73848	0.04739	0.03203
GAG	GAT	GT	-0.57410	0.06746	0.04994	0.57410	0.03799	0.04994
GAG	GAC	GC	0.18092	0.02265	0.02476	-0.18092	0.02714	0.02476
GAG	GAA	GA	-0.45959	0.04374	0.03446	0.45959	0.02763	0.03446
GGT	TGT	GT	-0.09226	0.03571	0.03409	0.09226	0.03256	0.03409
GGT	CGT	GC	0.65439	0.01199	0.01634	-0.65439	0.02307	0.01634
GGT	AGT	GA	-0.45221	0.02316	0.01831	0.45221	0.01473	0.01831
GGT	GTT	GT	-0.43710	0.03571	0.02847	0.43710	0.02307	0.02847
GGT	GCT	GC	1.18847	0.01199	0.02049	-1.18847	0.03935	0.02049
GGT	GAT	GA	0.80056	0.02316	0.03365	-0.80056	0.05157	0.03365
GGC	TGC	GT	0.71867	0.02381	0.03338	-0.71867	0.04885	0.03338
GGC	CGC	GC	0.62453	0.00799	0.01075	-0.62453	0.01493	0.01075
GGC	AGC	GA	0.35872	0.01544	0.01837	-0.35872	0.02210	0.01837
GGC	GTC	GT	-0.22579	0.02381	0.02122	0.22579	0.01900	0.02122
GGC	GCC	GC	1.11701	0.00799	0.01327	-1.11701	0.02442	0.01327
GGC	GAC	GA	0.86955	0.01544	0.02311	-0.86955	0.03683	0.02311
GGC	GGT	CT	-0.68602	0.03231	0.02249	0.68602	0.01627	0.02249
GGA	CGA	GC	-1.23437	0.01865	0.00945	1.23437	0.00543	0.00945
GGA	AGA	GA	-0.48857	0.03602	0.02794	0.48857	0.02210	0.02794
GGA	GTA	GT	-1.63270	0.05555	0.02203	1.63270	0.01085	0.02203
GGA	GCA	GC	-0.13575	0.01865	0.01741	0.13575	0.01628	0.01741
GGA	GAA	GA	-0.26543	0.03602	0.03145	0.26543	0.02763	0.03145
GGA	GGT	AT	-1.18050	0.05555	0.02907	1.18050	0.01706	0.02907
GGA	GGC	AC	-0.49448	0.01865	0.01442	0.49448	0.01137	0.01442
GGG	TGG	GT	0.60089	0.01190	0.01584	-0.60089	0.02171	0.01584
GGG	CGG	GC	0.71155	0.00400	0.00559	-0.71155	0.00814	0.00559
GGG	AGG	GA	0.86955	0.00772	0.01156	-0.86955	0.01842	0.01156
GGG	GTG	GT	0.39325	0.01190	0.01440	-0.39325	0.01764	0.01440
GGG	GCG	GC	2.13866	0.00400	0.00969	-2.13866	0.03392	0.00969
GGG	GAG	GA	1.40018	0.00772	0.01435	-1.40018	0.03131	0.01435
GGG	GGT	GT	0.02553	0.01190	0.01206	-0.02553	0.01221	0.01206
GGG	GGC	GC	0.71155	0.00400	0.00559	-0.71155	0.00814	0.00559
GGG	GGA	GA	1.20602	0.00772	0.01329	-1.20602	0.02578	0.01329


Histograms
2Ns	FMut	FSub(CodonUsage)	FSubw(after w)

-10.25801	0.01219	0.00001
-9.23221	0.00136	0.00000
-8.20641	0.00088	0.00000
-7.18061	0.00000	0.00000
-6.15481	0.00013	0.00000
-5.12901	0.00000	0.00000
-4.10321	0.00341	0.00042
-3.07740	0.03480	0.00685
-2.05160	0.14056	0.05950
-1.02580	0.38234	0.27504
0.00000	0.25785	0.31639
1.02580	0.14267	0.27504
2.05160	0.02196	0.05950
3.07740	0.00177	0.00685
4.10321	0.00009	0.00042
5.12901	0.00000	0.00000
6.15481	0.00000	0.00000
7.18061	0.00000	0.00000
8.20641	0.00000	0.00000
9.23221	0.00000	0.00000
10.25801	0.00000	0.00000

Proportion of advantageous (S > 0) mutations:
 0.27895

Proportions of good & bad mutations (|S| > 2.0000) among mutations:
0.00485  0.08439

mean |Ns| = 1.17261	mean Ns+ = 0.74373	mean Ns- = -1.33853


MLEs of dN/dS (w) for site classes (K=4)

site class             0        1       2a       2b
proportion       0.38230  0.32128  0.16106  0.13536
background w     0.02800  1.00000  0.02800  1.00000
foreground w     0.02800  1.00000  1.00000  1.00000

Naive Empirical Bayes (NEB) probabilities for 4 classes
(amino acids refer to 1st sequence: AT2G33500_AT2G33500.1_Athaliana_Araport11)

   1 M   0.77511 0.00000 0.22489 0.00000 ( 1)
   2 -   0.32295 0.41005 0.09425 0.17275 ( 2)
   3 -   0.00171 0.70196 0.00060 0.29573 ( 2)
   4 -   0.01639 0.68882 0.00459 0.29020 ( 2)
   5 -   0.22312 0.49579 0.07221 0.20888 ( 2)
   6 -   0.64329 0.09184 0.22617 0.03869 ( 1)
   7 -   0.07655 0.12514 0.74559 0.05272 ( 3)
   8 -   0.15315 0.55707 0.05508 0.23469 ( 2)
   9 -   0.00652 0.69749 0.00214 0.29385 ( 2)
  10 -   0.66162 0.07400 0.23319 0.03118 ( 1)
  11 G   0.00438 0.67953 0.02981 0.28628 ( 2)
  12 T   0.00004 0.70354 0.00001 0.29640 ( 2)
  13 S   0.01086 0.69272 0.00458 0.29184 ( 2)
  14 T   0.00000 0.70358 0.00000 0.29642 ( 2)
  15 T   0.00062 0.70299 0.00022 0.29617 ( 2)
  16 V   0.62401 0.13398 0.18556 0.05645 ( 1)
  17 A   0.00000 0.70358 0.00000 0.29642 ( 2)
  18 C   0.73935 0.00013 0.26045 0.00006 ( 1)
  19 E   0.74831 0.00245 0.24821 0.00103 ( 1)
  20 F   0.00097 0.70269 0.00030 0.29604 ( 2)
  21 C   0.73750 0.00020 0.26221 0.00008 ( 1)
  22 G   0.06549 0.64322 0.02030 0.27099 ( 2)
  23 E   0.00014 0.70345 0.00005 0.29636 ( 2)
  24 R   0.03019 0.67515 0.01021 0.28444 ( 2)
  25 T   0.00022 0.70338 0.00007 0.29633 ( 2)
  26 A   0.74773 0.00023 0.25194 0.00010 ( 1)
  27 V   0.01403 0.69051 0.00455 0.29091 ( 2)
  28 L   0.28764 0.43871 0.08882 0.18483 ( 2)
  29 F   0.81122 0.00002 0.18876 0.00001 ( 1)
  30 C   0.73760 0.00014 0.26220 0.00006 ( 1)
  31 R   0.00242 0.70127 0.00087 0.29545 ( 2)
  32 A   0.74247 0.00022 0.25722 0.00009 ( 1)
  33 D   0.75113 0.00004 0.24881 0.00002 ( 1)
  34 T   0.03120 0.67440 0.01028 0.28412 ( 2)
  35 A   0.73821 0.00029 0.26138 0.00012 ( 1)
  36 K   0.77879 0.00240 0.21780 0.00101 ( 1)
  37 L   0.75364 0.00003 0.24632 0.00001 ( 1)
  38 C   0.73754 0.00016 0.26223 0.00007 ( 1)
  39 L   0.00722 0.69516 0.00475 0.29287 ( 2)
  40 P   0.00001 0.70347 0.00015 0.29637 ( 2)
  41 C   0.73844 0.00015 0.26134 0.00006 ( 1)
  42 D   0.75364 0.00003 0.24632 0.00001 ( 1)
  43 Q   0.00212 0.68694 0.02154 0.28941 ( 2)
  44 H   0.00001 0.70352 0.00008 0.29639 ( 2)
  45 V   0.75852 0.00035 0.24098 0.00015 ( 1)
  46 H   0.76248 0.00002 0.23750 0.00001 ( 1)
  47 S   0.00310 0.70066 0.00105 0.29519 ( 2)
  48 A   0.74771 0.00025 0.25194 0.00010 ( 1)
  49 N   0.77200 0.00000 0.22800 0.00000 ( 1)
  50 L   0.00890 0.69552 0.00255 0.29302 ( 2)
  51 L   0.75353 0.00015 0.24626 0.00006 ( 1)
  52 S   0.67694 0.05793 0.24072 0.02441 ( 1)
  53 R   0.00001 0.70358 0.00000 0.29642 ( 2)
  54 K   0.73809 0.00095 0.26055 0.00040 ( 1)
  55 H   0.74605 0.00002 0.25393 0.00001 ( 1)
  56 V   0.75023 0.00901 0.23696 0.00380 ( 1)
  57 R   0.74575 0.00019 0.25398 0.00008 ( 1)
  58 S   0.75449 0.00466 0.23889 0.00196 ( 1)
  59 Q   0.55148 0.18808 0.18120 0.07924 ( 1)
  60 I   0.75692 0.00057 0.24227 0.00024 ( 1)
  61 C   0.69925 0.00434 0.29459 0.00183 ( 1)
  62 D   0.69131 0.01227 0.29125 0.00517 ( 1)
  63 N   0.00783 0.69575 0.00330 0.29312 ( 2)
  64 C   0.69930 0.00429 0.29461 0.00181 ( 1)
  65 S   0.00844 0.69515 0.00355 0.29286 ( 2)
  66 K   0.03413 0.66945 0.01438 0.28204 ( 2)
  67 E   0.05370 0.64988 0.02262 0.27379 ( 2)
  68 P   0.70308 0.00050 0.29621 0.00021 ( 1)
  69 V   0.10815 0.59544 0.04556 0.25086 ( 2)
  70 S   0.38765 0.31593 0.16332 0.13310 ( 1)
  71 V   0.57423 0.12935 0.24192 0.05450 ( 1)
  72 R   0.01058 0.69300 0.00446 0.29196 ( 2)
  73 C   0.69928 0.00430 0.29461 0.00181 ( 1)
  74 F   0.01726 0.68632 0.00727 0.28915 ( 2)
  75 T   0.68744 0.01614 0.28962 0.00680 ( 1)
  76 D   0.66516 0.03842 0.28023 0.01619 ( 1)
  77 N   0.01963 0.68395 0.00827 0.28815 ( 2)
  78 L   0.09738 0.60620 0.04103 0.25539 ( 2)
  79 V   0.31025 0.39334 0.13071 0.16571 ( 2)
  80 L   0.69904 0.00454 0.29450 0.00191 ( 1)
  81 C   0.69986 0.00372 0.29485 0.00157 ( 1)
  82 Q   0.57853 0.12505 0.24373 0.05269 ( 1)
  83 E   0.06144 0.64214 0.02589 0.27053 ( 2)
  84 C   0.69986 0.00372 0.29485 0.00157 ( 1)
  85 D   0.70109 0.00249 0.29537 0.00105 ( 1)
  86 W   0.69695 0.00663 0.29362 0.00280 ( 1)
  87 D   0.17785 0.52574 0.07493 0.22149 ( 2)
  88 V   0.02418 0.67940 0.01019 0.28623 ( 2)
  89 H   0.70223 0.00135 0.29585 0.00057 ( 1)
  90 G   0.01624 0.68734 0.00684 0.28958 ( 2)
  91 S   0.12188 0.58170 0.05135 0.24507 ( 2)
  92 C   0.20228 0.50130 0.08522 0.21120 ( 2)
  93 S   0.34331 0.36028 0.14463 0.15178 ( 2)
  94 S   0.00147 0.70211 0.00062 0.29580 ( 2)
  95 S   0.69885 0.00473 0.29443 0.00199 ( 1)
  96 A   0.00034 0.70324 0.00014 0.29628 ( 2)
  97 T   0.00060 0.70298 0.00025 0.29617 ( 2)
  98 H   0.70268 0.00090 0.29604 0.00038 ( 1)
  99 E   0.00039 0.70319 0.00017 0.29625 ( 2)
 100 R   0.70075 0.00284 0.29522 0.00119 ( 1)
 101 S   0.00185 0.70174 0.00078 0.29564 ( 2)
 102 A   0.61886 0.08472 0.26073 0.03569 ( 1)
 103 V   0.51678 0.18680 0.21772 0.07870 ( 1)
 104 -   0.41872 0.30979 0.14097 0.13052 ( 1)
 105 -   0.06718 0.08972 0.80530 0.03780 ( 3)
 106 -   0.21344 0.49997 0.07595 0.21064 ( 2)
 107 -   0.01989 0.68533 0.00606 0.28873 ( 2)
 108 -   0.14584 0.57081 0.04287 0.24048 ( 2)
 109 -   0.00066 0.70293 0.00027 0.29614 ( 2)
 110 -   0.00027 0.70132 0.00295 0.29546 ( 2)
 111 -   0.00000 0.70329 0.00041 0.29630 ( 2)
 112 -   0.00003 0.70355 0.00002 0.29641 ( 2)
 113 -   0.03031 0.67572 0.00929 0.28468 ( 2)
 114 -   0.22387 0.49029 0.07928 0.20656 ( 2)
 115 -   0.74428 0.01072 0.24048 0.00452 ( 1)
 116 -   0.00572 0.69819 0.00195 0.29415 ( 2)
 117 -   0.76217 0.00185 0.23521 0.00078 ( 1)
 118 -   0.01138 0.69315 0.00345 0.29202 ( 2)
 119 E   0.07847 0.00635 0.91250 0.00268 ( 3)
 120 G   0.78825 0.00001 0.21174 0.00000 ( 1)
 121 F   0.78146 0.00002 0.21852 0.00001 ( 1)
 122 S   0.00964 0.69467 0.00303 0.29266 ( 2)
 123 -   0.61114 0.13042 0.20350 0.05494 ( 1)
 124 -   0.67813 0.06359 0.23149 0.02679 ( 1)
 125 -   0.63920 0.09393 0.22730 0.03957 ( 1)
 126 -   0.66771 0.07468 0.22615 0.03146 ( 1)
 127 -   0.71154 0.04008 0.23150 0.01688 ( 1)
 128 -   0.71740 0.03059 0.23912 0.01289 ( 1)
 129 -   0.62848 0.11421 0.20920 0.04811 ( 1)
 130 -   0.06756 0.14760 0.72266 0.06218 ( 3)
 131 G   0.69253 0.01106 0.29176 0.00466 ( 1)
 132 C   0.67307 0.03051 0.28356 0.01285 ( 1)
 133 P   0.69376 0.00982 0.29228 0.00414 ( 1)
 134 S   0.67210 0.03149 0.28315 0.01326 ( 1)
 135 V   0.19745 0.50613 0.08319 0.21323 ( 2)
 136 L   0.37955 0.32403 0.15991 0.13651 ( 1)
 137 E   0.68916 0.01442 0.29034 0.00608 ( 1)
 138 L   0.66684 0.03674 0.28094 0.01548 ( 1)
 139 A   0.03030 0.67328 0.01276 0.28365 ( 2)
 140 A   0.65593 0.04765 0.27634 0.02008 ( 1)
 141 V   0.02277 0.68081 0.00959 0.28683 ( 2)
 142 W   0.04025 0.66333 0.01696 0.27946 ( 2)
 143 G   0.68363 0.01995 0.28801 0.00841 ( 1)
 144 I   0.21683 0.48675 0.09135 0.20507 ( 2)
 145 D   0.67938 0.02420 0.28622 0.01020 ( 1)
 146 E   0.03960 0.66398 0.01668 0.27973 ( 2)
 147 L   0.18470 0.51888 0.07782 0.21860 ( 2)
 148 T   0.29317 0.41041 0.12351 0.17291 ( 2)
 149 L   0.66740 0.03618 0.28118 0.01524 ( 1)
 150 D   0.67938 0.02420 0.28622 0.01020 ( 1)
 151 S   0.67368 0.02991 0.28382 0.01260 ( 1)
 152 W   0.69633 0.00725 0.29336 0.00306 ( 1)
 153 G   0.02447 0.67911 0.01031 0.28611 ( 2)
 154 S   0.15444 0.54914 0.06507 0.23135 ( 2)
 155 G   0.38168 0.32190 0.16080 0.13562 ( 1)


lnL = -2120.916503

Bayes Empirical Bayes (BEB) probabilities for 4 classes (class)
(amino acids refer to 1st sequence: AT2G33500_AT2G33500.1_Athaliana_Araport11)

   1 M   0.93524 0.00000 0.06476 0.00000 ( 1)
   2 -   0.56826 0.35610 0.03936 0.03629 ( 1)
   3 -   0.00897 0.88846 0.00086 0.10171 ( 2)
   4 -   0.07377 0.84015 0.00464 0.08143 ( 2)
   5 -   0.43978 0.47193 0.03665 0.05163 ( 2)
   6 -   0.80970 0.09904 0.07955 0.01171 ( 1)
   7 -   0.28506 0.23152 0.46078 0.02264 ( 3)
   8 -   0.32971 0.56816 0.03384 0.06830 ( 2)
   9 -   0.03096 0.87052 0.00263 0.09589 ( 2)
  10 -   0.82941 0.07994 0.08131 0.00935 ( 1)
  11 G   0.03645 0.78312 0.06667 0.11376 ( 2)
  12 T   0.00135 0.90161 0.00011 0.09694 ( 2)
  13 S   0.07225 0.80213 0.01044 0.11517 ( 2)
  14 T   0.00004 0.89939 0.00000 0.10056 ( 2)
  15 T   0.00799 0.88756 0.00078 0.10368 ( 2)
  16 V   0.85403 0.07674 0.06129 0.00794 ( 1)
  17 A   0.00016 0.89276 0.00002 0.10706 ( 2)
  18 C   0.90786 0.00021 0.09191 0.00003 ( 1)
  19 E   0.91373 0.00224 0.08377 0.00027 ( 1)
  20 F   0.01867 0.88801 0.00138 0.09194 ( 2)
  21 C   0.90793 0.00031 0.09173 0.00004 ( 1)
  22 G   0.39443 0.51949 0.03033 0.05575 ( 2)
  23 E   0.00310 0.89989 0.00026 0.09676 ( 2)
  24 R   0.16294 0.73737 0.01492 0.08477 ( 2)
  25 T   0.00456 0.89524 0.00040 0.09980 ( 2)
  26 A   0.91664 0.00036 0.08296 0.00004 ( 1)
  27 V   0.13214 0.77121 0.01106 0.08559 ( 2)
  28 L   0.68360 0.23891 0.05237 0.02511 ( 1)
  29 F   0.95486 0.00002 0.04513 0.00000 ( 1)
  30 C   0.90802 0.00022 0.09174 0.00003 ( 1)
  31 R   0.03180 0.86293 0.00321 0.10205 ( 2)
  32 A   0.91262 0.00034 0.08699 0.00004 ( 1)
  33 D   0.91644 0.00006 0.08349 0.00001 ( 1)
  34 T   0.25627 0.64943 0.02207 0.07223 ( 2)
  35 A   0.90893 0.00044 0.09057 0.00005 ( 1)
  36 K   0.93777 0.00083 0.06131 0.00008 ( 1)
  37 L   0.92110 0.00005 0.07885 0.00001 ( 1)
  38 C   0.90799 0.00025 0.09173 0.00003 ( 1)
  39 L   0.06845 0.80950 0.01554 0.10651 ( 2)
  40 P   0.00026 0.85911 0.00097 0.13967 ( 2)
  41 C   0.90792 0.00024 0.09182 0.00003 ( 1)
  42 D   0.92135 0.00005 0.07860 0.00001 ( 1)
  43 Q   0.03235 0.77946 0.07771 0.11047 ( 2)
  44 H   0.00038 0.86275 0.00078 0.13609 ( 2)
  45 V   0.92405 0.00036 0.07555 0.00004 ( 1)
  46 H   0.92366 0.00003 0.07631 0.00000 ( 1)
  47 S   0.03751 0.86066 0.00342 0.09841 ( 2)
  48 A   0.91661 0.00038 0.08297 0.00004 ( 1)
  49 N   0.93380 0.00000 0.06620 0.00000 ( 1)
  50 L   0.11745 0.79639 0.00776 0.07840 ( 2)
  51 L   0.92086 0.00027 0.07884 0.00003 ( 1)
  52 S   0.87960 0.02862 0.08836 0.00341 ( 1)
  53 R   0.00015 0.90359 0.00001 0.09625 ( 2)
  54 K   0.87576 0.00086 0.12324 0.00014 ( 1)
  55 H   0.91564 0.00003 0.08432 0.00000 ( 1)
  56 V   0.92090 0.00485 0.07372 0.00052 ( 1)
  57 R   0.91558 0.00034 0.08404 0.00004 ( 1)
  58 S   0.92271 0.00245 0.07458 0.00027 ( 1)
  59 Q   0.85357 0.06548 0.07362 0.00733 ( 1)
  60 I   0.92330 0.00054 0.07610 0.00006 ( 1)
  61 C   0.86792 0.00647 0.12469 0.00092 ( 1)
  62 D   0.86260 0.01178 0.12393 0.00168 ( 1)
  63 N   0.06906 0.80532 0.00998 0.11563 ( 2)
  64 C   0.86804 0.00634 0.12471 0.00091 ( 1)
  65 S   0.07021 0.80417 0.01015 0.11547 ( 2)
  66 K   0.15988 0.71450 0.02310 0.10252 ( 2)
  67 E   0.17880 0.69558 0.02583 0.09979 ( 2)
  68 P   0.87328 0.00110 0.12546 0.00016 ( 1)
  69 V   0.31895 0.55544 0.04602 0.07960 ( 2)
  70 S   0.66862 0.20577 0.09621 0.02941 ( 1)
  71 V   0.75317 0.12122 0.10830 0.01731 ( 1)
  72 R   0.08571 0.78867 0.01239 0.11323 ( 2)
  73 C   0.86804 0.00635 0.12471 0.00091 ( 1)
  74 F   0.10685 0.76753 0.01544 0.11017 ( 2)
  75 T   0.85944 0.01495 0.12348 0.00213 ( 1)
  76 D   0.84213 0.03225 0.12101 0.00460 ( 1)
  77 N   0.14719 0.72720 0.02126 0.10435 ( 2)
  78 L   0.31149 0.56289 0.04494 0.08067 ( 2)
  79 V   0.57628 0.29811 0.08298 0.04263 ( 1)
  80 L   0.86657 0.00781 0.12450 0.00111 ( 1)
  81 C   0.86884 0.00555 0.12482 0.00079 ( 1)
  82 Q   0.80727 0.06711 0.11604 0.00958 ( 1)
  83 E   0.26965 0.60474 0.03892 0.08670 ( 2)
  84 C   0.86884 0.00555 0.12482 0.00079 ( 1)
  85 D   0.87026 0.00413 0.12503 0.00059 ( 1)
  86 W   0.86804 0.00635 0.12471 0.00091 ( 1)
  87 D   0.43865 0.43573 0.06323 0.06239 ( 1)
  88 V   0.12808 0.74631 0.01851 0.10711 ( 2)
  89 H   0.87214 0.00224 0.12530 0.00032 ( 1)
  90 G   0.09229 0.78209 0.01334 0.11228 ( 2)
  91 S   0.34403 0.53036 0.04963 0.07599 ( 2)
  92 C   0.44213 0.43225 0.06373 0.06189 ( 1)
  93 S   0.61483 0.25955 0.08851 0.03711 ( 1)
  94 S   0.01076 0.86363 0.00156 0.12406 ( 2)
  95 S   0.86695 0.00743 0.12456 0.00106 ( 1)
  96 A   0.00391 0.87048 0.00057 0.12505 ( 2)
  97 T   0.00573 0.86866 0.00083 0.12479 ( 2)
  98 H   0.87281 0.00157 0.12539 0.00022 ( 1)
  99 E   0.00367 0.87071 0.00053 0.12508 ( 2)
 100 R   0.86944 0.00494 0.12491 0.00071 ( 1)
 101 S   0.01909 0.85530 0.00276 0.12286 ( 2)
 102 A   0.78259 0.09179 0.11251 0.01311 ( 1)
 103 V   0.73979 0.13459 0.10639 0.01922 ( 1)
 104 -   0.66247 0.24464 0.06324 0.02965 ( 1)
 105 -   0.21917 0.14751 0.61477 0.01855 ( 3)
 106 -   0.42337 0.47718 0.04241 0.05704 ( 2)
 107 -   0.08693 0.82150 0.00645 0.08512 ( 2)
 108 -   0.40777 0.48757 0.03077 0.07389 ( 2)
 109 -   0.00533 0.87147 0.00070 0.12249 ( 2)
 110 -   0.00187 0.75051 0.01635 0.23127 ( 2)
 111 -   0.00002 0.79907 0.00460 0.19632 ( 2)
 112 -   0.00021 0.80567 0.00008 0.19403 ( 2)
 113 -   0.12479 0.78345 0.00937 0.08239 ( 2)
 114 -   0.43931 0.46203 0.04363 0.05503 ( 2)
 115 -   0.90934 0.01220 0.07708 0.00137 ( 1)
 116 -   0.02732 0.87122 0.00250 0.09896 ( 2)
 117 -   0.92625 0.00218 0.07134 0.00023 ( 1)
 118 -   0.08020 0.82948 0.00583 0.08449 ( 2)
 119 E   0.29061 0.01131 0.69689 0.00118 ( 3)
 120 G   0.94218 0.00001 0.05780 0.00000 ( 1)
 121 F   0.93861 0.00002 0.06136 0.00000 ( 1)
 122 S   0.08539 0.82095 0.00665 0.08701 ( 2)
 123 -   0.77293 0.14273 0.06816 0.01618 ( 1)
 124 -   0.84532 0.06892 0.07792 0.00784 ( 1)
 125 -   0.80570 0.10133 0.08087 0.01209 ( 1)
 126 -   0.83441 0.08108 0.07540 0.00912 ( 1)
 127 -   0.87669 0.04360 0.07480 0.00490 ( 1)
 128 -   0.88425 0.03366 0.07830 0.00379 ( 1)
 129 -   0.79029 0.12576 0.06967 0.01428 ( 1)
 130 -   0.23412 0.25072 0.48763 0.02753 ( 3)
 131 G   0.85951 0.01487 0.12349 0.00212 ( 1)
 132 C   0.83792 0.03646 0.12041 0.00520 ( 1)
 133 P   0.86087 0.01351 0.12369 0.00193 ( 1)
 134 S   0.83640 0.03798 0.12020 0.00542 ( 1)
 135 V   0.36667 0.50772 0.05288 0.07273 ( 2)
 136 L   0.59744 0.27694 0.08601 0.03960 ( 1)
 137 E   0.85602 0.01836 0.12300 0.00262 ( 1)
 138 L   0.82878 0.04561 0.11911 0.00651 ( 1)
 139 A   0.11918 0.75521 0.01722 0.10839 ( 2)
 140 A   0.81852 0.05587 0.11764 0.00797 ( 1)
 141 V   0.09031 0.78407 0.01305 0.11256 ( 2)
 142 W   0.15189 0.72250 0.02194 0.10367 ( 2)
 143 G   0.84864 0.02574 0.12194 0.00367 ( 1)
 144 I   0.40221 0.47217 0.05799 0.06762 ( 2)
 145 D   0.84472 0.02967 0.12138 0.00423 ( 1)
 146 E   0.14499 0.72939 0.02095 0.10467 ( 2)
 147 L   0.35090 0.52349 0.05061 0.07500 ( 2)
 148 T   0.49292 0.38147 0.07102 0.05459 ( 1)
 149 L   0.82937 0.04501 0.11919 0.00642 ( 1)
 150 D   0.84472 0.02967 0.12138 0.00423 ( 1)
 151 S   0.83826 0.03612 0.12046 0.00516 ( 1)
 152 W   0.86497 0.00942 0.12427 0.00134 ( 1)
 153 G   0.09690 0.77748 0.01401 0.11161 ( 2)
 154 S   0.30642 0.56796 0.04421 0.08140 ( 2)
 155 G   0.59991 0.27448 0.08637 0.03925 ( 1)
