Supplemental results for CODEML (seqf: aligned.fas  treef: AT1G28050_AT1G28050.1_Athaliana_Araport11.treefile)

I	J	ij	2Ns_IJ	pMut_IJ	pSub_IJ	2Ns_JI	pMut_JI	pSub_JI

TTC	TTT	CT	-0.68815	0.04616	0.03208	0.68815	0.02319	0.03208
TTA	TTT	AT	0.41639	0.01499	0.01833	-0.41639	0.02273	0.01833
TTA	TTC	AC	1.10454	0.00565	0.00933	-1.10454	0.01705	0.00933
TTG	TTT	GT	-1.42137	0.06745	0.03051	1.42137	0.01628	0.03051
TTG	TTC	GC	-0.73322	0.02542	0.01723	0.73322	0.01221	0.01723
TTG	TTA	GA	-1.83776	0.04666	0.01623	1.83776	0.00743	0.01623
TCT	TTT	CT	-1.12998	0.07180	0.03872	1.12998	0.02319	0.03872
TCC	TTC	CT	-1.82313	0.10770	0.03782	1.82313	0.01740	0.03782
TCC	TCT	CT	-1.38129	0.10770	0.04992	1.38129	0.02706	0.04992
TCA	TTA	CT	-1.78676	0.04616	0.01659	1.78676	0.00773	0.01659
TCA	TCT	AT	-0.24039	0.03373	0.02984	0.24039	0.02652	0.02984
TCA	TCC	AC	1.14090	0.01271	0.02131	-1.14090	0.03978	0.02131
TCG	TTG	CT	-1.08119	0.10257	0.05692	1.08119	0.03479	0.05692
TCG	TCT	GT	-1.37258	0.07495	0.03493	1.37258	0.01900	0.03493
TCG	TCC	GC	0.00871	0.02825	0.02837	-0.00871	0.02849	0.02837
TCG	TCA	GA	-1.13219	0.05185	0.02792	1.13219	0.01671	0.02792
TAT	TTT	AT	0.70407	0.01124	0.01566	-0.70407	0.02273	0.01566
TAT	TCT	AC	1.83405	0.00424	0.00925	-1.83405	0.02652	0.00925
TAC	TTC	AT	0.12871	0.01499	0.01598	-0.12871	0.01705	0.01598
TAC	TCC	AC	1.95183	0.00565	0.01285	-1.95183	0.03978	0.01285
TAC	TAT	CT	-1.26351	0.02051	0.01021	1.26351	0.00580	0.01021
TGT	TTT	GT	-1.70905	0.08994	0.03398	1.70905	0.01628	0.03398
TGT	TCT	GC	-0.57907	0.03390	0.02502	0.57907	0.01900	0.02502
TGT	TAT	GA	-2.41312	0.06222	0.01476	2.41312	0.00557	0.01476
TGC	TTC	GT	-2.40220	0.13491	0.03225	2.40220	0.01221	0.03225
TGC	TCC	GC	-0.57907	0.05084	0.03754	0.57907	0.02849	0.03754
TGC	TAC	GA	-2.53091	0.09333	0.02042	2.53091	0.00743	0.02042
TGC	TGT	CT	-1.38129	0.18463	0.08558	1.38129	0.04639	0.08558
TGG	TTG	GT	-0.89812	0.05996	0.03701	0.89812	0.02442	0.03701
TGG	TCG	GC	0.18307	0.02260	0.02473	-0.18307	0.02714	0.02473
TGG	TGT	GT	-0.61044	0.05996	0.04351	0.61044	0.03256	0.04351
TGG	TGC	GC	0.77085	0.02260	0.03241	-0.77085	0.04885	0.03241
CTT	TTT	CT	-1.19897	0.07693	0.03981	1.19897	0.02319	0.03981
CTC	TTC	CT	-1.34355	0.06667	0.03162	1.34355	0.01740	0.03162
CTC	CTT	CT	-0.83273	0.06667	0.04272	0.83273	0.02899	0.04272
CTA	TTA	CT	-0.68815	0.01539	0.01069	0.68815	0.00773	0.01069
CTA	CTT	AT	0.92722	0.01124	0.01725	-0.92722	0.02841	0.01725
CTA	CTC	AC	1.75994	0.00424	0.00901	-1.75994	0.02463	0.00901
CTG	TTG	CT	0.30510	0.02564	0.02975	-0.30510	0.03479	0.02975
CTG	CTT	GT	0.08271	0.01874	0.01952	-0.08271	0.02035	0.01952
CTG	CTC	GC	0.91544	0.00706	0.01078	-0.91544	0.01764	0.01078
CTG	CTA	GA	-0.84451	0.01296	0.00825	0.84451	0.00557	0.00825
CCT	TCT	CT	-0.28268	0.03590	0.03106	0.28268	0.02706	0.03106
CCT	CTT	CT	-0.21369	0.03590	0.03220	0.21369	0.02899	0.03220
CCC	TCC	CT	0.97008	0.01539	0.02404	-0.97008	0.04059	0.02404
CCC	CTC	CT	0.49051	0.01539	0.01947	-0.49051	0.02513	0.01947
CCC	CCT	CT	-0.12853	0.01539	0.01442	0.12853	0.01353	0.01442
CCA	TCA	CT	-0.85805	0.04103	0.02591	0.85805	0.01740	0.02591
CCA	CTA	CT	-1.95666	0.04103	0.01321	1.95666	0.00580	0.01321
CCA	CCT	AT	-0.81575	0.02998	0.01940	0.81575	0.01326	0.01940
CCA	CCC	AC	-0.68722	0.01130	0.00786	0.68722	0.00568	0.00786
CCG	TCG	CT	0.63361	0.02051	0.02769	-0.63361	0.03866	0.02769
CCG	CTG	CT	-0.75269	0.02051	0.01375	0.75269	0.00966	0.01375
CCG	CCT	GT	-0.45629	0.01499	0.01183	0.45629	0.00950	0.01183
CCG	CCC	GC	-0.32776	0.00565	0.00477	0.32776	0.00407	0.00477
CCG	CCA	GA	0.35947	0.01037	0.01234	-0.35947	0.01486	0.01234
CAT	TAT	CT	-2.36212	0.06154	0.01512	2.36212	0.00580	0.01512
CAT	CTT	AT	-0.45908	0.04497	0.03543	0.45908	0.02841	0.03543
CAT	CCT	AC	-0.24539	0.01695	0.01495	0.24539	0.01326	0.01495
CAC	TAC	CT	-2.63406	0.10770	0.02194	2.63406	0.00773	0.02194
CAC	CTC	AT	-1.16180	0.07870	0.04164	1.16180	0.02463	0.04164
CAC	CCC	AC	-1.65230	0.02966	0.01162	1.65230	0.00568	0.01162
CAC	CAT	CT	-1.53544	0.10770	0.04539	1.53544	0.02319	0.04539
CAA	CTA	AT	-1.66305	0.02998	0.01166	1.66305	0.00568	0.01166
CAA	CCA	AC	0.29361	0.01130	0.01304	-0.29361	0.01515	0.01304
CAA	CAT	AT	-0.27676	0.02998	0.02602	0.27676	0.02273	0.02602
CAA	CAC	AC	1.25869	0.01130	0.01986	-1.25869	0.03978	0.01986
CAG	CTG	AT	-1.37537	0.03747	0.01743	1.37537	0.00947	0.01743
CAG	CCG	AC	-0.62268	0.01412	0.01018	0.62268	0.00758	0.01018
CAG	CAT	GT	-0.83358	0.03747	0.02400	0.83358	0.01628	0.02400
CAG	CAC	GC	0.70186	0.01412	0.01965	-0.70186	0.02849	0.01965
CAG	CAA	GA	-0.55683	0.02592	0.01937	0.55683	0.01486	0.01937
CGT	TGT	CT	-0.63099	0.08718	0.06255	0.63099	0.04639	0.06255
CGT	CTT	GT	-1.14107	0.06371	0.03413	1.14107	0.02035	0.03413
CGT	CCT	GC	-0.92738	0.02401	0.01457	0.92738	0.00950	0.01457
CGT	CAT	GA	-0.68199	0.04407	0.03074	0.68199	0.02228	0.03074
CGC	TGC	CT	0.20979	0.05641	0.06254	-0.20979	0.06958	0.06254
CGC	CTC	GT	-0.84885	0.04122	0.02617	0.84885	0.01764	0.02617
CGC	CCC	GC	-1.33936	0.01554	0.00739	1.33936	0.00407	0.00739
CGC	CAC	GA	0.31295	0.02852	0.03321	-0.31295	0.03899	0.03321
CGC	CGT	CT	-0.54051	0.05641	0.04253	0.54051	0.03286	0.04253
CGA	CTA	GT	-1.30359	0.01499	0.00728	1.30359	0.00407	0.00728
CGA	CCA	GC	0.65307	0.00565	0.00769	-0.65307	0.01085	0.00769
CGA	CAA	GA	0.35947	0.01037	0.01234	-0.35947	0.01486	0.01234
CGA	CGT	AT	0.76470	0.01499	0.02144	-0.76470	0.03220	0.02144
CGA	CGC	AC	1.30521	0.00565	0.01012	-1.30521	0.02084	0.01012
CGG	TGG	CT	0.00500	0.03077	0.03085	-0.00500	0.03093	0.03085
CGG	CTG	GT	-1.19823	0.02248	0.01164	1.19823	0.00678	0.01164
CGG	CCG	GC	-0.44554	0.00847	0.00673	0.44554	0.00543	0.00673
CGG	CAG	GA	0.17714	0.01555	0.01697	-0.17714	0.01857	0.01697
CGG	CGT	GT	0.02555	0.02248	0.02277	-0.02555	0.02307	0.02277
CGG	CGC	GC	0.56606	0.00847	0.01110	-0.56606	0.01493	0.01110
CGG	CGA	GA	-0.73915	0.01555	0.01051	0.73915	0.00743	0.01051
ATT	TTT	AT	1.80268	0.00375	0.00809	-1.80268	0.02273	0.00809
ATT	CTT	AC	3.00166	0.00141	0.00446	-3.00166	0.02841	0.00446
ATC	TTC	AT	-0.68222	0.03373	0.02352	0.68222	0.01705	0.02352
ATC	CTC	AC	0.66133	0.01271	0.01737	-0.66133	0.02463	0.01737
ATC	ATT	CT	-3.17305	0.04616	0.00640	3.17305	0.00193	0.00640
ATA	TTA	AT	7.91699	0.00000	0.00000	-7.91699	0.00758	0.00002
ATA	CTA	AC	8.60514	0.00000	0.00000	-8.60514	0.00568	0.00001
ATA	ATT	AT	6.53070	0.00000	0.00000	-6.53070	0.00189	0.00002
ATA	ATC	AC	9.70375	0.00000	0.00000	-9.70375	0.01705	0.00001
ATG	TTG	AT	-0.35680	0.04872	0.04054	0.35680	0.03410	0.04054
ATG	CTG	AC	-0.66190	0.01836	0.01295	0.66190	0.00947	0.01295
ATG	ATT	GT	-3.58085	0.04872	0.00500	3.58085	0.00136	0.00500
ATG	ATC	GC	-0.40780	0.01836	0.01487	0.40780	0.01221	0.01487
ATG	ATA	GA	-10.11155	0.03370	0.00001	10.11155	0.00000	0.00000
ACT	TCT	AT	-0.12261	0.02998	0.02818	0.12261	0.02652	0.02818
ACT	CCT	AC	0.16008	0.01130	0.01223	-0.16008	0.01326	0.01223
ACT	ATT	CT	-3.05527	0.04103	0.00620	3.05527	0.00193	0.00620
ACC	TCC	AT	0.97601	0.01499	0.02348	-0.97601	0.03978	0.02348
ACC	CCC	AC	0.00592	0.00565	0.00567	-0.00592	0.00568	0.00567
ACC	ATC	CT	-0.16490	0.02051	0.01887	0.16490	0.01740	0.01887
ACC	ACT	CT	-0.28268	0.02051	0.01775	0.28268	0.01546	0.01775
ACA	TCA	AT	-0.09444	0.01874	0.01787	0.09444	0.01705	0.01787
ACA	CCA	AC	0.76361	0.00706	0.01010	-0.76361	0.01515	0.01010
ACA	ATA	CT	-9.79819	0.02564	0.00001	9.79819	0.00000	0.00000
ACA	ACT	AT	-0.21222	0.01874	0.01682	0.21222	0.01515	0.01682
ACA	ACC	AC	0.07046	0.00706	0.00731	-0.07046	0.00758	0.00731
ACG	TCG	AT	-0.68222	0.07495	0.05227	0.68222	0.03789	0.05227
ACG	CCG	AC	-1.31583	0.02825	0.01363	1.31583	0.00758	0.01363
ACG	ATG	CT	-1.40661	0.10257	0.04681	1.40661	0.02513	0.04681
ACG	ACT	GT	-1.93220	0.07495	0.02453	1.93220	0.01085	0.02453
ACG	ACC	GC	-1.64951	0.02825	0.01108	1.64951	0.00543	0.01108
ACG	ACA	GA	-1.71998	0.05185	0.01945	1.71998	0.00928	0.01945
AAT	TAT	AT	-1.52952	0.02623	0.01110	1.52952	0.00568	0.01110
AAT	CAT	AC	0.83260	0.00989	0.01457	-0.83260	0.02273	0.01457
AAT	ATT	AT	-2.62813	0.02623	0.00537	2.62813	0.00189	0.00537
AAT	ACT	AC	0.42714	0.00989	0.01215	-0.42714	0.01515	0.01215
AAC	TAC	AT	-1.69382	0.04122	0.01572	1.69382	0.00758	0.01572
AAC	CAC	AC	0.94023	0.01554	0.02397	-0.94023	0.03978	0.02397
AAC	ATC	AT	-0.88289	0.04122	0.02567	0.88289	0.01705	0.02567
AAC	ACC	AC	-0.71799	0.01554	0.01062	0.71799	0.00758	0.01062
AAC	AAT	CT	-1.42781	0.05641	0.02541	1.42781	0.01353	0.02541
AAA	CAA	AC	-0.33500	0.02118	0.01783	0.33500	0.01515	0.01783
AAA	ATA	AT	-10.60320	0.05621	0.00001	10.60320	0.00000	0.00000
AAA	ACA	AC	-0.80501	0.02118	0.01379	0.80501	0.00947	0.01379
AAA	AAT	AT	-1.44436	0.05621	0.02507	1.44436	0.01326	0.02507
AAA	AAC	AC	-0.01655	0.02118	0.02101	0.01655	0.02084	0.02101
AAG	CAG	AC	-0.23702	0.02401	0.02128	0.23702	0.01894	0.02128
AAG	ATG	AT	-0.95049	0.06371	0.03816	0.95049	0.02463	0.03816
AAG	ACG	AC	0.45613	0.02401	0.02990	-0.45613	0.03789	0.02990
AAG	AAT	GT	-1.90321	0.06371	0.02124	1.90321	0.00950	0.02124
AAG	AAC	GC	-0.47539	0.02401	0.01875	0.47539	0.01493	0.01875
AAG	AAA	GA	-0.45885	0.04407	0.03473	0.45885	0.02785	0.03473
AGT	TGT	AT	0.41639	0.02998	0.03665	-0.41639	0.04546	0.03665
AGT	CGT	AC	1.04738	0.01130	0.01823	-1.04738	0.03220	0.01823
AGT	ATT	GT	-3.09535	0.02998	0.00440	3.09535	0.00136	0.00440
AGT	ACT	GC	-0.04008	0.01130	0.01107	0.04008	0.01085	0.01107
AGT	AAT	GA	-0.46721	0.02074	0.01627	0.46721	0.01300	0.01627
AGC	TGC	AT	0.41639	0.04497	0.05498	-0.41639	0.06819	0.05498
AGC	CGC	AC	0.20660	0.01695	0.01876	-0.20660	0.02084	0.01876
AGC	ATC	GT	-1.30359	0.04497	0.02185	1.30359	0.01221	0.02185
AGC	ACC	GC	-1.13869	0.01695	0.00909	1.13869	0.00543	0.00909
AGC	AAC	GA	-0.42069	0.03111	0.02502	0.42069	0.02043	0.02502
AGC	AGT	CT	-1.38129	0.06154	0.02853	1.38129	0.01546	0.02853
AGA	CGA	AC	-0.80501	0.01695	0.01103	0.80501	0.00758	0.01103
AGA	ATA	GT	-10.71373	0.04497	0.00001	10.71373	0.00000	0.00000
AGA	ACA	GC	-0.91554	0.01695	0.01036	0.91554	0.00678	0.01036
AGA	AAA	GA	-0.11054	0.03111	0.02942	0.11054	0.02785	0.02942
AGA	AGT	AT	-1.08769	0.04497	0.02486	1.08769	0.01515	0.02486
AGA	AGC	AC	0.29361	0.01695	0.01956	-0.29361	0.02273	0.01956
AGG	TGG	AT	-0.21222	0.03747	0.03364	0.21222	0.03031	0.03364
AGG	CGG	AC	-0.21722	0.01412	0.01264	0.21722	0.01137	0.01264
AGG	ATG	GT	-0.75354	0.03747	0.02511	0.75354	0.01764	0.02511
AGG	ACG	GC	0.65307	0.01412	0.01923	-0.65307	0.02714	0.01923
AGG	AAG	GA	0.19695	0.02592	0.02856	-0.19695	0.03157	0.02856
AGG	AGT	GT	-1.23905	0.03747	0.01893	1.23905	0.01085	0.01893
AGG	AGC	GC	0.14225	0.01412	0.01515	-0.14225	0.01628	0.01515
AGG	AGA	GA	-0.15136	0.02592	0.02401	0.15136	0.02228	0.02401
GTT	TTT	GT	-1.36421	0.06371	0.02984	1.36421	0.01628	0.02984
GTT	CTT	GC	-0.16524	0.02401	0.02208	0.16524	0.02035	0.02208
GTT	ATT	GA	-3.16690	0.04407	0.00614	3.16690	0.00186	0.00614
GTC	TTC	GT	-1.45774	0.05246	0.02320	1.45774	0.01221	0.02320
GTC	CTC	GC	-0.11418	0.01977	0.01867	0.11418	0.01764	0.01867
GTC	ATC	GA	-0.77551	0.03629	0.02402	0.77551	0.01671	0.02402
GTC	GTT	CT	-0.78167	0.07180	0.04736	0.78167	0.03286	0.04736
GTA	TTA	GT	-1.70905	0.02998	0.01133	1.70905	0.00543	0.01133
GTA	CTA	GC	-1.02090	0.01130	0.00650	1.02090	0.00407	0.00650
GTA	ATA	GA	-9.62605	0.02074	0.00001	9.62605	0.00000	0.00000
GTA	GTT	AT	0.07155	0.02998	0.03106	-0.07155	0.03220	0.03106
GTA	GTC	AC	0.85322	0.01130	0.01680	-0.85322	0.02652	0.01680
GTG	TTG	GT	-0.69048	0.04872	0.03382	0.69048	0.02442	0.03382
GTG	CTG	GC	-0.99559	0.01836	0.01071	0.99559	0.00678	0.01071
GTG	ATG	GA	-0.33368	0.03370	0.02839	0.33368	0.02414	0.02839
GTG	GTT	GT	-0.74764	0.04872	0.03275	0.74764	0.02307	0.03275
GTG	GTC	GC	0.03403	0.01836	0.01867	-0.03403	0.01900	0.01867
GTG	GTA	GA	-0.81919	0.03370	0.02176	0.81919	0.01486	0.02176
GCT	TCT	GT	-1.74414	0.10868	0.04015	1.74414	0.01900	0.04015
GCT	CCT	GC	-1.46146	0.04096	0.01807	1.46146	0.00950	0.01807
GCT	ACT	GA	-1.62154	0.07518	0.03002	1.62154	0.01486	0.03002
GCT	GTT	CT	-1.50991	0.14873	0.06368	1.50991	0.03286	0.06368
GCC	TCC	GT	-0.86175	0.06745	0.04251	0.86175	0.02849	0.04251
GCC	CCC	GC	-1.83183	0.02542	0.00888	1.83183	0.00407	0.00888
GCC	ACC	GA	-1.83776	0.04666	0.01623	1.83776	0.00743	0.01623
GCC	GTC	CT	-1.22714	0.09231	0.04698	1.22714	0.02706	0.04698
GCC	GCT	CT	-0.49891	0.09231	0.07119	0.49891	0.05605	0.07119
GCA	TCA	GT	-1.30359	0.04497	0.02185	1.30359	0.01221	0.02185
GCA	CCA	GC	-0.44554	0.01695	0.01345	0.44554	0.01085	0.01345
GCA	ACA	GA	-1.20915	0.03111	0.01600	1.20915	0.00928	0.01600
GCA	GTA	CT	-1.38129	0.06154	0.02853	1.38129	0.01546	0.02853
GCA	GCT	AT	0.20017	0.04497	0.04962	-0.20017	0.05493	0.04962
GCA	GCC	AC	0.69907	0.01695	0.02356	-0.69907	0.03410	0.02356
GCG	TCG	GT	-1.23905	0.09369	0.04734	1.23905	0.02714	0.04734
GCG	CCG	GC	-1.87266	0.03531	0.01201	1.87266	0.00543	0.01201
GCG	ACG	GA	-0.55683	0.06481	0.04843	0.55683	0.03714	0.04843
GCG	GTG	CT	-1.62976	0.12821	0.05093	1.62976	0.02513	0.05093
GCG	GCT	GT	-0.86748	0.09369	0.05885	0.86748	0.03935	0.05885
GCG	GCC	GC	-0.36858	0.03531	0.02920	0.36858	0.02442	0.02920
GCG	GCA	GA	-1.06765	0.06481	0.03626	1.06765	0.02228	0.03626
GAT	TAT	GT	-3.24950	0.10493	0.01376	3.24950	0.00407	0.01376
GAT	CAT	GC	-0.88737	0.03955	0.02456	0.88737	0.01628	0.02456
GAT	AAT	GA	-1.71998	0.07259	0.02723	1.71998	0.01300	0.02723
GAT	GTT	AT	-1.18121	0.10493	0.05488	1.18121	0.03220	0.05488
GAT	GCT	AC	0.32870	0.03955	0.04640	-0.32870	0.05493	0.04640
GAC	TAC	GT	-2.62534	0.07495	0.01536	2.62534	0.00543	0.01536
GAC	CAC	GC	0.00871	0.02825	0.02837	-0.00871	0.02849	0.02837
GAC	AAC	GA	-0.93152	0.05185	0.03140	0.93152	0.02043	0.03140
GAC	GTC	AT	-1.03890	0.07495	0.04264	1.03890	0.02652	0.04264
GAC	GCC	AC	0.18825	0.02825	0.03099	-0.18825	0.03410	0.03099
GAC	GAT	CT	-0.63936	0.10257	0.07325	0.63936	0.05412	0.07325
GAA	CAA	GC	-0.66868	0.02118	0.01489	0.66868	0.01085	0.01489
GAA	AAA	GA	-0.33368	0.03889	0.03276	0.33368	0.02785	0.03276
GAA	GTA	AT	-1.31083	0.05621	0.02720	1.31083	0.01515	0.02720
GAA	GCA	AC	0.07046	0.02118	0.02194	-0.07046	0.02273	0.02194
GAA	GAT	AT	-0.05807	0.05621	0.05460	0.05807	0.05304	0.05460
GAA	GAC	AC	0.58129	0.02118	0.02794	-0.58129	0.03789	0.02794
GAG	CAG	GC	-0.57070	0.02401	0.01781	0.57070	0.01357	0.01781
GAG	AAG	GA	-0.33368	0.04407	0.03713	0.33368	0.03157	0.03713
GAG	GTG	AT	-0.95049	0.06371	0.03816	0.95049	0.02463	0.03816
GAG	GCG	AC	0.67927	0.02401	0.03308	-0.67927	0.04736	0.03308
GAG	GAT	GT	-0.51691	0.06371	0.04865	0.51691	0.03799	0.04865
GAG	GAC	GC	0.12244	0.02401	0.02551	-0.12244	0.02714	0.02551
GAG	GAA	GA	-0.45885	0.04407	0.03473	0.45885	0.02785	0.03473
GGT	TGT	GT	-0.03508	0.03373	0.03314	0.03508	0.03256	0.03314
GGT	CGT	GC	0.59591	0.01271	0.01687	-0.59591	0.02307	0.01687
GGT	AGT	GA	-0.45147	0.02333	0.01846	0.45147	0.01486	0.01846
GGT	GTT	GT	-0.37992	0.03373	0.02772	0.37992	0.02307	0.02772
GGT	GCT	GC	1.13000	0.01271	0.02122	-1.13000	0.03935	0.02122
GGT	GAT	GA	0.80130	0.02333	0.03391	-0.80130	0.05199	0.03391
GGC	TGC	GT	0.77586	0.02248	0.03232	-0.77586	0.04885	0.03232
GGC	CGC	GC	0.56606	0.00847	0.01110	-0.56606	0.01493	0.01110
GGC	AGC	GA	0.35947	0.01555	0.01852	-0.35947	0.02228	0.01852
GGC	GTC	GT	-0.16861	0.02248	0.02064	0.16861	0.01900	0.02064
GGC	GCC	GC	1.05854	0.00847	0.01374	-1.05854	0.02442	0.01374
GGC	GAC	GA	0.87029	0.01555	0.02329	-0.87029	0.03714	0.02329
GGC	GGT	CT	-0.57036	0.03077	0.02283	0.57036	0.01740	0.02283
GGA	CGA	GC	-1.29284	0.01977	0.00967	1.29284	0.00543	0.00967
GGA	AGA	GA	-0.48783	0.03629	0.02816	0.48783	0.02228	0.02816
GGA	GTA	GT	-1.57552	0.05246	0.02156	1.57552	0.01085	0.02156
GGA	GCA	GC	-0.19423	0.01977	0.01791	0.19423	0.01628	0.01791
GGA	GAA	GA	-0.26469	0.03629	0.03170	0.26469	0.02785	0.03170
GGA	GGT	AT	-1.12405	0.05246	0.02839	1.12405	0.01705	0.02839
GGA	GGC	AC	-0.55369	0.01977	0.01480	0.55369	0.01137	0.01480
GGG	TGG	GT	0.65807	0.01124	0.01534	-0.65807	0.02171	0.01534
GGG	CGG	GC	0.65307	0.00424	0.00577	-0.65307	0.00814	0.00577
GGG	AGG	GA	0.87029	0.00778	0.01165	-0.87029	0.01857	0.01165
GGG	GTG	GT	0.45043	0.01124	0.01396	-0.45043	0.01764	0.01396
GGG	GCG	GC	2.08019	0.00424	0.01007	-2.08019	0.03392	0.01007
GGG	GAG	GA	1.40092	0.00778	0.01446	-1.40092	0.03157	0.01446
GGG	GGT	GT	0.08271	0.01124	0.01171	-0.08271	0.01221	0.01171
GGG	GGC	GC	0.65307	0.00424	0.00577	-0.65307	0.00814	0.00577
GGG	GGA	GA	1.20676	0.00778	0.01339	-1.20676	0.02600	0.01339


Histograms
2Ns	FMut	FSub(CodonUsage)	FSubw(after w)

-10.20356	0.01188	0.00001
-9.18320	0.00139	0.00000
-8.16284	0.00089	0.00000
-7.14249	0.00000	0.00000
-6.12213	0.00013	0.00000
-5.10178	0.00000	0.00000
-4.08142	0.00326	0.00041
-3.06107	0.03368	0.00688
-2.04071	0.12260	0.05151
-1.02036	0.38195	0.27358
0.00000	0.27781	0.33522
1.02036	0.14509	0.27358
2.04071	0.01941	0.05151
3.06107	0.00185	0.00688
4.08142	0.00009	0.00041
5.10178	0.00000	0.00000
6.12213	0.00000	0.00000
7.14249	0.00000	0.00000
8.16284	0.00000	0.00000
9.18320	0.00000	0.00000
10.20356	0.00000	0.00000

Proportion of advantageous (S > 0) mutations:
 0.28728

Proportions of good & bad mutations (|S| > 2.0000) among mutations:
0.00430  0.07703

mean |Ns| = 1.11991	mean Ns+ = 0.71466	mean Ns- = -1.28325


MLEs of dN/dS (w) for site classes (K=4)

site class             0        1       2a       2b
proportion       0.00000  0.00000  0.56118  0.43882
background w     0.02913  1.00000  0.02913  1.00000
foreground w     0.02913  1.00000  1.00000  1.00000

Naive Empirical Bayes (NEB) probabilities for 4 classes
(amino acids refer to 1st sequence: AT2G33500_AT2G33500.1_Athaliana_Araport11)

   1 M   0.00000 0.00000 1.00000 0.00000 ( 3)
   2 -   0.00000 0.00000 0.48751 0.51249 ( 4)
   3 -   0.00000 0.00000 0.00298 0.99702 ( 4)
   4 -   0.00000 0.00000 0.02915 0.97085 ( 4)
   5 -   0.00000 0.00000 0.34343 0.65657 ( 4)
   6 -   0.00000 0.00000 0.88807 0.11193 ( 3)
   7 -   0.00000 0.00000 0.53468 0.46532 ( 3)
   8 -   0.00000 0.00000 0.24629 0.75371 ( 4)
   9 -   0.00000 0.00000 0.01159 0.98841 ( 4)
  10 -   0.00000 0.00000 0.90998 0.09002 ( 3)
  11 G   0.00000 0.00000 0.04356 0.95644 ( 4)
  12 T   0.00000 0.00000 0.00028 0.99972 ( 4)
  13 S   0.00000 0.00000 0.02309 0.97691 ( 4)
  14 T   0.00000 0.00000 0.00009 0.99991 ( 4)
  15 T   0.00000 0.00000 0.00454 0.99546 ( 4)
  16 V   0.00000 0.00000 0.85450 0.14550 ( 3)
  17 A   0.00000 0.00000 0.00003 0.99997 ( 4)
  18 C   0.00000 0.00000 0.99984 0.00016 ( 3)
  19 E   0.00000 0.00000 0.99874 0.00126 ( 3)
  20 F   0.00000 0.00000 0.00158 0.99842 ( 4)
  21 C   0.00000 0.00000 0.99974 0.00026 ( 3)
  22 G   0.00000 0.00000 0.10960 0.89040 ( 4)
  23 E   0.00000 0.00000 0.00030 0.99970 ( 4)
  24 R   0.00000 0.00000 0.06707 0.93293 ( 4)
  25 T   0.00000 0.00000 0.00051 0.99949 ( 4)
  26 A   0.00000 0.00000 0.99971 0.00029 ( 3)
  27 V   0.00000 0.00000 0.02633 0.97367 ( 4)
  28 L   0.00000 0.00000 0.45029 0.54971 ( 4)
  29 F   0.00000 0.00000 0.99998 0.00002 ( 3)
  30 C   0.00000 0.00000 0.99981 0.00019 ( 3)
  31 R   0.00000 0.00000 0.00445 0.99555 ( 4)
  32 A   0.00000 0.00000 0.99971 0.00029 ( 3)
  33 D   0.00000 0.00000 0.99995 0.00005 ( 3)
  34 T   0.00000 0.00000 0.05492 0.94508 ( 4)
  35 A   0.00000 0.00000 0.99964 0.00036 ( 3)
  36 K   0.00000 0.00000 0.99702 0.00298 ( 3)
  37 L   0.00000 0.00000 0.99996 0.00004 ( 3)
  38 C   0.00000 0.00000 0.99978 0.00022 ( 3)
  39 L   0.00000 0.00000 0.00787 0.99213 ( 4)
  40 P   0.00000 0.00000 0.00005 0.99995 ( 4)
  41 C   0.00000 0.00000 0.99980 0.00020 ( 3)
  42 D   0.00000 0.00000 0.99996 0.00004 ( 3)
  43 Q   0.00000 0.00000 0.00665 0.99335 ( 4)
  44 H   0.00000 0.00000 0.00006 0.99994 ( 4)
  45 V   0.00000 0.00000 0.99959 0.00041 ( 3)
  46 H   0.00000 0.00000 0.99998 0.00002 ( 3)
  47 S   0.00000 0.00000 0.02265 0.97735 ( 4)
  48 A   0.00000 0.00000 0.99969 0.00031 ( 3)
  49 N   0.00000 0.00000 1.00000 0.00000 ( 3)
  50 L   0.00000 0.00000 0.01788 0.98212 ( 4)
  51 L   0.00000 0.00000 0.99973 0.00027 ( 3)
  52 S   0.00000 0.00000 0.93166 0.06834 ( 3)
  53 R   0.00000 0.00000 0.00002 0.99998 ( 4)
  54 K   0.00000 0.00000 0.99895 0.00105 ( 3)
  55 H   0.00000 0.00000 0.99998 0.00002 ( 3)
  56 V   0.00000 0.00000 0.98898 0.01102 ( 3)
  57 R   0.00000 0.00000 0.99980 0.00020 ( 3)
  58 S   0.00000 0.00000 0.99406 0.00594 ( 3)
  59 Q   0.00000 0.00000 0.78020 0.21980 ( 3)
  60 I   0.00000 0.00000 0.99929 0.00071 ( 3)
  61 C   0.00000 0.00000 0.99388 0.00612 ( 3)
  62 D   0.00000 0.00000 0.98227 0.01773 ( 3)
  63 N   0.00000 0.00000 0.01319 0.98681 ( 4)
  64 C   0.00000 0.00000 0.99395 0.00605 ( 3)
  65 S   0.00000 0.00000 0.05408 0.94592 ( 4)
  66 K   0.00000 0.00000 0.19544 0.80456 ( 4)
  67 E   0.00000 0.00000 0.08907 0.91093 ( 4)
  68 P   0.00000 0.00000 0.99924 0.00076 ( 3)
  69 V   0.00000 0.00000 0.17368 0.82632 ( 4)
  70 S   0.00000 0.00000 0.56343 0.43657 ( 3)
  71 V   0.00000 0.00000 0.82659 0.17341 ( 3)
  72 R   0.00000 0.00000 0.01816 0.98184 ( 4)
  73 C   0.00000 0.00000 0.99391 0.00609 ( 3)
  74 F   0.00000 0.00000 0.02739 0.97261 ( 4)
  75 T   0.00000 0.00000 0.97505 0.02495 ( 3)
  76 D   0.00000 0.00000 0.94873 0.05127 ( 3)
  77 N   0.00000 0.00000 0.03333 0.96667 ( 4)
  78 L   0.00000 0.00000 0.22264 0.77736 ( 4)
  79 V   0.00000 0.00000 0.81701 0.18299 ( 3)
  80 L   0.00000 0.00000 0.99331 0.00669 ( 3)
  81 C   0.00000 0.00000 0.99464 0.00536 ( 3)
  82 Q   0.00000 0.00000 0.82259 0.17741 ( 3)
  83 E   0.00000 0.00000 0.10667 0.89333 ( 4)
  84 C   0.00000 0.00000 0.99464 0.00536 ( 3)
  85 D   0.00000 0.00000 0.99632 0.00368 ( 3)
  86 W   0.00000 0.00000 0.99015 0.00985 ( 3)
  87 D   0.00000 0.00000 0.29221 0.70779 ( 4)
  88 V   0.00000 0.00000 0.04260 0.95740 ( 4)
  89 H   0.00000 0.00000 0.99807 0.00193 ( 3)
  90 G   0.00000 0.00000 0.02876 0.97124 ( 4)
  91 S   0.00000 0.00000 0.18319 0.81681 ( 4)
  92 C   0.00000 0.00000 0.29425 0.70575 ( 4)
  93 S   0.00000 0.00000 0.52001 0.47999 ( 3)
  94 S   0.00000 0.00000 0.03545 0.96455 ( 4)
  95 S   0.00000 0.00000 0.99317 0.00683 ( 3)
  96 A   0.00000 0.00000 0.00340 0.99660 ( 4)
  97 T   0.00000 0.00000 0.00407 0.99593 ( 4)
  98 H   0.00000 0.00000 0.99862 0.00138 ( 3)
  99 E   0.00000 0.00000 0.00116 0.99884 ( 4)
 100 R   0.00000 0.00000 0.99551 0.00449 ( 3)
 101 S   0.00000 0.00000 0.00356 0.99644 ( 4)
 102 A   0.00000 0.00000 0.88733 0.11267 ( 3)
 103 V   0.00000 0.00000 0.74268 0.25732 ( 3)
 104 -   0.00000 0.00000 0.62783 0.37217 ( 3)
 105 -   0.00000 0.00000 0.58173 0.41827 ( 3)
 106 -   0.00000 0.00000 0.33924 0.66076 ( 4)
 107 -   0.00000 0.00000 0.03391 0.96609 ( 4)
 108 -   0.00000 0.00000 0.15888 0.84112 ( 4)
 109 -   0.00000 0.00000 0.00087 0.99913 ( 4)
 110 -   0.00000 0.00000 0.00043 0.99957 ( 4)
 111 -   0.00000 0.00000 0.00001 0.99999 ( 4)
 112 -   0.00000 0.00000 0.00001 0.99999 ( 4)
 113 -   0.00000 0.00000 0.05419 0.94581 ( 4)
 114 -   0.00000 0.00000 0.36466 0.63534 ( 4)
 115 -   0.00000 0.00000 0.98699 0.01301 ( 3)
 116 -   0.00000 0.00000 0.01014 0.98986 ( 4)
 117 -   0.00000 0.00000 0.99781 0.00219 ( 3)
 118 -   0.00000 0.00000 0.02037 0.97963 ( 4)
 119 E   0.00000 0.00000 0.95139 0.04861 ( 3)
 120 G   0.00000 0.00000 0.99999 0.00001 ( 3)
 121 F   0.00000 0.00000 0.99998 0.00002 ( 3)
 122 S   0.00000 0.00000 0.01813 0.98187 ( 4)
 123 -   0.00000 0.00000 0.84267 0.15733 ( 3)
 124 -   0.00000 0.00000 0.92426 0.07574 ( 3)
 125 -   0.00000 0.00000 0.88521 0.11479 ( 3)
 126 -   0.00000 0.00000 0.91054 0.08946 ( 3)
 127 -   0.00000 0.00000 0.95783 0.04217 ( 3)
 128 -   0.00000 0.00000 0.96524 0.03476 ( 3)
 129 -   0.00000 0.00000 0.86330 0.13670 ( 3)
 130 -   0.00000 0.00000 0.46471 0.53529 ( 4)
 131 G   0.00000 0.00000 0.98278 0.01722 ( 3)
 132 C   0.00000 0.00000 0.95584 0.04416 ( 3)
 133 P   0.00000 0.00000 0.98563 0.01437 ( 3)
 134 S   0.00000 0.00000 0.95432 0.04568 ( 3)
 135 V   0.00000 0.00000 0.61657 0.38343 ( 3)
 136 L   0.00000 0.00000 0.56310 0.43690 ( 3)
 137 E   0.00000 0.00000 0.97851 0.02149 ( 3)
 138 L   0.00000 0.00000 0.94720 0.05280 ( 3)
 139 A   0.00000 0.00000 0.05398 0.94602 ( 4)
 140 A   0.00000 0.00000 0.93302 0.06698 ( 3)
 141 V   0.00000 0.00000 0.12439 0.87561 ( 4)
 142 W   0.00000 0.00000 0.06359 0.93641 ( 4)
 143 G   0.00000 0.00000 0.97123 0.02877 ( 3)
 144 I   0.00000 0.00000 0.47260 0.52740 ( 4)
 145 D   0.00000 0.00000 0.96475 0.03525 ( 3)
 146 E   0.00000 0.00000 0.21907 0.78093 ( 4)
 147 L   0.00000 0.00000 0.60008 0.39992 ( 3)
 148 T   0.00000 0.00000 0.79828 0.20172 ( 3)
 149 L   0.00000 0.00000 0.94778 0.05222 ( 3)
 150 D   0.00000 0.00000 0.96475 0.03525 ( 3)
 151 S   0.00000 0.00000 0.95627 0.04373 ( 3)
 152 W   0.00000 0.00000 0.98914 0.01086 ( 3)
 153 G   0.00000 0.00000 0.11657 0.88343 ( 4)
 154 S   0.00000 0.00000 0.61301 0.38699 ( 3)
 155 G   0.00000 0.00000 0.57092 0.42908 ( 3)


lnL = -2121.679724

Bayes Empirical Bayes (BEB) probabilities for 4 classes (class)
(amino acids refer to 1st sequence: AT2G33500_AT2G33500.1_Athaliana_Araport11)

   1 M   0.78399 0.00000 0.21601 0.00000 ( 1)
   2 -   0.47539 0.26126 0.17150 0.09184 ( 1)
   3 -   0.00818 0.72847 0.00300 0.26034 ( 2)
   4 -   0.06745 0.66920 0.02471 0.23864 ( 2)
   5 -   0.37261 0.36404 0.13492 0.12842 ( 1)
   6 -   0.66362 0.07304 0.23783 0.02552 ( 1)
   7 -   0.50376 0.23289 0.18155 0.08179 ( 1)
   8 -   0.29054 0.44612 0.10552 0.15782 ( 2)
   9 -   0.02870 0.70795 0.01053 0.25282 ( 2)
  10 -   0.67780 0.05885 0.24279 0.02055 ( 1)
  11 G   0.00966 0.66950 0.09475 0.22608 ( 2)
  12 T   0.00161 0.73678 0.00191 0.25971 ( 2)
  13 S   0.08192 0.67435 0.02535 0.21838 ( 2)
  14 T   0.00001 0.66438 0.00164 0.33397 ( 2)
  15 T   0.00311 0.71904 0.01651 0.26134 ( 2)
  16 V   0.71793 0.05209 0.21365 0.01633 ( 1)
  17 A   0.00029 0.72417 0.00017 0.27537 ( 2)
  18 C   0.75926 0.00015 0.24053 0.00005 ( 1)
  19 E   0.67766 0.00080 0.32126 0.00028 ( 1)
  20 F   0.01647 0.75217 0.00429 0.22708 ( 2)
  21 C   0.75941 0.00024 0.24027 0.00008 ( 1)
  22 G   0.36289 0.41946 0.09495 0.12269 ( 2)
  23 E   0.00338 0.75755 0.00100 0.23807 ( 2)
  24 R   0.17842 0.54994 0.06030 0.21135 ( 2)
  25 T   0.00531 0.75115 0.00164 0.24190 ( 2)
  26 A   0.76125 0.00027 0.23840 0.00009 ( 1)
  27 V   0.12953 0.63158 0.03871 0.20018 ( 2)
  28 L   0.59116 0.17617 0.17585 0.05682 ( 1)
  29 F   0.78642 0.00001 0.21357 0.00000 ( 1)
  30 C   0.76765 0.00017 0.23212 0.00006 ( 1)
  31 R   0.03090 0.72499 0.00965 0.23445 ( 2)
  32 A   0.76353 0.00027 0.23611 0.00009 ( 1)
  33 D   0.76915 0.00005 0.23079 0.00002 ( 1)
  34 T   0.23340 0.52652 0.07131 0.16877 ( 2)
  35 A   0.76118 0.00033 0.23838 0.00011 ( 1)
  36 K   0.77042 0.00069 0.22867 0.00022 ( 1)
  37 L   0.77596 0.00004 0.22399 0.00001 ( 1)
  38 C   0.76762 0.00020 0.23211 0.00006 ( 1)
  39 L   0.04379 0.71591 0.01307 0.22724 ( 2)
  40 P   0.00053 0.76841 0.00014 0.23092 ( 2)
  41 C   0.76764 0.00018 0.23212 0.00006 ( 1)
  42 D   0.76803 0.00004 0.23192 0.00001 ( 1)
  43 Q   0.05497 0.70793 0.01622 0.22088 ( 2)
  44 H   0.00081 0.73083 0.00039 0.26798 ( 2)
  45 V   0.77255 0.00027 0.22710 0.00008 ( 1)
  46 H   0.76564 0.00002 0.23433 0.00001 ( 1)
  47 S   0.01954 0.66491 0.07190 0.24365 ( 2)
  48 A   0.76122 0.00029 0.23840 0.00009 ( 1)
  49 N   0.78948 0.00000 0.21052 0.00000 ( 1)
  50 L   0.11750 0.64615 0.03457 0.20178 ( 2)
  51 L   0.74228 0.00029 0.25732 0.00011 ( 1)
  52 S   0.74619 0.02150 0.22545 0.00686 ( 1)
  53 R   0.00017 0.76493 0.00005 0.23485 ( 2)
  54 K   0.77058 0.00061 0.22862 0.00019 ( 1)
  55 H   0.76505 0.00002 0.23491 0.00001 ( 1)
  56 V   0.77264 0.00383 0.22234 0.00119 ( 1)
  57 R   0.76534 0.00021 0.23438 0.00007 ( 1)
  58 S   0.77121 0.00200 0.22616 0.00063 ( 1)
  59 Q   0.72476 0.04862 0.21161 0.01501 ( 1)
  60 I   0.78303 0.00041 0.21643 0.00012 ( 1)
  61 C   0.75399 0.00535 0.23889 0.00177 ( 1)
  62 D   0.75865 0.01034 0.22773 0.00328 ( 1)
  63 N   0.06740 0.70014 0.01822 0.21425 ( 2)
  64 C   0.75409 0.00525 0.23892 0.00174 ( 1)
  65 S   0.02274 0.63958 0.11598 0.22170 ( 2)
  66 K   0.03857 0.53064 0.25655 0.17424 ( 2)
  67 E   0.17472 0.58908 0.05167 0.18452 ( 2)
  68 P   0.76829 0.00096 0.23044 0.00031 ( 1)
  69 V   0.29994 0.46462 0.08877 0.14667 ( 2)
  70 S   0.59182 0.17780 0.17452 0.05586 ( 1)
  71 V   0.67216 0.09864 0.19818 0.03103 ( 1)
  72 R   0.08089 0.67966 0.02426 0.21518 ( 2)
  73 C   0.76152 0.00531 0.23146 0.00171 ( 1)
  74 F   0.10311 0.67217 0.02683 0.19789 ( 2)
  75 T   0.78078 0.01403 0.20114 0.00405 ( 1)
  76 D   0.74185 0.02647 0.22327 0.00841 ( 1)
  77 N   0.14435 0.63079 0.03856 0.18630 ( 2)
  78 L   0.36043 0.40765 0.10496 0.12696 ( 2)
  79 V   0.09379 0.18583 0.66819 0.05219 ( 3)
  80 L   0.76567 0.00670 0.22553 0.00210 ( 1)
  81 C   0.76306 0.00469 0.23076 0.00150 ( 1)
  82 Q   0.71342 0.06043 0.20749 0.01866 ( 1)
  83 E   0.26235 0.50282 0.07763 0.15719 ( 2)
  84 C   0.76306 0.00469 0.23076 0.00150 ( 1)
  85 D   0.76557 0.00356 0.22973 0.00113 ( 1)
  86 W   0.77105 0.00571 0.22148 0.00176 ( 1)
  87 D   0.41298 0.35002 0.12519 0.11180 ( 1)
  88 V   0.12721 0.63381 0.03808 0.20090 ( 2)
  89 H   0.76375 0.00189 0.23376 0.00060 ( 1)
  90 G   0.09033 0.66298 0.02902 0.21768 ( 2)
  91 S   0.31742 0.45655 0.08589 0.14014 ( 2)
  92 C   0.38765 0.37359 0.11865 0.12010 ( 1)
  93 S   0.54872 0.21220 0.17044 0.06865 ( 1)
  94 S   0.00103 0.59319 0.14854 0.25723 ( 2)
  95 S   0.75607 0.00632 0.23557 0.00204 ( 1)
  96 A   0.00088 0.68660 0.01346 0.29905 ( 2)
  97 T   0.00377 0.71537 0.01159 0.26928 ( 2)
  98 H   0.78028 0.00140 0.21789 0.00043 ( 1)
  99 E   0.00278 0.71436 0.00489 0.27796 ( 2)
 100 R   0.76139 0.00457 0.23259 0.00145 ( 1)
 101 S   0.01970 0.73308 0.00630 0.24092 ( 2)
 102 A   0.68752 0.07452 0.21394 0.02401 ( 1)
 103 V   0.65982 0.11451 0.19011 0.03556 ( 1)
 104 -   0.56098 0.17567 0.20177 0.06158 ( 1)
 105 -   0.53184 0.20482 0.19148 0.07186 ( 1)
 106 -   0.36939 0.36727 0.13377 0.12957 ( 1)
 107 -   0.07697 0.65968 0.02818 0.23516 ( 2)
 108 -   0.26620 0.47046 0.09677 0.16657 ( 2)
 109 -   0.00366 0.73299 0.00135 0.26200 ( 2)
 110 -   0.00183 0.73482 0.00067 0.26267 ( 2)
 111 -   0.00006 0.73659 0.00002 0.26332 ( 2)
 112 -   0.00007 0.73659 0.00002 0.26332 ( 2)
 113 -   0.11512 0.62154 0.04209 0.22126 ( 2)
 114 -   0.38997 0.34669 0.14112 0.12223 ( 1)
 115 -   0.72760 0.00906 0.26019 0.00316 ( 1)
 116 -   0.02538 0.71127 0.00931 0.25403 ( 2)
 117 -   0.73507 0.00158 0.26280 0.00055 ( 1)
 118 -   0.07176 0.66490 0.02628 0.23706 ( 2)
 119 E   0.75938 0.01851 0.21642 0.00570 ( 1)
 120 G   0.78611 0.00001 0.21388 0.00000 ( 1)
 121 F   0.78774 0.00002 0.21224 0.00001 ( 1)
 122 S   0.08277 0.67064 0.02637 0.22021 ( 2)
 123 -   0.63252 0.10414 0.22693 0.03642 ( 1)
 124 -   0.68680 0.04985 0.24594 0.01740 ( 1)
 125 -   0.66178 0.07487 0.23719 0.02616 ( 1)
 126 -   0.67759 0.05907 0.24272 0.02063 ( 1)
 127 -   0.70847 0.02819 0.25351 0.00983 ( 1)
 128 -   0.71329 0.02337 0.25520 0.00815 ( 1)
 129 -   0.64551 0.09115 0.23148 0.03186 ( 1)
 130 -   0.45953 0.27712 0.16588 0.09747 ( 1)
 131 G   0.77188 0.01365 0.21039 0.00409 ( 1)
 132 C   0.73587 0.03143 0.22266 0.01003 ( 1)
 133 P   0.75720 0.01172 0.22736 0.00372 ( 1)
 134 S   0.73468 0.03289 0.22193 0.01050 ( 1)
 135 V   0.06817 0.34881 0.47423 0.10879 ( 3)
 136 L   0.54098 0.22733 0.16016 0.07153 ( 1)
 137 E   0.75792 0.01628 0.22075 0.00505 ( 1)
 138 L   0.73053 0.03906 0.21805 0.01236 ( 1)
 139 A   0.11909 0.63304 0.03852 0.20935 ( 2)
 140 A   0.71232 0.04714 0.22517 0.01537 ( 1)
 141 V   0.05918 0.59474 0.13695 0.20912 ( 2)
 142 W   0.14271 0.62187 0.04174 0.19368 ( 2)
 143 G   0.73844 0.02225 0.23211 0.00720 ( 1)
 144 I   0.42765 0.29768 0.17307 0.10161 ( 1)
 145 D   0.74300 0.02576 0.22306 0.00818 ( 1)
 146 E   0.02804 0.54783 0.24138 0.18274 ( 2)
 147 L   0.07364 0.36701 0.44920 0.11015 ( 3)
 148 T   0.07673 0.21386 0.64372 0.06569 ( 3)
 149 L   0.73313 0.03866 0.21608 0.01213 ( 1)
 150 D   0.74300 0.02576 0.22306 0.00818 ( 1)
 151 S   0.74092 0.03147 0.21771 0.00990 ( 1)
 152 W   0.76835 0.00836 0.22071 0.00258 ( 1)
 153 G   0.07959 0.59122 0.12137 0.20782 ( 2)
 154 S   0.04801 0.33696 0.50056 0.11447 ( 3)
 155 G   0.53567 0.22268 0.16930 0.07235 ( 1)
