Supplemental results for CODEML (seqf: aligned.fas  treef: AT2G24790_AT2G24790.1_Athaliana_Araport11.treefile)

I	J	ij	2Ns_IJ	pMut_IJ	pSub_IJ	2Ns_JI	pMut_JI	pSub_JI

TTC	TTT	CT	-0.14248	0.01971	0.01834	0.14248	0.01709	0.01834
TTA	TTT	AT	1.35845	0.00731	0.01337	-1.35845	0.02844	0.01337
TTA	TTC	AC	1.50093	0.00476	0.00918	-1.50093	0.02133	0.00918
TTG	TTT	GT	-0.70341	0.03290	0.02267	0.70341	0.01628	0.02267
TTG	TTC	GC	-0.56093	0.02140	0.01596	0.56093	0.01221	0.01596
TTG	TTA	GA	-2.06186	0.05112	0.01536	2.06186	0.00650	0.01536
TCT	TTT	CT	-0.58432	0.03066	0.02257	0.58432	0.01709	0.02257
TCC	TTC	CT	-1.27746	0.04599	0.02271	1.27746	0.01282	0.02271
TCC	TCT	CT	-0.83563	0.04599	0.02942	0.83563	0.01994	0.02942
TCA	TTA	CT	-1.24110	0.01971	0.00995	1.24110	0.00570	0.00995
TCA	TCT	AT	0.70167	0.01645	0.02289	-0.70167	0.03318	0.02289
TCA	TCC	AC	1.53730	0.01070	0.02095	-1.53730	0.04977	0.02095
TCG	TTG	CT	-0.53553	0.04380	0.03312	0.53553	0.02564	0.03312
TCG	TCT	GT	-0.65462	0.03656	0.02589	0.65462	0.01900	0.02589
TCG	TCC	GC	0.18101	0.02378	0.02599	-0.18101	0.02849	0.02599
TCG	TCA	GA	-1.35629	0.05680	0.02673	1.35629	0.01463	0.02673
TAT	TTT	AT	1.64613	0.00548	0.01118	-1.64613	0.02844	0.01118
TAT	TCT	AC	2.23044	0.00357	0.00891	-2.23044	0.03318	0.00891
TAC	TTC	AT	1.07076	0.00731	0.01191	-1.07076	0.02133	0.01191
TAC	TCC	AC	2.34823	0.00476	0.01235	-2.34823	0.04977	0.01235
TAC	TAT	CT	-0.71785	0.00876	0.00599	0.71785	0.00427	0.00599
TGT	TTT	GT	-0.99109	0.04387	0.02566	0.99109	0.01628	0.02566
TGT	TCT	GC	-0.40678	0.02853	0.02312	0.40678	0.01900	0.02312
TGT	TAT	GA	-2.63722	0.06816	0.01385	2.63722	0.00488	0.01385
TGC	TTC	GT	-1.68424	0.06580	0.02525	1.68424	0.01221	0.02525
TGC	TCC	GC	-0.40678	0.04280	0.03468	0.40678	0.02849	0.03468
TGC	TAC	GA	-2.75500	0.10224	0.01913	2.75500	0.00650	0.01913
TGC	TGT	CT	-0.83563	0.07884	0.05044	0.83563	0.03419	0.05044
TGG	TTG	GT	-0.18016	0.02924	0.02669	0.18016	0.02442	0.02669
TGG	TCG	GC	0.35536	0.01902	0.02260	-0.35536	0.02714	0.02260
TGG	TGT	GT	0.10752	0.02924	0.03085	-0.10752	0.03256	0.03085
TGG	TGC	GC	0.94315	0.01902	0.02938	-0.94315	0.04885	0.02938
CTT	TTT	CT	-0.65331	0.03285	0.02328	0.65331	0.01709	0.02328
CTC	TTC	CT	-0.79789	0.02847	0.01861	0.79789	0.01282	0.01861
CTC	CTT	CT	-0.28707	0.02847	0.02458	0.28707	0.02137	0.02458
CTA	TTA	CT	-0.14248	0.00657	0.00611	0.14248	0.00570	0.00611
CTA	CTT	AT	1.86927	0.00548	0.01212	-1.86927	0.03555	0.01212
CTA	CTC	AC	2.15634	0.00357	0.00870	-2.15634	0.03081	0.00870
CTG	TTG	CT	0.85077	0.01095	0.01626	-0.85077	0.02564	0.01626
CTG	CTT	GT	0.80067	0.00914	0.01328	-0.80067	0.02035	0.01328
CTG	CTC	GC	1.08773	0.00594	0.00975	-1.08773	0.01764	0.00975
CTG	CTA	GA	-1.06861	0.01420	0.00794	1.06861	0.00488	0.00794
CCT	TCT	CT	0.26298	0.01533	0.01744	-0.26298	0.01994	0.01744
CCT	CTT	CT	0.33197	0.01533	0.01802	-0.33197	0.02137	0.01802
CCC	TCC	CT	1.51574	0.00657	0.01276	-1.51574	0.02991	0.01276
CCC	CTC	CT	1.03617	0.00657	0.01055	-1.03617	0.01852	0.01055
CCC	CCT	CT	0.41713	0.00657	0.00804	-0.41713	0.00997	0.00804
CCA	TCA	CT	-0.31238	0.01752	0.01493	0.31238	0.01282	0.01493
CCA	CTA	CT	-1.41100	0.01752	0.00797	1.41100	0.00427	0.00797
CCA	CCT	AT	0.12630	0.01462	0.01557	-0.12630	0.01659	0.01557
CCA	CCC	AC	-0.29083	0.00951	0.00819	0.29083	0.00711	0.00819
CCG	TCG	CT	1.17927	0.00876	0.01492	-1.17927	0.02849	0.01492
CCG	CTG	CT	-0.20702	0.00876	0.00788	0.20702	0.00712	0.00788
CCG	CCT	GT	0.26167	0.00731	0.00831	-0.26167	0.00950	0.00831
CCG	CCC	GC	-0.15546	0.00476	0.00440	0.15546	0.00407	0.00440
CCG	CCA	GA	0.13537	0.01136	0.01215	-0.13537	0.01301	0.01215
CAT	TAT	CT	-1.81646	0.02628	0.00927	1.81646	0.00427	0.00927
CAT	CTT	AT	0.48298	0.02193	0.02766	-0.48298	0.03555	0.02766
CAT	CCT	AC	0.15100	0.01427	0.01537	-0.15100	0.01659	0.01537
CAC	TAC	CT	-2.08839	0.04599	0.01358	2.08839	0.00570	0.01358
CAC	CTC	AT	-0.21974	0.03838	0.03432	0.21974	0.03081	0.03432
CAC	CCC	AC	-1.25591	0.02496	0.01249	1.25591	0.00711	0.01249
CAC	CAT	CT	-0.98978	0.04599	0.02693	0.98978	0.01709	0.02693
CAA	CTA	AT	-0.72100	0.01462	0.00998	0.72100	0.00711	0.00998
CAA	CCA	AC	0.69000	0.00951	0.01317	-0.69000	0.01896	0.01317
CAA	CAT	AT	0.66530	0.01462	0.02002	-0.66530	0.02844	0.02002
CAA	CAC	AC	1.65508	0.00951	0.01946	-1.65508	0.04977	0.01946
CAG	CTG	AT	-0.43331	0.01828	0.01460	0.43331	0.01185	0.01460
CAG	CCG	AC	-0.22629	0.01189	0.01059	0.22629	0.00948	0.01059
CAG	CAT	GT	-0.11563	0.01828	0.01724	0.11563	0.01628	0.01724
CAG	CAC	GC	0.87416	0.01189	0.01783	-0.87416	0.02849	0.01783
CAG	CAA	GA	-0.78092	0.02840	0.01874	0.78092	0.01301	0.01874
CGT	TGT	CT	-0.08533	0.03723	0.03567	0.08533	0.03419	0.03567
CGT	CTT	GT	-0.42311	0.03107	0.02496	0.42311	0.02035	0.02496
CGT	CCT	GC	-0.75508	0.02021	0.01353	0.75508	0.00950	0.01353
CGT	CAT	GA	-0.90609	0.04828	0.02967	0.90609	0.01951	0.02967
CGC	TGC	CT	0.75546	0.02409	0.03433	-0.75546	0.05128	0.03433
CGC	CTC	GT	-0.13089	0.02011	0.01882	0.13089	0.01764	0.01882
CGC	CCC	GC	-1.16706	0.01308	0.00690	1.16706	0.00407	0.00690
CGC	CAC	GA	0.08885	0.03124	0.03265	-0.08885	0.03414	0.03265
CGC	CGT	CT	0.00515	0.02409	0.02415	-0.00515	0.02422	0.02415
CGA	CTA	GT	-0.58563	0.00731	0.00538	0.58563	0.00407	0.00538
CGA	CCA	GC	0.82537	0.00476	0.00698	-0.82537	0.01085	0.00698
CGA	CAA	GA	0.13537	0.01136	0.01215	-0.13537	0.01301	0.01215
CGA	CGT	AT	1.70675	0.00731	0.01524	-1.70675	0.04029	0.01524
CGA	CGC	AC	1.70160	0.00476	0.00990	-1.70160	0.02607	0.00990
CGG	TGG	CT	0.55066	0.01314	0.01709	-0.55066	0.02279	0.01709
CGG	CTG	GT	-0.48027	0.01097	0.00854	0.48027	0.00678	0.00854
CGG	CCG	GC	-0.27325	0.00713	0.00620	0.27325	0.00543	0.00620
CGG	CAG	GA	-0.04695	0.01704	0.01664	0.04695	0.01626	0.01664
CGG	CGT	GT	0.74351	0.01097	0.01554	-0.74351	0.02307	0.01554
CGG	CGC	GC	0.73836	0.00713	0.01009	-0.73836	0.01493	0.01009
CGG	CGA	GA	-0.96324	0.01704	0.01013	0.96324	0.00650	0.01013
ATT	TTT	AT	2.74474	0.00183	0.00536	-2.74474	0.02844	0.00536
ATT	CTT	AC	3.39805	0.00119	0.00418	-3.39805	0.03555	0.00418
ATC	TTC	AT	0.25983	0.01645	0.01868	-0.25983	0.02133	0.01868
ATC	CTC	AC	1.05772	0.01070	0.01734	-1.05772	0.03081	0.01734
ATC	ATT	CT	-2.62739	0.01971	0.00403	2.62739	0.00142	0.00403
ATA	TTA	AT	8.85905	0.00000	0.00000	-8.85905	0.00948	0.00001
ATA	CTA	AC	9.00153	0.00000	0.00000	-9.00153	0.00711	0.00001
ATA	ATT	AT	7.47276	0.00000	0.00000	-7.47276	0.00237	0.00001
ATA	ATC	AC	10.10015	0.00000	0.00000	-10.10015	0.02133	0.00001
ATG	TTG	AT	0.58526	0.02376	0.03139	-0.58526	0.04266	0.03139
ATG	CTG	AC	-0.26551	0.01545	0.01349	0.26551	0.01185	0.01349
ATG	ATT	GT	-2.86290	0.02376	0.00412	2.86290	0.00136	0.00412
ATG	ATC	GC	-0.23550	0.01545	0.01371	0.23550	0.01221	0.01371
ATG	ATA	GA	-10.33565	0.03692	0.00001	10.33565	0.00000	0.00000
ACT	TCT	AT	0.81945	0.01462	0.02142	-0.81945	0.03318	0.02142
ACT	CCT	AC	0.55647	0.00951	0.01240	-0.55647	0.01659	0.01240
ACT	ATT	CT	-2.50961	0.01752	0.00389	2.50961	0.00142	0.00389
ACC	TCC	AT	1.91806	0.00731	0.01644	-1.91806	0.04977	0.01644
ACC	CCC	AC	0.40232	0.00476	0.00578	-0.40232	0.00711	0.00578
ACC	ATC	CT	0.38076	0.00876	0.01053	-0.38076	0.01282	0.01053
ACC	ACT	CT	0.26298	0.00876	0.00996	-0.26298	0.01140	0.00996
ACA	TCA	AT	0.84762	0.00914	0.01355	-0.84762	0.02133	0.01355
ACA	CCA	AC	1.16000	0.00594	0.01004	-1.16000	0.01896	0.01004
ACA	ATA	CT	-9.25253	0.01095	0.00001	9.25253	0.00000	0.00000
ACA	ACT	AT	0.72984	0.00914	0.01288	-0.72984	0.01896	0.01288
ACA	ACC	AC	0.46686	0.00594	0.00744	-0.46686	0.00948	0.00744
ACG	TCG	AT	0.25983	0.03656	0.04151	-0.25983	0.04740	0.04151
ACG	CCG	AC	-0.91944	0.02378	0.01450	0.91944	0.00948	0.01450
ACG	ATG	CT	-0.86095	0.04380	0.02762	0.86095	0.01852	0.02762
ACG	ACT	GT	-1.21424	0.03656	0.01875	1.21424	0.01085	0.01875
ACG	ACC	GC	-1.47722	0.02378	0.01039	1.47722	0.00543	0.01039
ACG	ACA	GA	-1.94407	0.05680	0.01844	1.94407	0.00813	0.01844
AAT	TAT	AT	-0.58747	0.01279	0.00940	0.58747	0.00711	0.00940
AAT	CAT	AC	1.22900	0.00832	0.01446	-1.22900	0.02844	0.01446
AAT	ATT	AT	-1.68608	0.01279	0.00490	1.68608	0.00237	0.00490
AAT	ACT	AC	0.82353	0.00832	0.01221	-0.82353	0.01896	0.01221
AAC	TAC	AT	-0.75177	0.02011	0.01349	0.75177	0.00948	0.01349
AAC	CAC	AC	1.33663	0.01308	0.02371	-1.33663	0.04977	0.02371
AAC	ATC	AT	0.05916	0.02011	0.02071	-0.05916	0.02133	0.02071
AAC	ACC	AC	-0.32160	0.01308	0.01109	0.32160	0.00948	0.01109
AAC	AAT	CT	-0.88215	0.02409	0.01501	0.88215	0.00997	0.01501
AAA	CAA	AC	0.06139	0.01783	0.01839	-0.06139	0.01896	0.01839
AAA	ATA	AT	-9.66114	0.02742	0.00002	9.66114	0.00000	0.00000
AAA	ACA	AC	-0.40861	0.01783	0.01444	0.40861	0.01185	0.01444
AAA	AAT	AT	-0.50231	0.02742	0.02111	0.50231	0.01659	0.02111
AAA	AAC	AC	0.37984	0.01783	0.02143	-0.37984	0.02607	0.02143
AAG	CAG	AC	0.15937	0.02021	0.02186	-0.15937	0.02370	0.02186
AAG	ATG	AT	-0.00843	0.03107	0.03094	0.00843	0.03081	0.03094
AAG	ACG	AC	0.85252	0.02021	0.03003	-0.85252	0.04740	0.03003
AAG	AAT	GT	-1.18525	0.03107	0.01621	1.18525	0.00950	0.01621
AAG	AAC	GC	-0.30310	0.02021	0.01730	0.30310	0.01493	0.01730
AAG	AAA	GA	-0.68294	0.04828	0.03366	0.68294	0.02439	0.03366
AGT	TGT	AT	1.35845	0.01462	0.02674	-1.35845	0.05688	0.02674
AGT	CGT	AC	1.44377	0.00951	0.01797	-1.44377	0.04029	0.01797
AGT	ATT	GT	-2.37739	0.01462	0.00356	2.37739	0.00136	0.00356
AGT	ACT	GC	0.13222	0.00951	0.01015	-0.13222	0.01085	0.01015
AGT	AAT	GA	-0.69131	0.02272	0.01576	0.69131	0.01138	0.01576
AGC	TGC	AT	1.35845	0.02193	0.04011	-1.35845	0.08532	0.04011
AGC	CGC	AC	0.60299	0.01427	0.01900	-0.60299	0.02607	0.01900
AGC	ATC	GT	-0.58563	0.02193	0.01613	0.58563	0.01221	0.01613
AGC	ACC	GC	-0.96639	0.01427	0.00847	0.96639	0.00543	0.00847
AGC	AAC	GA	-0.64479	0.03408	0.02427	0.64479	0.01788	0.02427
AGC	AGT	CT	-0.83563	0.02628	0.01681	0.83563	0.01140	0.01681
AGA	CGA	AC	-0.40861	0.01427	0.01155	0.40861	0.00948	0.01155
AGA	ATA	GT	-9.99578	0.02193	0.00001	9.99578	0.00000	0.00000
AGA	ACA	GC	-0.74325	0.01427	0.00961	0.74325	0.00678	0.00961
AGA	AAA	GA	-0.33464	0.03408	0.02869	0.33464	0.02439	0.02869
AGA	AGT	AT	-0.14563	0.02193	0.02038	0.14563	0.01896	0.02038
AGA	AGC	AC	0.69000	0.01427	0.01975	-0.69000	0.02844	0.01975
AGG	TGG	AT	0.72984	0.01828	0.02575	-0.72984	0.03792	0.02575
AGG	CGG	AC	0.17917	0.01189	0.01298	-0.17917	0.01422	0.01298
AGG	ATG	GT	-0.03558	0.01828	0.01795	0.03558	0.01764	0.01795
AGG	ACG	GC	0.82537	0.01189	0.01746	-0.82537	0.02714	0.01746
AGG	AAG	GA	-0.02715	0.02840	0.02802	0.02715	0.02764	0.02802
AGG	AGT	GT	-0.52109	0.01828	0.01393	0.52109	0.01085	0.01393
AGG	AGC	GC	0.31454	0.01189	0.01386	-0.31454	0.01628	0.01386
AGG	AGA	GA	-0.37546	0.02840	0.02340	0.37546	0.01951	0.02340
GTT	TTT	GT	-0.64625	0.03107	0.02211	0.64625	0.01628	0.02211
GTT	CTT	GC	0.00706	0.02021	0.02028	-0.00706	0.02035	0.02028
GTT	ATT	GA	-3.39099	0.04828	0.00571	3.39099	0.00163	0.00571
GTC	TTC	GT	-0.73978	0.02559	0.01728	0.73978	0.01221	0.01728
GTC	CTC	GC	0.05811	0.01664	0.01713	-0.05811	0.01764	0.01713
GTC	ATC	GA	-0.99961	0.03976	0.02314	0.99961	0.01463	0.02314
GTC	GTT	CT	-0.23601	0.03066	0.02719	0.23601	0.02422	0.02719
GTA	TTA	GT	-0.99109	0.01462	0.00855	0.99109	0.00543	0.00855
GTA	CTA	GC	-0.84861	0.00951	0.00604	0.84861	0.00407	0.00604
GTA	ATA	GA	-9.85014	0.02272	0.00001	9.85014	0.00000	0.00000
GTA	GTT	AT	1.01360	0.01462	0.02326	-1.01360	0.04029	0.02326
GTA	GTC	AC	1.24962	0.00951	0.01666	-1.24962	0.03318	0.01666
GTG	TTG	GT	0.02748	0.02376	0.02409	-0.02748	0.02442	0.02409
GTG	CTG	GC	-0.82329	0.01545	0.00996	0.82329	0.00678	0.00996
GTG	ATG	GA	-0.55778	0.03692	0.02758	0.55778	0.02114	0.02758
GTG	GTT	GT	-0.02968	0.02376	0.02341	0.02968	0.02307	0.02341
GTG	GTC	GC	0.20633	0.01545	0.01710	-0.20633	0.01900	0.01710
GTG	GTA	GA	-1.04329	0.03692	0.02095	1.04329	0.01301	0.02095
GCT	TCT	GT	-1.02619	0.05301	0.03038	1.02619	0.01900	0.03038
GCT	CCT	GC	-1.28917	0.03448	0.01690	1.28917	0.00950	0.01690
GCT	ACT	GA	-1.84563	0.08236	0.02851	1.84563	0.01301	0.02851
GCT	GTT	CT	-0.96425	0.06351	0.03774	0.96425	0.02422	0.03774
GCC	TCC	GT	-0.14380	0.03290	0.03059	0.14380	0.02849	0.03059
GCC	CCC	GC	-1.65954	0.02140	0.00834	1.65954	0.00407	0.00834
GCC	ACC	GA	-2.06186	0.05112	0.01536	2.06186	0.00650	0.01536
GCC	GTC	CT	-0.68148	0.03942	0.02750	0.68148	0.01994	0.02750
GCC	GCT	CT	0.04676	0.03942	0.04035	-0.04676	0.04131	0.04035
GCA	TCA	GT	-0.58563	0.02193	0.01613	0.58563	0.01221	0.01613
GCA	CCA	GC	-0.27325	0.01427	0.01241	0.27325	0.01085	0.01241
GCA	ACA	GA	-1.43325	0.03408	0.01530	1.43325	0.00813	0.01530
GCA	GTA	CT	-0.83563	0.02628	0.01681	0.83563	0.01140	0.01681
GCA	GCT	AT	1.14222	0.02193	0.03679	-1.14222	0.06873	0.03679
GCA	GCC	AC	1.09546	0.01427	0.02348	-1.09546	0.04266	0.02348
GCG	TCG	GT	-0.52109	0.04570	0.03482	0.52109	0.02714	0.03482
GCG	CCG	GC	-1.70036	0.02972	0.01129	1.70036	0.00543	0.01129
GCG	ACG	GA	-0.78092	0.07100	0.04685	0.78092	0.03252	0.04685
GCG	GTG	CT	-1.08409	0.05475	0.03033	1.08409	0.01852	0.03033
GCG	GCT	GT	-0.14953	0.04570	0.04236	0.14953	0.03935	0.04236
GCG	GCC	GC	-0.19628	0.02972	0.02690	0.19628	0.02442	0.02690
GCG	GCA	GA	-1.29175	0.07100	0.03475	1.29175	0.01951	0.03475
GAT	TAT	GT	-2.53154	0.05118	0.01120	2.53154	0.00407	0.01120
GAT	CAT	GC	-0.71508	0.03329	0.02279	0.71508	0.01628	0.02279
GAT	AAT	GA	-1.94407	0.07952	0.02582	1.94407	0.01138	0.02582
GAT	GTT	AT	-0.23916	0.05118	0.04530	0.23916	0.04029	0.04530
GAT	GCT	AC	0.72509	0.03329	0.04680	-0.72509	0.06873	0.04680
GAC	TAC	GT	-1.90738	0.03656	0.01216	1.90738	0.00543	0.01216
GAC	CAC	GC	0.18101	0.02378	0.02599	-0.18101	0.02849	0.02599
GAC	AAC	GA	-1.15562	0.05680	0.03016	1.15562	0.01788	0.03016
GAC	GTC	AT	-0.09684	0.03656	0.03481	0.09684	0.03318	0.03481
GAC	GCC	AC	0.58464	0.02378	0.03140	-0.58464	0.04266	0.03140
GAC	GAT	CT	-0.09369	0.04380	0.04178	0.09369	0.03988	0.04178
GAA	CAA	GC	-0.49639	0.01783	0.01377	0.49639	0.01085	0.01377
GAA	AAA	GA	-0.55778	0.04260	0.03182	0.55778	0.02439	0.03182
GAA	GTA	AT	-0.36878	0.02742	0.02267	0.36878	0.01896	0.02267
GAA	GCA	AC	0.46686	0.01783	0.02232	-0.46686	0.02844	0.02232
GAA	GAT	AT	0.88399	0.02742	0.04130	-0.88399	0.06636	0.04130
GAA	GAC	AC	0.97768	0.01783	0.02795	-0.97768	0.04740	0.02795
GAG	CAG	GC	-0.39841	0.02021	0.01645	0.39841	0.01357	0.01645
GAG	AAG	GA	-0.55778	0.04828	0.03606	0.55778	0.02764	0.03606
GAG	GTG	AT	-0.00843	0.03107	0.03094	0.00843	0.03081	0.03094
GAG	GCG	AC	1.07566	0.02021	0.03299	-1.07566	0.05925	0.03299
GAG	GAT	GT	0.20104	0.03107	0.03430	-0.20104	0.03799	0.03430
GAG	GAC	GC	0.29474	0.02021	0.02333	-0.29474	0.02714	0.02333
GAG	GAA	GA	-0.68294	0.04828	0.03366	0.68294	0.02439	0.03366
GGT	TGT	GT	0.68288	0.01645	0.02270	-0.68288	0.03256	0.02270
GGT	CGT	GC	0.76821	0.01070	0.01533	-0.76821	0.02307	0.01533
GGT	AGT	GA	-0.67556	0.02556	0.01789	0.67556	0.01301	0.01789
GGT	GTT	GT	0.33804	0.01645	0.01939	-0.33804	0.02307	0.01939
GGT	GCT	GC	1.30229	0.01070	0.01914	-1.30229	0.03935	0.01914
GGT	GAT	GA	0.57720	0.02556	0.03364	-0.57720	0.04552	0.03364
GGC	TGC	GT	1.49381	0.01097	0.02113	-1.49381	0.04885	0.02113
GGC	CGC	GC	0.73836	0.00713	0.01009	-0.73836	0.01493	0.01009
GGC	AGC	GA	0.13537	0.01704	0.01822	-0.13537	0.01951	0.01822
GGC	GTC	GT	0.54935	0.01097	0.01425	-0.54935	0.01900	0.01425
GGC	GCC	GC	1.23083	0.00713	0.01240	-1.23083	0.02442	0.01240
GGC	GAC	GA	0.64619	0.01704	0.02313	-0.64619	0.03252	0.02313
GGC	GGT	CT	-0.02470	0.01314	0.01298	0.02470	0.01282	0.01298
GGA	CGA	GC	-1.12054	0.01664	0.00902	1.12054	0.00543	0.00902
GGA	AGA	GA	-0.71193	0.03976	0.02727	0.71193	0.01951	0.02727
GGA	GTA	GT	-0.85756	0.02559	0.01617	0.85756	0.01085	0.01617
GGA	GCA	GC	-0.02193	0.01664	0.01646	0.02193	0.01628	0.01646
GGA	GAA	GA	-0.48879	0.03976	0.03083	0.48879	0.02439	0.03083
GGA	GGT	AT	-0.18200	0.02559	0.02333	0.18200	0.02133	0.02333
GGA	GGC	AC	-0.15730	0.01664	0.01537	0.15730	0.01422	0.01537
GGG	TGG	GT	1.37603	0.00548	0.01010	-1.37603	0.02171	0.01010
GGG	CGG	GC	0.82537	0.00357	0.00524	-0.82537	0.00814	0.00524
GGG	AGG	GA	0.64619	0.00852	0.01157	-0.64619	0.01626	0.01157
GGG	GTG	GT	1.16839	0.00548	0.00930	-1.16839	0.01764	0.00930
GGG	GCG	GC	2.25248	0.00357	0.00898	-2.25248	0.03392	0.00898
GGG	GAG	GA	1.17682	0.00852	0.01449	-1.17682	0.02764	0.01449
GGG	GGT	GT	0.80067	0.00548	0.00797	-0.80067	0.01221	0.00797
GGG	GGC	GC	0.82537	0.00357	0.00524	-0.82537	0.00814	0.00524
GGG	GGA	GA	0.98267	0.00852	0.01338	-0.98267	0.02276	0.01338


Histograms
2Ns	FMut	FSub(CodonUsage)	FSubw(after w)

-9.84348	0.01141	0.00001
-8.85913	0.00241	0.00000
-7.87478	0.00021	0.00000
-6.89043	0.00000	0.00000
-5.90609	0.00000	0.00000
-4.92174	0.00000	0.00000
-3.93739	0.00000	0.00000
-2.95304	0.03455	0.00738
-1.96870	0.09848	0.04024
-0.98435	0.36609	0.26768
0.00000	0.31620	0.36939
0.98435	0.15276	0.26768
1.96870	0.01576	0.04024
2.95304	0.00213	0.00738
3.93739	0.00000	0.00000
4.92174	0.00000	0.00000
5.90609	0.00000	0.00000
6.89043	0.00000	0.00000
7.87478	0.00000	0.00000
8.85913	0.00000	0.00000
9.84348	0.00000	0.00000

Proportion of advantageous (S > 0) mutations:
 0.31233

Proportions of good & bad mutations (|S| > 2.0000) among mutations:
0.00523  0.07575

mean |Ns| = 0.97980	mean Ns+ = 0.61238	mean Ns- = -1.14668


MLEs of dN/dS (w) for site classes (K=4)

site class             0        1       2a       2b
proportion       0.61962  0.11655  0.22206  0.04177
background w     0.06246  1.00000  0.06246  1.00000
foreground w     0.06246  1.00000  2.46345  2.46345

Naive Empirical Bayes (NEB) probabilities for 4 classes
(amino acids refer to 1st sequence: AT2G33500_AT2G33500.1_Athaliana_Araport11)

   1 M   0.98398 0.00000 0.01602 0.00000 ( 1)
   2 -   0.71493 0.02123 0.25622 0.00761 ( 1)
   3 -   0.25430 0.48187 0.09114 0.17269 ( 2)
   4 -   0.58543 0.15074 0.20981 0.05402 ( 1)
   5 -   0.67613 0.06004 0.24231 0.02152 ( 1)
   6 -   0.72535 0.01082 0.25995 0.00388 ( 1)
   7 -   0.71756 0.01861 0.25716 0.00667 ( 1)
   8 -   0.63841 0.09776 0.22880 0.03503 ( 1)
   9 -   0.33751 0.39866 0.12096 0.14287 ( 2)
  10 -   0.73176 0.00441 0.26225 0.00158 ( 1)
  11 G   0.41319 0.07462 0.48943 0.02276 ( 3)
  12 T   0.01186 0.10745 0.83406 0.04662 ( 3)
  13 S   0.35396 0.38221 0.12685 0.13698 ( 2)
  14 T   0.01534 0.74906 0.01814 0.21745 ( 2)
  15 T   0.17754 0.31865 0.40701 0.09680 ( 3)
  16 V   0.94320 0.00174 0.05457 0.00049 ( 1)
  17 A   0.00267 0.64076 0.07836 0.27820 ( 2)
  18 C   0.92983 0.00002 0.07014 0.00001 ( 1)
  19 E   0.96142 0.00020 0.03833 0.00004 ( 1)
  20 F   0.31649 0.27687 0.31564 0.09100 ( 1)
  21 C   0.93242 0.00003 0.06755 0.00001 ( 1)
  22 G   0.30429 0.01079 0.68138 0.00355 ( 3)
  23 E   0.01309 0.03502 0.93669 0.01519 ( 3)
  24 R   0.37426 0.02133 0.59733 0.00708 ( 3)
  25 T   0.01145 0.08024 0.86622 0.04209 ( 3)
  26 A   0.94224 0.00003 0.05772 0.00001 ( 1)
  27 V   0.38370 0.06185 0.53009 0.02436 ( 3)
  28 L   0.16188 0.00465 0.83157 0.00190 ( 3)
  29 F   0.75061 0.00000 0.24939 0.00000 ( 1)
  30 C   0.93112 0.00002 0.06885 0.00000 ( 1)
  31 R   0.27369 0.21479 0.42393 0.08759 ( 3)
  32 A   0.94278 0.00003 0.05718 0.00001 ( 1)
  33 D   0.95727 0.00001 0.04273 0.00000 ( 1)
  34 T   0.36601 0.03712 0.58546 0.01140 ( 3)
  35 A   0.93700 0.00004 0.06295 0.00001 ( 1)
  36 K   0.98046 0.00015 0.01936 0.00003 ( 1)
  37 L   0.96576 0.00000 0.03423 0.00000 ( 1)
  38 C   0.93242 0.00003 0.06755 0.00000 ( 1)
  39 L   0.01621 0.02717 0.94534 0.01128 ( 3)
  40 P   0.07624 0.61558 0.09165 0.21653 ( 2)
  41 C   0.93189 0.00002 0.06808 0.00000 ( 1)
  42 D   0.96896 0.00000 0.03104 0.00000 ( 1)
  43 Q   0.80715 0.11113 0.04515 0.03657 ( 1)
  44 H   0.00155 0.63245 0.10057 0.26543 ( 2)
  45 V   0.98355 0.00001 0.01644 0.00000 ( 1)
  46 H   0.96481 0.00000 0.03519 0.00000 ( 1)
  47 S   0.33145 0.22556 0.38157 0.06142 ( 3)
  48 A   0.93490 0.00004 0.06506 0.00001 ( 1)
  49 N   0.98596 0.00000 0.01404 0.00000 ( 1)
  50 L   0.07028 0.01024 0.91560 0.00388 ( 3)
  51 L   0.95546 0.00002 0.04451 0.00001 ( 1)
  52 S   0.93956 0.00262 0.05718 0.00064 ( 1)
  53 R   0.01134 0.28397 0.56549 0.13919 ( 3)
  54 K   0.94102 0.00007 0.05889 0.00002 ( 1)
  55 H   0.96487 0.00000 0.03513 0.00000 ( 1)
  56 V   0.97289 0.00017 0.02691 0.00004 ( 1)
  57 R   0.95761 0.00002 0.04236 0.00000 ( 1)
  58 S   0.96149 0.00050 0.03789 0.00013 ( 1)
  59 Q   0.43872 0.00238 0.55825 0.00065 ( 3)
  60 I   0.95659 0.00003 0.04338 0.00001 ( 1)
  61 C   0.92705 0.00149 0.07093 0.00053 ( 1)
  62 D   0.83662 0.00269 0.15972 0.00096 ( 1)
  63 N   0.32760 0.21750 0.37694 0.07796 ( 3)
  64 C   0.91343 0.00143 0.08463 0.00051 ( 1)
  65 S   0.32465 0.25126 0.33401 0.09009 ( 3)
  66 K   0.68673 0.11917 0.15141 0.04269 ( 1)
  67 E   0.69086 0.14106 0.11756 0.05052 ( 1)
  68 P   0.95702 0.00024 0.04266 0.00008 ( 1)
  69 V   0.67994 0.12613 0.14876 0.04518 ( 1)
  70 S   0.28226 0.02465 0.68425 0.00884 ( 3)
  71 V   0.89424 0.01273 0.08848 0.00456 ( 1)
  72 R   0.29559 0.27080 0.33649 0.09712 ( 3)
  73 C   0.91368 0.00140 0.08442 0.00050 ( 1)
  74 F   0.40887 0.21347 0.30114 0.07652 ( 1)
  75 T   0.75212 0.00217 0.24493 0.00078 ( 1)
  76 D   0.91445 0.00434 0.07966 0.00155 ( 1)
  77 N   0.34384 0.05791 0.57750 0.02075 ( 3)
  78 L   0.41267 0.17723 0.34655 0.06355 ( 1)
  79 V   0.65485 0.05865 0.26549 0.02101 ( 1)
  80 L   0.93534 0.00165 0.06241 0.00059 ( 1)
  81 C   0.91372 0.00118 0.08468 0.00042 ( 1)
  82 Q   0.30698 0.00505 0.68617 0.00181 ( 3)
  83 E   0.57152 0.07214 0.33049 0.02585 ( 1)
  84 C   0.91372 0.00118 0.08468 0.00042 ( 1)
  85 D   0.93801 0.00104 0.06058 0.00037 ( 1)
  86 W   0.73240 0.00151 0.26555 0.00054 ( 1)
  87 D   0.83237 0.04249 0.10993 0.01521 ( 1)
  88 V   0.59450 0.16314 0.18390 0.05846 ( 1)
  89 H   0.94523 0.00051 0.05408 0.00018 ( 1)
  90 G   0.38897 0.25404 0.26592 0.09107 ( 1)
  91 S   0.35818 0.06372 0.55525 0.02285 ( 3)
  92 C   0.47748 0.08872 0.40199 0.03181 ( 1)
  93 S   0.72040 0.04882 0.21328 0.01750 ( 1)
  94 S   0.05761 0.65276 0.05565 0.23398 ( 2)
  95 S   0.93323 0.00172 0.06442 0.00062 ( 1)
  96 A   0.03171 0.66264 0.06796 0.23769 ( 2)
  97 T   0.07628 0.65737 0.03063 0.23572 ( 2)
  98 H   0.94460 0.00034 0.05494 0.00012 ( 1)
  99 E   0.12702 0.62735 0.02090 0.22472 ( 2)
 100 R   0.93344 0.00113 0.06502 0.00040 ( 1)
 101 S   0.13997 0.48527 0.20080 0.17397 ( 2)
 102 A   0.89327 0.01577 0.08531 0.00565 ( 1)
 103 V   0.82358 0.01834 0.15150 0.00657 ( 1)
 104 -   0.93403 0.00901 0.05496 0.00200 ( 1)
 105 -   0.90403 0.03575 0.05249 0.00773 ( 1)
 106 -   0.81835 0.06141 0.10355 0.01668 ( 1)
 107 -   0.66475 0.20586 0.07316 0.05623 ( 1)
 108 -   0.26204 0.36132 0.26961 0.10702 ( 2)
 109 -   0.02260 0.70202 0.02632 0.24906 ( 2)
 110 -   0.00850 0.72325 0.01819 0.25007 ( 2)
 111 -   0.01048 0.73170 0.00074 0.25708 ( 2)
 112 -   0.00018 0.69345 0.01450 0.29187 ( 2)
 113 -   0.81190 0.11329 0.04166 0.03315 ( 1)
 114 -   0.83287 0.04411 0.11054 0.01248 ( 1)
 115 -   0.94683 0.00192 0.05082 0.00043 ( 1)
 116 -   0.33944 0.39673 0.12165 0.14218 ( 2)
 117 -   0.98003 0.00018 0.01976 0.00003 ( 1)
 118 -   0.10393 0.05346 0.82310 0.01951 ( 3)
 119 E   0.96763 0.00077 0.03140 0.00020 ( 1)
 120 G   0.96201 0.00000 0.03798 0.00000 ( 1)
 121 F   0.68076 0.00000 0.31923 0.00000 ( 1)
 122 S   0.06008 0.01208 0.92338 0.00446 ( 3)
 123 -   0.72471 0.01146 0.25972 0.00411 ( 1)
 124 -   0.73250 0.00367 0.26252 0.00131 ( 1)
 125 -   0.72496 0.01121 0.25981 0.00402 ( 1)
 126 -   0.72937 0.00680 0.26139 0.00244 ( 1)
 127 -   0.73357 0.00260 0.26290 0.00093 ( 1)
 128 -   0.73374 0.00243 0.26296 0.00087 ( 1)
 129 -   0.72557 0.01060 0.26003 0.00380 ( 1)
 130 -   0.71241 0.02375 0.25532 0.00851 ( 1)
 131 G   0.73369 0.00248 0.26294 0.00089 ( 1)
 132 C   0.72914 0.00702 0.26131 0.00252 ( 1)
 133 P   0.73366 0.00251 0.26293 0.00090 ( 1)
 134 S   0.72845 0.00772 0.26107 0.00277 ( 1)
 135 V   0.61628 0.11989 0.22087 0.04296 ( 1)
 136 L   0.67802 0.05815 0.24299 0.02084 ( 1)
 137 E   0.73287 0.00330 0.26265 0.00118 ( 1)
 138 L   0.72698 0.00919 0.26054 0.00329 ( 1)
 139 A   0.44919 0.28698 0.16098 0.10285 ( 1)
 140 A   0.72468 0.01149 0.25971 0.00412 ( 1)
 141 V   0.43949 0.29668 0.15751 0.10633 ( 1)
 142 W   0.52491 0.21126 0.18812 0.07571 ( 1)
 143 G   0.73069 0.00548 0.26187 0.00196 ( 1)
 144 I   0.54549 0.19068 0.19549 0.06834 ( 1)
 145 D   0.73059 0.00558 0.26183 0.00200 ( 1)
 146 E   0.56226 0.17391 0.20150 0.06233 ( 1)
 147 L   0.63463 0.10154 0.22744 0.03639 ( 1)
 148 T   0.65511 0.08106 0.23478 0.02905 ( 1)
 149 L   0.72744 0.00873 0.26070 0.00313 ( 1)
 150 D   0.73059 0.00558 0.26183 0.00200 ( 1)
 151 S   0.72902 0.00715 0.26127 0.00256 ( 1)
 152 W   0.73453 0.00164 0.26324 0.00059 ( 1)
 153 G   0.42290 0.31327 0.15156 0.11227 ( 1)
 154 S   0.57390 0.16227 0.20568 0.05816 ( 1)
 155 G   0.70229 0.03388 0.25169 0.01214 ( 1)


lnL = -2122.589016

Bayes Empirical Bayes (BEB) probabilities for 4 classes (class)
(amino acids refer to 1st sequence: AT2G33500_AT2G33500.1_Athaliana_Araport11)

   1 M   0.98779 0.00000 0.01221 0.00000 ( 1)
   2 -   0.71619 0.03408 0.23839 0.01133 ( 1)
   3 -   0.15255 0.59772 0.05073 0.19900 ( 2)
   4 -   0.49934 0.25093 0.16618 0.08354 ( 1)
   5 -   0.65481 0.09546 0.21796 0.03176 ( 1)
   6 -   0.73560 0.01468 0.24485 0.00488 ( 1)
   7 -   0.72127 0.02900 0.24008 0.00964 ( 1)
   8 -   0.59881 0.15147 0.19931 0.05041 ( 1)
   9 -   0.22302 0.52725 0.07417 0.17555 ( 2)
  10 -   0.74443 0.00584 0.24778 0.00194 ( 1)
  11 G   0.37409 0.14875 0.44032 0.03684 ( 3)
  12 T   0.00719 0.24265 0.66413 0.08602 ( 3)
  13 S   0.21159 0.53868 0.07037 0.17936 ( 2)
  14 T   0.00506 0.80408 0.00555 0.18530 ( 2)
  15 T   0.10539 0.51700 0.24528 0.13233 ( 2)
  16 V   0.95003 0.00286 0.04636 0.00075 ( 1)
  17 A   0.00071 0.68351 0.03184 0.28394 ( 2)
  18 C   0.94710 0.00003 0.05287 0.00000 ( 1)
  19 E   0.96976 0.00029 0.02989 0.00005 ( 1)
  20 F   0.18641 0.49086 0.18413 0.13859 ( 2)
  21 C   0.95359 0.00004 0.04637 0.00001 ( 1)
  22 G   0.26977 0.02360 0.69970 0.00692 ( 3)
  23 E   0.00953 0.08463 0.87663 0.02920 ( 3)
  24 R   0.35518 0.04207 0.59054 0.01222 ( 3)
  25 T   0.00640 0.15161 0.76748 0.07451 ( 3)
  26 A   0.95132 0.00004 0.04863 0.00001 ( 1)
  27 V   0.32785 0.13708 0.48755 0.04751 ( 3)
  28 L   0.13082 0.00788 0.85829 0.00301 ( 3)
  29 F   0.74924 0.00000 0.25076 0.00000 ( 1)
  30 C   0.95035 0.00003 0.04962 0.00000 ( 1)
  31 R   0.16836 0.37310 0.30907 0.14946 ( 2)
  32 A   0.95129 0.00004 0.04866 0.00001 ( 1)
  33 D   0.96361 0.00001 0.03639 0.00000 ( 1)
  34 T   0.35181 0.09257 0.53221 0.02341 ( 3)
  35 A   0.94702 0.00004 0.05293 0.00001 ( 1)
  36 K   0.98363 0.00028 0.01603 0.00006 ( 1)
  37 L   0.97230 0.00000 0.02770 0.00000 ( 1)
  38 C   0.95359 0.00003 0.04637 0.00000 ( 1)
  39 L   0.01079 0.05176 0.91907 0.01838 ( 3)
  40 P   0.02762 0.71017 0.03554 0.22667 ( 2)
  41 C   0.95227 0.00003 0.04770 0.00000 ( 1)
  42 D   0.97527 0.00000 0.02473 0.00000 ( 1)
  43 Q   0.63766 0.25437 0.03034 0.07763 ( 1)
  44 H   0.00039 0.70362 0.03707 0.25893 ( 2)
  45 V   0.98667 0.00002 0.01331 0.00000 ( 1)
  46 H   0.97451 0.00000 0.02549 0.00000 ( 1)
  47 S   0.22486 0.41441 0.26309 0.09763 ( 2)
  48 A   0.94912 0.00004 0.05083 0.00001 ( 1)
  49 N   0.98845 0.00000 0.01155 0.00000 ( 1)
  50 L   0.05652 0.02396 0.91192 0.00760 ( 3)
  51 L   0.96122 0.00002 0.03875 0.00001 ( 1)
  52 S   0.94641 0.00459 0.04801 0.00099 ( 1)
  53 R   0.00514 0.42582 0.37750 0.19155 ( 2)
  54 K   0.94805 0.00009 0.05184 0.00002 ( 1)
  55 H   0.97460 0.00000 0.02539 0.00000 ( 1)
  56 V   0.97839 0.00026 0.02129 0.00006 ( 1)
  57 R   0.96546 0.00002 0.03452 0.00000 ( 1)
  58 S   0.96679 0.00085 0.03217 0.00019 ( 1)
  59 Q   0.43668 0.00498 0.55721 0.00112 ( 3)
  60 I   0.95996 0.00004 0.03999 0.00001 ( 1)
  61 C   0.94527 0.00177 0.05237 0.00060 ( 1)
  62 D   0.84796 0.00358 0.14725 0.00120 ( 1)
  63 N   0.21349 0.35681 0.31333 0.11638 ( 2)
  64 C   0.93793 0.00172 0.05977 0.00058 ( 1)
  65 S   0.21434 0.38965 0.26858 0.12743 ( 2)
  66 K   0.60337 0.20534 0.12256 0.06873 ( 1)
  67 E   0.60774 0.23132 0.08320 0.07775 ( 1)
  68 P   0.96912 0.00022 0.03058 0.00008 ( 1)
  69 V   0.60314 0.21110 0.11500 0.07076 ( 1)
  70 S   0.21797 0.03457 0.73660 0.01085 ( 3)
  71 V   0.90381 0.01775 0.07241 0.00603 ( 1)
  72 R   0.18476 0.41368 0.26595 0.13561 ( 2)
  73 C   0.93812 0.00169 0.05962 0.00057 ( 1)
  74 F   0.28747 0.35710 0.23796 0.11747 ( 2)
  75 T   0.74923 0.00285 0.24697 0.00095 ( 1)
  76 D   0.92803 0.00595 0.06400 0.00202 ( 1)
  77 N   0.27370 0.11076 0.58029 0.03524 ( 3)
  78 L   0.31701 0.28367 0.30647 0.09285 ( 1)
  79 V   0.62001 0.09461 0.25411 0.03126 ( 1)
  80 L   0.94819 0.00183 0.04936 0.00062 ( 1)
  81 C   0.93829 0.00142 0.05981 0.00048 ( 1)
  82 Q   0.25271 0.00706 0.73804 0.00220 ( 3)
  83 E   0.51353 0.13431 0.30808 0.04408 ( 1)
  84 C   0.93829 0.00142 0.05981 0.00048 ( 1)
  85 D   0.95185 0.00111 0.04665 0.00038 ( 1)
  86 W   0.73621 0.00204 0.26108 0.00067 ( 1)
  87 D   0.81567 0.07225 0.08767 0.02442 ( 1)
  88 V   0.48524 0.27746 0.14484 0.09246 ( 1)
  89 H   0.96051 0.00055 0.03875 0.00019 ( 1)
  90 G   0.27424 0.39532 0.20005 0.13039 ( 2)
  91 S   0.28574 0.09654 0.58694 0.03078 ( 3)
  92 C   0.40773 0.13390 0.41488 0.04349 ( 3)
  93 S   0.69429 0.08221 0.19611 0.02740 ( 1)
  94 S   0.02653 0.70704 0.03146 0.23497 ( 2)
  95 S   0.94592 0.00199 0.05140 0.00068 ( 1)
  96 A   0.01231 0.71226 0.03871 0.23673 ( 2)
  97 T   0.03413 0.71434 0.01361 0.23792 ( 2)
  98 H   0.96023 0.00035 0.03930 0.00012 ( 1)
  99 E   0.06229 0.69706 0.00850 0.23215 ( 2)
 100 R   0.94780 0.00121 0.05057 0.00041 ( 1)
 101 S   0.06542 0.60937 0.12397 0.20124 ( 2)
 102 A   0.90870 0.02058 0.06372 0.00700 ( 1)
 103 V   0.81986 0.02889 0.14154 0.00972 ( 1)
 104 -   0.94057 0.01446 0.04226 0.00270 ( 1)
 105 -   0.89034 0.05756 0.04103 0.01107 ( 1)
 106 -   0.79776 0.09879 0.08063 0.02283 ( 1)
 107 -   0.53851 0.33331 0.04717 0.08101 ( 1)
 108 -   0.17632 0.48150 0.21152 0.13066 ( 2)
 109 -   0.00927 0.72444 0.01263 0.25366 ( 2)
 110 -   0.00346 0.74502 0.00853 0.24299 ( 2)
 111 -   0.00372 0.74962 0.00023 0.24643 ( 2)
 112 -   0.00006 0.71333 0.00803 0.27858 ( 2)
 113 -   0.71820 0.19573 0.03201 0.05406 ( 1)
 114 -   0.81608 0.07107 0.09428 0.01857 ( 1)
 115 -   0.95857 0.00253 0.03845 0.00045 ( 1)
 116 -   0.22420 0.52607 0.07456 0.17516 ( 2)
 117 -   0.98488 0.00023 0.01485 0.00003 ( 1)
 118 -   0.07743 0.09393 0.79922 0.02942 ( 3)
 119 E   0.97414 0.00115 0.02445 0.00027 ( 1)
 120 G   0.97297 0.00000 0.02703 0.00000 ( 1)
 121 F   0.67552 0.00000 0.32448 0.00000 ( 1)
 122 S   0.04669 0.02329 0.92286 0.00716 ( 3)
 123 -   0.73499 0.01528 0.24464 0.00508 ( 1)
 124 -   0.74542 0.00486 0.24811 0.00162 ( 1)
 125 -   0.73507 0.01521 0.24467 0.00506 ( 1)
 126 -   0.74125 0.00902 0.24673 0.00300 ( 1)
 127 -   0.74689 0.00338 0.24860 0.00112 ( 1)
 128 -   0.74712 0.00316 0.24868 0.00105 ( 1)
 129 -   0.73623 0.01405 0.24505 0.00467 ( 1)
 130 -   0.71303 0.03725 0.23734 0.01239 ( 1)
 131 G   0.74738 0.00289 0.24876 0.00096 ( 1)
 132 C   0.74116 0.00911 0.24670 0.00303 ( 1)
 133 P   0.74736 0.00291 0.24876 0.00097 ( 1)
 134 S   0.74034 0.00993 0.24642 0.00330 ( 1)
 135 V   0.57919 0.17108 0.19278 0.05694 ( 1)
 136 L   0.66138 0.08889 0.22015 0.02957 ( 1)
 137 E   0.74630 0.00397 0.24841 0.00132 ( 1)
 138 L   0.73866 0.01161 0.24586 0.00386 ( 1)
 139 A   0.33325 0.41702 0.11086 0.13886 ( 2)
 140 A   0.73539 0.01489 0.24478 0.00495 ( 1)
 141 V   0.33308 0.41720 0.11080 0.13892 ( 2)
 142 W   0.41938 0.33090 0.13954 0.11018 ( 1)
 143 G   0.74372 0.00655 0.24755 0.00218 ( 1)
 144 I   0.47015 0.28012 0.15646 0.09327 ( 1)
 145 D   0.74333 0.00695 0.24742 0.00231 ( 1)
 146 E   0.47872 0.27155 0.15931 0.09041 ( 1)
 147 L   0.60228 0.14799 0.20047 0.04925 ( 1)
 148 T   0.63401 0.11626 0.21104 0.03869 ( 1)
 149 L   0.73928 0.01100 0.24607 0.00366 ( 1)
 150 D   0.74333 0.00695 0.24742 0.00231 ( 1)
 151 S   0.74108 0.00919 0.24667 0.00306 ( 1)
 152 W   0.74828 0.00200 0.24906 0.00066 ( 1)
 153 G   0.31398 0.43629 0.10445 0.14528 ( 2)
 154 S   0.51944 0.23084 0.17288 0.07685 ( 1)
 155 G   0.69922 0.05105 0.23274 0.01698 ( 1)
