Supplemental results for CODEML (seqf: aligned.fas  treef: AT2G47890_AT2G47890.1_Athaliana_Araport11.treefile)

I	J	ij	2Ns_IJ	pMut_IJ	pSub_IJ	2Ns_JI	pMut_JI	pSub_JI

TTC	TTT	CT	-0.01340	0.01635	0.01624	0.01340	0.01613	0.01624
TTA	TTT	AT	1.80507	0.00608	0.01314	-1.80507	0.03698	0.01314
TTA	TTC	AC	1.81847	0.00450	0.00977	-1.81847	0.02774	0.00977
TTG	TTT	GT	-0.51932	0.02737	0.02087	0.51932	0.01628	0.02087
TTG	TTC	GC	-0.50593	0.02025	0.01556	0.50593	0.01221	0.01556
TTG	TTA	GA	-2.32440	0.06626	0.01670	2.32440	0.00648	0.01670
TCT	TTT	CT	-0.45523	0.02543	0.02008	0.45523	0.01613	0.02008
TCC	TTC	CT	-1.14838	0.03814	0.02034	1.14838	0.01210	0.02034
TCC	TCT	CT	-0.70654	0.03814	0.02624	0.70654	0.01882	0.02624
TCA	TTA	CT	-1.11201	0.01635	0.00891	1.11201	0.00538	0.00891
TCA	TCT	AT	1.14829	0.01368	0.02301	-1.14829	0.04314	0.02301
TCA	TCC	AC	1.85484	0.01013	0.02227	-1.85484	0.06472	0.02227
TCG	TTG	CT	-0.40644	0.03632	0.02944	0.40644	0.02419	0.02944
TCG	TCT	GT	-0.47053	0.03041	0.02381	0.47053	0.01900	0.02381
TCG	TCC	GC	0.23601	0.02250	0.02526	-0.23601	0.02849	0.02526
TCG	TCA	GA	-1.61883	0.07362	0.02945	1.61883	0.01459	0.02945
TAT	TTT	AT	2.09275	0.00456	0.01089	-2.09275	0.03698	0.01089
TAT	TCT	AC	2.54798	0.00338	0.00933	-2.54798	0.04314	0.00933
TAC	TTC	AT	1.51739	0.00608	0.01182	-1.51739	0.02774	0.01182
TAC	TCC	AC	2.66577	0.00450	0.01289	-2.66577	0.06472	0.01289
TAC	TAT	CT	-0.58876	0.00726	0.00533	0.58876	0.00403	0.00533
TGT	TTT	GT	-0.80701	0.03649	0.02373	0.80701	0.01628	0.02373
TGT	TCT	GC	-0.35178	0.02700	0.02253	0.35178	0.01900	0.02253
TGT	TAT	GA	-2.89976	0.08834	0.01492	2.89976	0.00486	0.01492
TGC	TTC	GT	-1.50015	0.05474	0.02358	1.50015	0.01221	0.02358
TGC	TCC	GC	-0.35178	0.04051	0.03380	0.35178	0.02849	0.03380
TGC	TAC	GA	-3.01754	0.13251	0.02057	3.01754	0.00648	0.02057
TGC	TGT	CT	-0.70654	0.06538	0.04498	0.70654	0.03226	0.04498
TGG	TTG	GT	0.00392	0.02433	0.02438	-0.00392	0.02442	0.02438
TGG	TCG	GC	0.41036	0.01800	0.02195	-0.41036	0.02714	0.02195
TGG	TGT	GT	0.29161	0.02433	0.02805	-0.29161	0.03256	0.02805
TGG	TGC	GC	0.99815	0.01800	0.02846	-0.99815	0.04885	0.02846
CTT	TTT	CT	-0.52422	0.02724	0.02072	0.52422	0.01613	0.02072
CTC	TTC	CT	-0.66880	0.02361	0.01659	0.66880	0.01210	0.01659
CTC	CTT	CT	-0.15798	0.02361	0.02179	0.15798	0.02016	0.02179
CTA	TTA	CT	-0.01340	0.00545	0.00541	0.01340	0.00538	0.00541
CTA	CTT	AT	2.31590	0.00456	0.01172	-2.31590	0.04623	0.01172
CTA	CTC	AC	2.47388	0.00338	0.00912	-2.47388	0.04006	0.00912
CTG	TTG	CT	0.97986	0.00908	0.01424	-0.97986	0.02419	0.01424
CTG	CTT	GT	0.98475	0.00760	0.01195	-0.98475	0.02035	0.01195
CTG	CTC	GC	1.14273	0.00563	0.00944	-1.14273	0.01764	0.00944
CTG	CTA	GA	-1.33114	0.01840	0.00880	1.33114	0.00486	0.00880
CCT	TCT	CT	0.39207	0.01271	0.01537	-0.39207	0.01882	0.01537
CCT	CTT	CT	0.46106	0.01271	0.01587	-0.46106	0.02016	0.01587
CCC	TCC	CT	1.64483	0.00545	0.01111	-1.64483	0.02822	0.01111
CCC	CTC	CT	1.16526	0.00545	0.00923	-1.16526	0.01747	0.00923
CCC	CCT	CT	0.54622	0.00545	0.00707	-0.54622	0.00941	0.00707
CCA	TCA	CT	-0.18330	0.01453	0.01324	0.18330	0.01210	0.01324
CCA	CTA	CT	-1.28191	0.01453	0.00715	1.28191	0.00403	0.00715
CCA	CCT	AT	0.57293	0.01216	0.01598	-0.57293	0.02157	0.01598
CCA	CCC	AC	0.02671	0.00900	0.00912	-0.02671	0.00925	0.00912
CCG	TCG	CT	1.30836	0.00726	0.01302	-1.30836	0.02688	0.01302
CCG	CTG	CT	-0.07794	0.00726	0.00699	0.07794	0.00672	0.00699
CCG	CCT	GT	0.44576	0.00608	0.00754	-0.44576	0.00950	0.00754
CCG	CCC	GC	-0.10046	0.00450	0.00428	0.10046	0.00407	0.00428
CCG	CCA	GA	-0.12717	0.01472	0.01381	0.12717	0.01297	0.01381
CAT	TAT	CT	-1.68737	0.02179	0.00835	1.68737	0.00403	0.00835
CAT	CTT	AT	0.92960	0.01825	0.02802	-0.92960	0.04623	0.02802
CAT	CCT	AC	0.46854	0.01350	0.01691	-0.46854	0.02157	0.01691
CAC	TAC	CT	-1.95931	0.03814	0.01226	1.95931	0.00538	0.01226
CAC	CTC	AT	0.22689	0.03193	0.03569	-0.22689	0.04006	0.03569
CAC	CCC	AC	-0.93837	0.02363	0.01425	0.93837	0.00925	0.01425
CAC	CAT	CT	-0.86069	0.03814	0.02405	0.86069	0.01613	0.02405
CAA	CTA	AT	-0.27437	0.01216	0.01057	0.27437	0.00925	0.01057
CAA	CCA	AC	1.00754	0.00900	0.01429	-1.00754	0.02465	0.01429
CAA	CAT	AT	1.11192	0.01216	0.02015	-1.11192	0.03698	0.02015
CAA	CAC	AC	1.97262	0.00900	0.02063	-1.97262	0.06472	0.02063
CAG	CTG	AT	0.01331	0.01520	0.01531	-0.01331	0.01541	0.01531
CAG	CCG	AC	0.09125	0.01125	0.01177	-0.09125	0.01233	0.01177
CAG	CAT	GT	0.06846	0.01520	0.01573	-0.06846	0.01628	0.01573
CAG	CAC	GC	0.92916	0.01125	0.01728	-0.92916	0.02849	0.01728
CAG	CAA	GA	-1.04346	0.03681	0.02089	1.04346	0.01297	0.02089
CGT	TGT	CT	0.04376	0.03087	0.03155	-0.04376	0.03226	0.03155
CGT	CTT	GT	-0.23902	0.02585	0.02288	0.23902	0.02035	0.02288
CGT	CCT	GC	-0.70008	0.01913	0.01321	0.70008	0.00950	0.01321
CGT	CAT	GA	-1.16863	0.06258	0.03298	1.16863	0.01945	0.03298
CGC	TGC	CT	0.88455	0.01998	0.03010	-0.88455	0.04838	0.03010
CGC	CTC	GT	0.05320	0.01673	0.01717	-0.05320	0.01764	0.01717
CGC	CCC	GC	-1.11206	0.01238	0.00675	1.11206	0.00407	0.00675
CGC	CAC	GA	-0.17369	0.04049	0.03708	0.17369	0.03403	0.03708
CGC	CGT	CT	0.13424	0.01998	0.02135	-0.13424	0.02285	0.02135
CGA	CTA	GT	-0.40154	0.00608	0.00494	0.40154	0.00407	0.00494
CGA	CCA	GC	0.88037	0.00450	0.00677	-0.88037	0.01085	0.00677
CGA	CAA	GA	-0.12717	0.01472	0.01381	0.12717	0.01297	0.01381
CGA	CGT	AT	2.15338	0.00608	0.01482	-2.15338	0.05239	0.01482
CGA	CGC	AC	2.01914	0.00450	0.01048	-2.01914	0.03390	0.01048
CGG	TGG	CT	0.67975	0.01090	0.01502	-0.67975	0.02150	0.01502
CGG	CTG	GT	-0.29618	0.00912	0.00784	0.29618	0.00678	0.00784
CGG	CCG	GC	-0.21825	0.00675	0.00604	0.21825	0.00543	0.00604
CGG	CAG	GA	-0.30949	0.02209	0.01884	0.30949	0.01621	0.01884
CGG	CGT	GT	0.92759	0.00912	0.01400	-0.92759	0.02307	0.01400
CGG	CGC	GC	0.79336	0.00675	0.00978	-0.79336	0.01493	0.00978
CGG	CGA	GA	-1.22578	0.02209	0.01125	1.22578	0.00648	0.01125
ATT	TTT	AT	3.19137	0.00152	0.00506	-3.19137	0.03698	0.00506
ATT	CTT	AC	3.71559	0.00113	0.00429	-3.71559	0.04623	0.00429
ATC	TTC	AT	0.70646	0.01368	0.01908	-0.70646	0.02774	0.01908
ATC	CTC	AC	1.37526	0.01013	0.01864	-1.37526	0.04006	0.01864
ATC	ATT	CT	-2.49830	0.01635	0.00366	2.49830	0.00134	0.00366
ATA	TTA	AT	9.30568	0.00000	0.00000	-9.30568	0.01233	0.00001
ATA	CTA	AC	9.31907	0.00000	0.00000	-9.31907	0.00925	0.00001
ATA	ATT	AT	7.91938	0.00000	0.00000	-7.91938	0.00308	0.00001
ATA	ATC	AC	10.41769	0.00000	0.00000	-10.41769	0.02774	0.00001
ATG	TTG	AT	1.03188	0.01977	0.03169	-1.03188	0.05547	0.03169
ATG	CTG	AC	0.05203	0.01463	0.01501	-0.05203	0.01541	0.01501
ATG	ATT	GT	-2.67881	0.01977	0.00390	2.67881	0.00136	0.00390
ATG	ATC	GC	-0.18051	0.01463	0.01335	0.18051	0.01221	0.01335
ATG	ATA	GA	-10.59819	0.04785	0.00001	10.59819	0.00000	0.00000
ACT	TCT	AT	1.26608	0.01216	0.02145	-1.26608	0.04314	0.02145
ACT	CCT	AC	0.87401	0.00900	0.01350	-0.87401	0.02157	0.01350
ACT	ATT	CT	-2.38052	0.01453	0.00353	2.38052	0.00134	0.00353
ACC	TCC	AT	2.36469	0.00608	0.01587	-2.36469	0.06472	0.01587
ACC	CCC	AC	0.71986	0.00450	0.00631	-0.71986	0.00925	0.00631
ACC	ATC	CT	0.50985	0.00726	0.00927	-0.50985	0.01210	0.00927
ACC	ACT	CT	0.39207	0.00726	0.00878	-0.39207	0.01075	0.00878
ACA	TCA	AT	1.29425	0.00760	0.01355	-1.29425	0.02774	0.01355
ACA	CCA	AC	1.47754	0.00563	0.01077	-1.47754	0.02465	0.01077
ACA	ATA	CT	-9.12344	0.00908	0.00001	9.12344	0.00000	0.00000
ACA	ACT	AT	1.17646	0.00760	0.01293	-1.17646	0.02465	0.01293
ACA	ACC	AC	0.78439	0.00563	0.00812	-0.78439	0.01233	0.00812
ACG	TCG	AT	0.70646	0.03041	0.04241	-0.70646	0.06163	0.04241
ACG	CCG	AC	-0.60190	0.02250	0.01641	0.60190	0.01233	0.01641
ACG	ATG	CT	-0.73186	0.03632	0.02464	0.73186	0.01747	0.02464
ACG	ACT	GT	-1.03015	0.03041	0.01739	1.03015	0.01085	0.01739
ACG	ACC	GC	-1.42222	0.02250	0.01017	1.42222	0.00543	0.01017
ACG	ACA	GA	-2.20661	0.07362	0.02009	2.20661	0.00810	0.02009
AAT	TAT	AT	-0.14084	0.01064	0.00991	0.14084	0.00925	0.00991
AAT	CAT	AC	1.54653	0.00788	0.01548	-1.54653	0.03698	0.01548
AAT	ATT	AT	-1.23945	0.01064	0.00538	1.23945	0.00308	0.00538
AAT	ACT	AC	1.14107	0.00788	0.01321	-1.14107	0.02465	0.01321
AAC	TAC	AT	-0.30514	0.01673	0.01430	0.30514	0.01233	0.01430
AAC	CAC	AC	1.65417	0.01238	0.02532	-1.65417	0.06472	0.02532
AAC	ATC	AT	0.50579	0.01673	0.02131	-0.50579	0.02774	0.02131
AAC	ACC	AC	-0.00406	0.01238	0.01235	0.00406	0.01233	0.01235
AAC	AAT	CT	-0.75306	0.01998	0.01339	0.75306	0.00941	0.01339
AAA	CAA	AC	0.37893	0.01688	0.02028	-0.37893	0.02465	0.02028
AAA	ATA	AT	-9.21451	0.02281	0.00002	9.21451	0.00000	0.00000
AAA	ACA	AC	-0.09107	0.01688	0.01612	0.09107	0.01541	0.01612
AAA	AAT	AT	-0.05568	0.02281	0.02218	0.05568	0.02157	0.02218
AAA	AAC	AC	0.69738	0.01688	0.02344	-0.69738	0.03390	0.02344
AAG	CAG	AC	0.47691	0.01913	0.02405	-0.47691	0.03082	0.02405
AAG	ATG	AT	0.43820	0.02585	0.03192	-0.43820	0.04006	0.03192
AAG	ACG	AC	1.17006	0.01913	0.03245	-1.17006	0.06163	0.03245
AAG	AAT	GT	-1.00116	0.02585	0.01503	1.00116	0.00950	0.01503
AAG	AAC	GC	-0.24810	0.01913	0.01685	0.24810	0.01493	0.01685
AAG	AAA	GA	-0.94548	0.06258	0.03759	0.94548	0.02431	0.03759
AGT	TGT	AT	1.80507	0.01216	0.02628	-1.80507	0.07396	0.02628
AGT	CGT	AC	1.76131	0.00900	0.01914	-1.76131	0.05239	0.01914
AGT	ATT	GT	-2.19330	0.01216	0.00335	2.19330	0.00136	0.00335
AGT	ACT	GC	0.18722	0.00900	0.00987	-0.18722	0.01085	0.00987
AGT	AAT	GA	-0.95385	0.02945	0.01760	0.95385	0.01134	0.01760
AGC	TGC	AT	1.80507	0.01825	0.03942	-1.80507	0.11094	0.03942
AGC	CGC	AC	0.92053	0.01350	0.02066	-0.92053	0.03390	0.02066
AGC	ATC	GT	-0.40154	0.01825	0.01483	0.40154	0.01221	0.01483
AGC	ACC	GC	-0.91139	0.01350	0.00827	0.91139	0.00543	0.00827
AGC	AAC	GA	-0.90733	0.04417	0.02712	0.90733	0.01783	0.02712
AGC	AGT	CT	-0.70654	0.02179	0.01499	0.70654	0.01075	0.01499
AGA	CGA	AC	-0.09107	0.01350	0.01290	0.09107	0.01233	0.01290
AGA	ATA	GT	-9.81169	0.01825	0.00001	9.81169	0.00000	0.00000
AGA	ACA	GC	-0.68825	0.01350	0.00938	0.68825	0.00678	0.00938
AGA	AAA	GA	-0.59718	0.04417	0.03229	0.59718	0.02431	0.03229
AGA	AGT	AT	0.30099	0.01825	0.02113	-0.30099	0.02465	0.02113
AGA	AGC	AC	1.00754	0.01350	0.02143	-1.00754	0.03698	0.02143
AGG	TGG	AT	1.17646	0.01520	0.02586	-1.17646	0.04931	0.02586
AGG	CGG	AC	0.49671	0.01125	0.01428	-0.49671	0.01849	0.01428
AGG	ATG	GT	0.14851	0.01520	0.01636	-0.14851	0.01764	0.01636
AGG	ACG	GC	0.88037	0.01125	0.01692	-0.88037	0.02714	0.01692
AGG	AAG	GA	-0.28969	0.03681	0.03173	0.28969	0.02755	0.03173
AGG	AGT	GT	-0.33700	0.01520	0.01279	0.33700	0.01085	0.01279
AGG	AGC	GC	0.36954	0.01125	0.01346	-0.36954	0.01628	0.01346
AGG	AGA	GA	-0.63800	0.03681	0.02631	0.63800	0.01945	0.02631
GTT	TTT	GT	-0.46217	0.02585	0.02033	0.46217	0.01628	0.02033
GTT	CTT	GC	0.06206	0.01913	0.01973	-0.06206	0.02035	0.01973
GTT	ATT	GA	-3.65353	0.06258	0.00608	3.65353	0.00162	0.00608
GTC	TTC	GT	-0.55569	0.02129	0.01592	0.55569	0.01221	0.01592
GTC	CTC	GC	0.11311	0.01575	0.01666	-0.11311	0.01764	0.01666
GTC	ATC	GA	-1.26215	0.05153	0.02568	1.26215	0.01459	0.02568
GTC	GTT	CT	-0.10692	0.02543	0.02409	0.10692	0.02285	0.02409
GTA	TTA	GT	-0.80701	0.01216	0.00791	0.80701	0.00543	0.00791
GTA	CTA	GC	-0.79361	0.00900	0.00590	0.79361	0.00407	0.00590
GTA	ATA	GA	-10.11268	0.02945	0.00001	10.11268	0.00000	0.00000
GTA	GTT	AT	1.46023	0.01216	0.02313	-1.46023	0.05239	0.02313
GTA	GTC	AC	1.56715	0.00900	0.01783	-1.56715	0.04314	0.01783
GTG	TTG	GT	0.21156	0.01977	0.02193	-0.21156	0.02442	0.02193
GTG	CTG	GC	-0.76829	0.01463	0.00972	0.76829	0.00678	0.00972
GTG	ATG	GA	-0.82032	0.04785	0.03088	0.82032	0.02107	0.03088
GTG	GTT	GT	0.15441	0.01977	0.02133	-0.15441	0.02307	0.02133
GTG	GTC	GC	0.26133	0.01463	0.01662	-0.26133	0.01900	0.01662
GTG	GTA	GA	-1.30583	0.04785	0.02322	1.30583	0.01297	0.02322
GCT	TCT	GT	-0.84210	0.04409	0.02810	0.84210	0.01900	0.02810
GCT	CCT	GC	-1.23417	0.03263	0.01654	1.23417	0.00950	0.01654
GCT	ACT	GA	-2.10817	0.10675	0.03111	2.10817	0.01297	0.03111
GCT	GTT	CT	-0.83516	0.05267	0.03370	0.83516	0.02285	0.03370
GCC	TCC	GT	0.04029	0.02737	0.02792	-0.04029	0.02849	0.02792
GCC	CCC	GC	-1.60454	0.02025	0.00817	1.60454	0.00407	0.00817
GCC	ACC	GA	-2.32440	0.06626	0.01670	2.32440	0.00648	0.01670
GCC	GTC	CT	-0.55239	0.03269	0.02449	0.55239	0.01882	0.02449
GCC	GCT	CT	0.17585	0.03269	0.03565	-0.17585	0.03898	0.03565
GCA	TCA	GT	-0.40154	0.01825	0.01483	0.40154	0.01221	0.01483
GCA	CCA	GC	-0.21825	0.01350	0.01208	0.21825	0.01085	0.01208
GCA	ACA	GA	-1.69579	0.04417	0.01683	1.69579	0.00810	0.01683
GCA	GTA	CT	-0.70654	0.02179	0.01499	0.70654	0.01075	0.01499
GCA	GCT	AT	1.58885	0.01825	0.03643	-1.58885	0.08937	0.03643
GCA	GCC	AC	1.41300	0.01350	0.02522	-1.41300	0.05547	0.02522
GCG	TCG	GT	-0.33700	0.03801	0.03197	0.33700	0.02714	0.03197
GCG	CCG	GC	-1.64536	0.02813	0.01106	1.64536	0.00543	0.01106
GCG	ACG	GA	-1.04346	0.09202	0.05221	1.04346	0.03241	0.05221
GCG	GTG	CT	-0.95501	0.04540	0.02712	0.95501	0.01747	0.02712
GCG	GCT	GT	0.03456	0.03801	0.03867	-0.03456	0.03935	0.03867
GCG	GCC	GC	-0.14128	0.02813	0.02619	0.14128	0.02442	0.02619
GCG	GCA	GA	-1.55429	0.09202	0.03833	1.55429	0.01945	0.03833
GAT	TAT	GT	-2.34745	0.04257	0.01057	2.34745	0.00407	0.01057
GAT	CAT	GC	-0.66008	0.03151	0.02224	0.66008	0.01628	0.02224
GAT	AAT	GA	-2.20661	0.10307	0.02813	2.20661	0.01134	0.02813
GAT	GTT	AT	0.20747	0.04257	0.04714	-0.20747	0.05239	0.04714
GAT	GCT	AC	1.04263	0.03151	0.05073	-1.04263	0.08937	0.05073
GAC	TAC	GT	-1.72330	0.03041	0.01138	1.72330	0.00543	0.01138
GAC	CAC	GC	0.23601	0.02250	0.02526	-0.23601	0.02849	0.02526
GAC	AAC	GA	-1.41816	0.07362	0.03336	1.41816	0.01783	0.03336
GAC	GTC	AT	0.34978	0.03041	0.03604	-0.34978	0.04314	0.03604
GAC	GCC	AC	0.90218	0.02250	0.03416	-0.90218	0.05547	0.03416
GAC	GAT	CT	0.03539	0.03632	0.03697	-0.03539	0.03763	0.03697
GAA	CAA	GC	-0.44139	0.01688	0.01343	0.44139	0.01085	0.01343
GAA	AAA	GA	-0.82032	0.05521	0.03563	0.82032	0.02431	0.03563
GAA	GTA	AT	0.07785	0.02281	0.02371	-0.07785	0.02465	0.02371
GAA	GCA	AC	0.78439	0.01688	0.02435	-0.78439	0.03698	0.02435
GAA	GAT	AT	1.33061	0.02281	0.04125	-1.33061	0.08629	0.04125
GAA	GAC	AC	1.29522	0.01688	0.03010	-1.29522	0.06163	0.03010
GAG	CAG	GC	-0.34341	0.01913	0.01603	0.34341	0.01357	0.01603
GAG	AAG	GA	-0.82032	0.06258	0.04038	0.82032	0.02755	0.04038
GAG	GTG	AT	0.43820	0.02585	0.03192	-0.43820	0.04006	0.03192
GAG	GCG	AC	1.39320	0.01913	0.03545	-1.39320	0.07704	0.03545
GAG	GAT	GT	0.38513	0.02585	0.03114	-0.38513	0.03799	0.03114
GAG	GAC	GC	0.34974	0.01913	0.02267	-0.34974	0.02714	0.02267
GAG	GAA	GA	-0.94548	0.06258	0.03759	0.94548	0.02431	0.03759
GGT	TGT	GT	0.86697	0.01368	0.02046	-0.86697	0.03256	0.02046
GGT	CGT	GC	0.82321	0.01013	0.01486	-0.82321	0.02307	0.01486
GGT	AGT	GA	-0.93810	0.03313	0.01998	0.93810	0.01297	0.01998
GGT	GTT	GT	0.52213	0.01368	0.01757	-0.52213	0.02307	0.01757
GGT	GCT	GC	1.35729	0.01013	0.01851	-1.35729	0.03935	0.01851
GGT	GAT	GA	0.31466	0.03313	0.03861	-0.31466	0.04538	0.03861
GGC	TGC	GT	1.67790	0.00912	0.01882	-1.67790	0.04885	0.01882
GGC	CGC	GC	0.79336	0.00675	0.00978	-0.79336	0.01493	0.00978
GGC	AGC	GA	-0.12717	0.02209	0.02071	0.12717	0.01945	0.02071
GGC	GTC	GT	0.73344	0.00912	0.01287	-0.73344	0.01900	0.01287
GGC	GCC	GC	1.28583	0.00675	0.01200	-1.28583	0.02442	0.01200
GGC	GAC	GA	0.38365	0.02209	0.02659	-0.38365	0.03241	0.02659
GGC	GGT	CT	0.10439	0.01090	0.01148	-0.10439	0.01210	0.01148
GGA	CGA	GC	-1.06554	0.01575	0.00882	1.06554	0.00543	0.00882
GGA	AGA	GA	-0.97447	0.05153	0.03044	0.97447	0.01945	0.03044
GGA	GTA	GT	-0.67347	0.02129	0.01492	0.67347	0.01085	0.01492
GGA	GCA	GC	0.03307	0.01575	0.01601	-0.03307	0.01628	0.01601
GGA	GAA	GA	-0.75133	0.05153	0.03458	0.75133	0.02431	0.03458
GGA	GGT	AT	0.26463	0.02129	0.02423	-0.26463	0.02774	0.02423
GGA	GGC	AC	0.16024	0.01575	0.01705	-0.16024	0.01849	0.01705
GGG	TGG	GT	1.56012	0.00456	0.00901	-1.56012	0.02171	0.00901
GGG	CGG	GC	0.88037	0.00338	0.00508	-0.88037	0.00814	0.00508
GGG	AGG	GA	0.38365	0.01104	0.01330	-0.38365	0.01621	0.01330
GGG	GTG	GT	1.35248	0.00456	0.00832	-1.35248	0.01764	0.00832
GGG	GCG	GC	2.30748	0.00338	0.00865	-2.30748	0.03392	0.00865
GGG	GAG	GA	0.91428	0.01104	0.01685	-0.91428	0.02755	0.01685
GGG	GGT	GT	0.98475	0.00456	0.00717	-0.98475	0.01221	0.00717
GGG	GGC	GC	0.88037	0.00338	0.00508	-0.88037	0.00814	0.00508
GGG	GGA	GA	0.72013	0.01104	0.01549	-0.72013	0.02269	0.01549


Histograms
2Ns	FMut	FSub(CodonUsage)	FSubw(after w)

-10.09351	0.01026	0.00000
-9.08416	0.00445	0.00000
-8.07481	0.00026	0.00000
-7.06546	0.00000	0.00000
-6.05611	0.00000	0.00000
-5.04676	0.00000	0.00000
-4.03741	0.00905	0.00107
-3.02805	0.03207	0.00689
-2.01870	0.16229	0.06691
-1.00935	0.32855	0.24131
0.00000	0.29994	0.36763
1.00935	0.12657	0.24131
2.01870	0.02449	0.06691
3.02805	0.00184	0.00689
4.03741	0.00023	0.00107
5.04676	0.00000	0.00000
6.05611	0.00000	0.00000
7.06546	0.00000	0.00000
8.07481	0.00000	0.00000
9.08416	0.00000	0.00000
10.09351	0.00000	0.00000

Proportion of advantageous (S > 0) mutations:
 0.28522

Proportions of good & bad mutations (|S| > 2.0000) among mutations:
0.00923  0.12346

mean |Ns| = 1.15286	mean Ns+ = 0.69539	mean Ns- = -1.33541


MLEs of dN/dS (w) for site classes (K=4)

site class             0        1       2a       2b
proportion       0.65749  0.07588  0.23904  0.02759
background w     0.04996  1.00000  0.04996  1.00000
foreground w     0.04996  1.00000 999.00000 999.00000

Naive Empirical Bayes (NEB) probabilities for 4 classes
(amino acids refer to 1st sequence: AT2G33500_AT2G33500.1_Athaliana_Araport11)

   1 M   0.99304 0.00000 0.00696 0.00000 ( 1)
   2 -   0.72547 0.00790 0.26376 0.00287 ( 1)
   3 -   0.50811 0.22526 0.18473 0.08190 ( 1)
   4 -   0.68418 0.04919 0.24875 0.01788 ( 1)
   5 -   0.70281 0.03056 0.25552 0.01111 ( 1)
   6 -   0.72818 0.00519 0.26474 0.00189 ( 1)
   7 -   0.72423 0.00914 0.26331 0.00332 ( 1)
   8 -   0.68419 0.04918 0.24875 0.01788 ( 1)
   9 -   0.51276 0.22061 0.18642 0.08020 ( 1)
  10 -   0.73150 0.00187 0.26595 0.00068 ( 1)
  11 G   0.96010 0.01601 0.01826 0.00563 ( 1)
  12 T   0.03785 0.11430 0.80583 0.04203 ( 3)
  13 S   0.08366 0.16390 0.69055 0.06189 ( 3)
  14 T   0.00232 0.52510 0.27156 0.20102 ( 2)
  15 T   0.06646 0.09120 0.80918 0.03316 ( 3)
  16 V   0.79949 0.00030 0.20010 0.00011 ( 1)
  17 A   0.00079 0.56462 0.21066 0.22393 ( 2)
  18 C   0.96799 0.00000 0.03200 0.00000 ( 1)
  19 E   0.95724 0.00006 0.04268 0.00002 ( 1)
  20 F   0.82304 0.05736 0.09941 0.02019 ( 1)
  21 C   0.97139 0.00000 0.02860 0.00000 ( 1)
  22 G   0.67575 0.00142 0.32232 0.00050 ( 1)
  23 E   0.00143 0.00482 0.99186 0.00189 ( 3)
  24 R   0.00078 0.00110 0.99770 0.00042 ( 3)
  25 T   0.02680 0.07705 0.86903 0.02711 ( 3)
  26 A   0.95809 0.00001 0.04190 0.00000 ( 1)
  27 V   0.86667 0.01547 0.11250 0.00535 ( 1)
  28 L   0.07083 0.00160 0.92699 0.00059 ( 3)
  29 F   0.98831 0.00000 0.01169 0.00000 ( 1)
  30 C   0.96906 0.00000 0.03093 0.00000 ( 1)
  31 R   0.53772 0.08246 0.35167 0.02815 ( 1)
  32 A   0.95848 0.00001 0.04151 0.00000 ( 1)
  33 D   0.97343 0.00000 0.02656 0.00000 ( 1)
  34 T   0.32577 0.00871 0.66230 0.00322 ( 3)
  35 A   0.95941 0.00001 0.04057 0.00000 ( 1)
  36 K   0.89177 0.00004 0.10817 0.00001 ( 1)
  37 L   0.98000 0.00000 0.02000 0.00000 ( 1)
  38 C   0.96913 0.00000 0.03087 0.00000 ( 1)
  39 L   0.92052 0.02242 0.04894 0.00812 ( 1)
  40 P   0.36060 0.44314 0.03827 0.15799 ( 2)
  41 C   0.96795 0.00000 0.03204 0.00000 ( 1)
  42 D   0.97737 0.00000 0.02263 0.00000 ( 1)
  43 Q   0.62977 0.06988 0.27578 0.02457 ( 1)
  44 H   0.02950 0.71369 0.00747 0.24934 ( 2)
  45 V   0.97336 0.00000 0.02663 0.00000 ( 1)
  46 H   0.98400 0.00000 0.01600 0.00000 ( 1)
  47 S   0.00120 0.01115 0.98342 0.00423 ( 3)
  48 A   0.95928 0.00001 0.04071 0.00000 ( 1)
  49 N   0.99082 0.00000 0.00918 0.00000 ( 1)
  50 L   0.73050 0.00516 0.26254 0.00179 ( 1)
  51 L   0.98037 0.00001 0.01962 0.00000 ( 1)
  52 S   0.10628 0.00113 0.89218 0.00041 ( 3)
  53 R   0.00107 0.07282 0.89831 0.02780 ( 3)
  54 K   0.97072 0.00001 0.02926 0.00000 ( 1)
  55 H   0.98292 0.00000 0.01708 0.00000 ( 1)
  56 V   0.06905 0.00007 0.93085 0.00003 ( 3)
  57 R   0.96581 0.00000 0.03418 0.00000 ( 1)
  58 S   0.88440 0.00020 0.11533 0.00007 ( 1)
  59 Q   0.54314 0.00047 0.45623 0.00016 ( 1)
  60 I   0.95287 0.00000 0.04713 0.00000 ( 1)
  61 C   0.96624 0.00095 0.03251 0.00030 ( 1)
  62 D   0.96293 0.00120 0.03546 0.00042 ( 1)
  63 N   0.07034 0.04500 0.86799 0.01667 ( 3)
  64 C   0.96634 0.00093 0.03244 0.00029 ( 1)
  65 S   0.75891 0.12100 0.07734 0.04276 ( 1)
  66 K   0.65614 0.08825 0.22506 0.03055 ( 1)
  67 E   0.05944 0.03702 0.88969 0.01385 ( 3)
  68 P   0.98702 0.00012 0.01282 0.00004 ( 1)
  69 V   0.10071 0.04734 0.83455 0.01740 ( 3)
  70 S   0.92021 0.01807 0.05582 0.00590 ( 1)
  71 V   0.36150 0.01284 0.62097 0.00469 ( 3)
  72 R   0.09352 0.09746 0.77380 0.03523 ( 3)
  73 C   0.96865 0.00092 0.03017 0.00026 ( 1)
  74 F   0.33684 0.05788 0.58319 0.02209 ( 3)
  75 T   0.96908 0.00069 0.02999 0.00024 ( 1)
  76 D   0.75851 0.00492 0.23488 0.00169 ( 1)
  77 N   0.27505 0.02639 0.68901 0.00955 ( 3)
  78 L   0.41721 0.08977 0.45933 0.03369 ( 3)
  79 V   0.92123 0.03001 0.03829 0.01047 ( 1)
  80 L   0.93908 0.00123 0.05924 0.00045 ( 1)
  81 C   0.96640 0.00075 0.03262 0.00023 ( 1)
  82 Q   0.97549 0.00219 0.02157 0.00075 ( 1)
  83 E   0.53047 0.03561 0.42104 0.01287 ( 1)
  84 C   0.96640 0.00075 0.03262 0.00023 ( 1)
  85 D   0.97067 0.00060 0.02852 0.00021 ( 1)
  86 W   0.98628 0.00058 0.01296 0.00018 ( 1)
  87 D   0.05543 0.01822 0.91981 0.00654 ( 3)
  88 V   0.05422 0.04067 0.89007 0.01503 ( 3)
  89 H   0.98217 0.00029 0.01745 0.00010 ( 1)
  90 G   0.44439 0.10311 0.41467 0.03783 ( 1)
  91 S   0.70349 0.02988 0.25577 0.01086 ( 1)
  92 C   0.68963 0.04374 0.25073 0.01590 ( 1)
  93 S   0.49395 0.03591 0.45738 0.01277 ( 1)
  94 S   0.12950 0.64109 0.00863 0.22078 ( 2)
  95 S   0.96643 0.00100 0.03225 0.00033 ( 1)
  96 A   0.06209 0.65062 0.05034 0.23696 ( 2)
  97 T   0.05032 0.54637 0.19432 0.20899 ( 2)
  98 H   0.98183 0.00017 0.01794 0.00006 ( 1)
  99 E   0.00827 0.37345 0.47921 0.13907 ( 3)
 100 R   0.97252 0.00062 0.02666 0.00020 ( 1)
 101 S   0.04482 0.19840 0.68137 0.07541 ( 3)
 102 A   0.90539 0.00768 0.08415 0.00278 ( 1)
 103 V   0.71054 0.01091 0.27456 0.00399 ( 1)
 104 -   0.73118 0.00219 0.26583 0.00080 ( 1)
 105 -   0.72350 0.00987 0.26304 0.00359 ( 1)
 106 -   0.70937 0.02400 0.25791 0.00872 ( 1)
 107 -   0.68670 0.04667 0.24966 0.01697 ( 1)
 108 -   0.58809 0.14528 0.21381 0.05282 ( 1)
 109 -   0.11496 0.61841 0.04180 0.22483 ( 2)
 110 -   0.06139 0.67198 0.02232 0.24431 ( 2)
 111 -   0.00957 0.72380 0.00348 0.26315 ( 2)
 112 -   0.01156 0.72181 0.00420 0.26243 ( 2)
 113 -   0.70167 0.03170 0.25511 0.01152 ( 1)
 114 -   0.71995 0.01342 0.26175 0.00488 ( 1)
 115 -   0.73292 0.00045 0.26647 0.00016 ( 1)
 116 -   0.52995 0.20342 0.19267 0.07396 ( 1)
 117 -   0.73334 0.00003 0.26662 0.00001 ( 1)
 118 -   0.71334 0.02003 0.25935 0.00728 ( 1)
 119 E   0.97769 0.00021 0.02203 0.00007 ( 1)
 120 G   0.98396 0.00000 0.01604 0.00000 ( 1)
 121 F   0.99000 0.00000 0.01000 0.00000 ( 1)
 122 S   0.95067 0.00395 0.04397 0.00140 ( 1)
 123 -   0.72894 0.00443 0.26502 0.00161 ( 1)
 124 -   0.73194 0.00143 0.26611 0.00052 ( 1)
 125 -   0.72794 0.00543 0.26466 0.00197 ( 1)
 126 -   0.73030 0.00307 0.26551 0.00112 ( 1)
 127 -   0.73218 0.00119 0.26620 0.00043 ( 1)
 128 -   0.73223 0.00114 0.26622 0.00041 ( 1)
 129 -   0.72903 0.00434 0.26505 0.00158 ( 1)
 130 -   0.72118 0.01219 0.26220 0.00443 ( 1)
 131 G   0.97094 0.00099 0.02771 0.00036 ( 1)
 132 C   0.95996 0.00404 0.03473 0.00127 ( 1)
 133 P   0.97958 0.00094 0.01914 0.00034 ( 1)
 134 S   0.95283 0.00438 0.04130 0.00149 ( 1)
 135 V   0.85826 0.07871 0.03518 0.02784 ( 1)
 136 L   0.44790 0.03966 0.49779 0.01465 ( 3)
 137 E   0.97238 0.00139 0.02575 0.00048 ( 1)
 138 L   0.92415 0.00585 0.06785 0.00215 ( 1)
 139 A   0.08965 0.08906 0.78811 0.03318 ( 3)
 140 A   0.93986 0.00641 0.05153 0.00221 ( 1)
 141 V   0.48085 0.25673 0.16866 0.09375 ( 1)
 142 W   0.07555 0.04753 0.85862 0.01830 ( 3)
 143 G   0.97051 0.00222 0.02648 0.00079 ( 1)
 144 I   0.68582 0.15281 0.10865 0.05271 ( 1)
 145 D   0.96226 0.00261 0.03424 0.00088 ( 1)
 146 E   0.66019 0.14773 0.14049 0.05159 ( 1)
 147 L   0.83498 0.07212 0.06619 0.02671 ( 1)
 148 T   0.90915 0.04684 0.02751 0.01650 ( 1)
 149 L   0.92271 0.00555 0.06968 0.00206 ( 1)
 150 D   0.96226 0.00261 0.03424 0.00088 ( 1)
 151 S   0.95334 0.00401 0.04128 0.00137 ( 1)
 152 W   0.98675 0.00079 0.01221 0.00025 ( 1)
 153 G   0.43811 0.28194 0.17886 0.10109 ( 1)
 154 S   0.80580 0.11906 0.03446 0.04069 ( 1)
 155 G   0.73224 0.01979 0.24077 0.00720 ( 1)


lnL = -2117.126224

Bayes Empirical Bayes (BEB) probabilities for 4 classes (class)
(amino acids refer to 1st sequence: AT2G33500_AT2G33500.1_Athaliana_Araport11)

   1 M   0.38668 0.00000 0.61332 0.00000 ( 3)
   2 -   0.30330 0.00548 0.67862 0.01261 ( 3)
   3 -   0.18076 0.12802 0.39948 0.29174 ( 3)
   4 -   0.27614 0.03263 0.61623 0.07499 ( 3)
   5 -   0.28809 0.02068 0.64366 0.04757 ( 3)
   6 -   0.30516 0.00361 0.68291 0.00831 ( 3)
   7 -   0.30244 0.00633 0.67665 0.01458 ( 3)
   8 -   0.27612 0.03265 0.61619 0.07503 ( 3)
   9 -   0.18294 0.12583 0.40440 0.28682 ( 3)
  10 -   0.30747 0.00130 0.68822 0.00300 ( 3)
  11 G   0.38265 0.01055 0.58189 0.02491 ( 3)
  12 T   0.02858 0.13753 0.53424 0.29965 ( 3)
  13 S   0.05533 0.17103 0.39345 0.38019 ( 3)
  14 T   0.00088 0.30220 0.01787 0.67905 ( 4)
  15 T   0.04363 0.09674 0.65122 0.20841 ( 3)
  16 V   0.34082 0.00021 0.65848 0.00049 ( 3)
  17 A   0.00028 0.30451 0.01027 0.68493 ( 4)
  18 C   0.33968 0.00000 0.66031 0.00001 ( 3)
  19 E   0.35532 0.00004 0.64456 0.00009 ( 3)
  20 F   0.29121 0.03328 0.59889 0.07662 ( 3)
  21 C   0.33977 0.00000 0.66022 0.00001 ( 3)
  22 G   0.23409 0.00082 0.76326 0.00183 ( 3)
  23 E   0.02890 0.15413 0.47856 0.33842 ( 3)
  24 R   0.01300 0.03049 0.89298 0.06352 ( 3)
  25 T   0.02511 0.11597 0.60812 0.25079 ( 3)
  26 A   0.34459 0.00001 0.65539 0.00001 ( 3)
  27 V   0.31944 0.00943 0.64934 0.02179 ( 3)
  28 L   0.10971 0.00412 0.87735 0.00881 ( 3)
  29 F   0.42562 0.00000 0.57438 0.00000 ( 3)
  30 C   0.33971 0.00000 0.66028 0.00000 ( 3)
  31 R   0.19628 0.04922 0.64467 0.10983 ( 3)
  32 A   0.34458 0.00001 0.65540 0.00001 ( 3)
  33 D   0.37247 0.00000 0.62753 0.00000 ( 3)
  34 T   0.18029 0.00800 0.79417 0.01754 ( 3)
  35 A   0.34896 0.00001 0.65102 0.00001 ( 3)
  36 K   0.32460 0.00003 0.67532 0.00006 ( 3)
  37 L   0.36062 0.00000 0.63938 0.00000 ( 3)
  38 C   0.33971 0.00000 0.66028 0.00000 ( 3)
  39 L   0.33790 0.01358 0.61689 0.03163 ( 3)
  40 P   0.10903 0.20864 0.21130 0.47103 ( 4)
  41 C   0.33968 0.00000 0.66032 0.00000 ( 3)
  42 D   0.37271 0.00000 0.62729 0.00000 ( 3)
  43 Q   0.20785 0.03785 0.66965 0.08465 ( 3)
  44 H   0.00820 0.30010 0.02229 0.66941 ( 4)
  45 V   0.36264 0.00000 0.63736 0.00000 ( 3)
  46 H   0.36071 0.00000 0.63929 0.00000 ( 3)
  47 S   0.00574 0.08703 0.72195 0.18528 ( 3)
  48 A   0.34896 0.00001 0.65102 0.00001 ( 3)
  49 N   0.40386 0.00000 0.59614 0.00000 ( 3)
  50 L   0.21843 0.00256 0.77332 0.00569 ( 3)
  51 L   0.36054 0.00000 0.63944 0.00001 ( 3)
  52 S   0.06166 0.00110 0.93497 0.00227 ( 3)
  53 R   0.00246 0.25620 0.16983 0.57151 ( 4)
  54 K   0.35561 0.00001 0.64437 0.00002 ( 3)
  55 H   0.36054 0.00000 0.63946 0.00000 ( 3)
  56 V   0.04574 0.00008 0.95403 0.00016 ( 3)
  57 R   0.38434 0.00000 0.61566 0.00001 ( 3)
  58 S   0.32595 0.00012 0.67364 0.00029 ( 3)
  59 Q   0.21304 0.00030 0.78598 0.00067 ( 3)
  60 I   0.33420 0.00000 0.66579 0.00001 ( 3)
  61 C   0.33853 0.00055 0.65965 0.00127 ( 3)
  62 D   0.36345 0.00075 0.63404 0.00175 ( 3)
  63 N   0.07661 0.07970 0.66994 0.17375 ( 3)
  64 C   0.33857 0.00054 0.65964 0.00125 ( 3)
  65 S   0.26279 0.06810 0.51230 0.15681 ( 3)
  66 K   0.19622 0.04330 0.66388 0.09659 ( 3)
  67 E   0.06953 0.07066 0.70696 0.15285 ( 3)
  68 P   0.42382 0.00009 0.57589 0.00020 ( 3)
  69 V   0.08826 0.06774 0.69683 0.14717 ( 3)
  70 S   0.32317 0.01050 0.64215 0.02418 ( 3)
  71 V   0.14167 0.00838 0.83182 0.01814 ( 3)
  72 R   0.08613 0.14285 0.45397 0.31705 ( 3)
  73 C   0.33868 0.00054 0.65956 0.00122 ( 3)
  74 F   0.21436 0.06009 0.58869 0.13686 ( 3)
  75 T   0.37079 0.00044 0.62776 0.00102 ( 3)
  76 D   0.20176 0.00218 0.79126 0.00480 ( 3)
  77 N   0.13102 0.02082 0.80313 0.04504 ( 3)
  78 L   0.19843 0.06947 0.57450 0.15760 ( 3)
  79 V   0.33376 0.01795 0.60655 0.04175 ( 3)
  80 L   0.34806 0.00076 0.64940 0.00177 ( 3)
  81 C   0.33868 0.00043 0.65989 0.00100 ( 3)
  82 Q   0.36987 0.00137 0.62554 0.00322 ( 3)
  83 E   0.20879 0.02315 0.71635 0.05171 ( 3)
  84 C   0.33868 0.00043 0.65989 0.00100 ( 3)
  85 D   0.37014 0.00038 0.62859 0.00089 ( 3)
  86 W   0.36207 0.00035 0.63677 0.00081 ( 3)
  87 D   0.05973 0.03254 0.83890 0.06884 ( 3)
  88 V   0.07142 0.08695 0.65234 0.18929 ( 3)
  89 H   0.35946 0.00018 0.63995 0.00041 ( 3)
  90 G   0.19373 0.07304 0.56833 0.16489 ( 3)
  91 S   0.28855 0.02023 0.64470 0.04652 ( 3)
  92 C   0.27958 0.02920 0.62411 0.06712 ( 3)
  93 S   0.18563 0.02231 0.74260 0.04946 ( 3)
  94 S   0.03671 0.27747 0.06699 0.61883 ( 4)
  95 S   0.34166 0.00059 0.65640 0.00136 ( 3)
  96 A   0.01805 0.28767 0.05192 0.64236 ( 4)
  97 T   0.01692 0.27997 0.07416 0.62896 ( 4)
  98 H   0.38542 0.00011 0.61421 0.00026 ( 3)
  99 E   0.00421 0.28866 0.06155 0.64558 ( 4)
 100 R   0.37187 0.00039 0.62682 0.00092 ( 3)
 101 S   0.03524 0.24068 0.18467 0.53940 ( 4)
 102 A   0.37442 0.00527 0.60788 0.01243 ( 3)
 103 V   0.25482 0.00649 0.72399 0.01470 ( 3)
 104 -   0.30724 0.00153 0.68770 0.00352 ( 3)
 105 -   0.30195 0.00683 0.67551 0.01572 ( 3)
 106 -   0.29242 0.01635 0.65360 0.03763 ( 3)
 107 -   0.27773 0.03104 0.61988 0.07134 ( 3)
 108 -   0.22062 0.08815 0.48960 0.20162 ( 3)
 109 -   0.03351 0.27527 0.07289 0.61833 ( 4)
 110 -   0.01751 0.29126 0.03802 0.65320 ( 4)
 111 -   0.00268 0.30610 0.00580 0.68542 ( 4)
 112 -   0.00324 0.30554 0.00702 0.68421 ( 4)
 113 -   0.28736 0.02142 0.64196 0.04926 ( 3)
 114 -   0.29953 0.00925 0.66993 0.02129 ( 3)
 115 -   0.30846 0.00031 0.69051 0.00072 ( 3)
 116 -   0.19117 0.11760 0.42296 0.26827 ( 3)
 117 -   0.30876 0.00002 0.69118 0.00004 ( 3)
 118 -   0.29508 0.01370 0.65970 0.03152 ( 3)
 119 E   0.38501 0.00014 0.61453 0.00032 ( 3)
 120 G   0.35300 0.00000 0.64700 0.00000 ( 3)
 121 F   0.37593 0.00000 0.62407 0.00000 ( 3)
 122 S   0.38758 0.00267 0.60347 0.00628 ( 3)
 123 -   0.30569 0.00308 0.68412 0.00710 ( 3)
 124 -   0.30777 0.00100 0.68892 0.00230 ( 3)
 125 -   0.30500 0.00378 0.68253 0.00870 ( 3)
 126 -   0.30663 0.00215 0.68629 0.00494 ( 3)
 127 -   0.30794 0.00083 0.68931 0.00191 ( 3)
 128 -   0.30798 0.00079 0.68940 0.00183 ( 3)
 129 -   0.30575 0.00303 0.68426 0.00697 ( 3)
 130 -   0.30036 0.00842 0.67185 0.01938 ( 3)
 131 G   0.40294 0.00068 0.59477 0.00161 ( 3)
 132 C   0.34271 0.00239 0.64938 0.00551 ( 3)
 133 P   0.41706 0.00066 0.58070 0.00158 ( 3)
 134 S   0.33761 0.00258 0.65387 0.00594 ( 3)
 135 V   0.30860 0.04634 0.53752 0.10754 ( 3)
 136 L   0.19660 0.02872 0.71058 0.06409 ( 3)
 137 E   0.36913 0.00088 0.62794 0.00205 ( 3)
 138 L   0.34422 0.00362 0.64373 0.00844 ( 3)
 139 A   0.08478 0.13452 0.48173 0.29897 ( 3)
 140 A   0.34116 0.00386 0.64605 0.00893 ( 3)
 141 V   0.14825 0.12658 0.43987 0.28530 ( 3)
 142 W   0.12500 0.12583 0.46633 0.28284 ( 3)
 143 G   0.40348 0.00153 0.59137 0.00362 ( 3)
 144 I   0.19671 0.07129 0.57146 0.16054 ( 3)
 145 D   0.35671 0.00161 0.63794 0.00374 ( 3)
 146 E   0.20681 0.07515 0.54833 0.16971 ( 3)
 147 L   0.30370 0.04299 0.55336 0.09994 ( 3)
 148 T   0.33810 0.02867 0.56623 0.06700 ( 3)
 149 L   0.34930 0.00349 0.63907 0.00815 ( 3)
 150 D   0.35671 0.00161 0.63794 0.00374 ( 3)
 151 S   0.33783 0.00236 0.65436 0.00545 ( 3)
 152 W   0.36292 0.00048 0.63548 0.00112 ( 3)
 153 G   0.14389 0.14715 0.37678 0.33218 ( 3)
 154 S   0.26831 0.06457 0.51890 0.14822 ( 3)
 155 G   0.25689 0.01150 0.70556 0.02605 ( 3)
