Supplemental results for CODEML (seqf: aligned.fas  treef: AT1G73870_AT1G73870.1_Athaliana_Araport11.treefile)

I	J	ij	2Ns_IJ	pMut_IJ	pSub_IJ	2Ns_JI	pMut_JI	pSub_JI

TTC	TTT	CT	-0.17532	0.02153	0.01970	0.17532	0.01807	0.01970
TTA	TTT	AT	0.68237	0.00778	0.01074	-0.68237	0.01540	0.01074
TTA	TTC	AC	0.85770	0.00626	0.00932	-0.85770	0.01475	0.00932
TTG	TTT	GT	-0.12532	0.02075	0.01948	0.12532	0.01831	0.01948
TTG	TTC	GC	0.05000	0.01669	0.01711	-0.05000	0.01754	0.01711
TTG	TTA	GA	-0.80770	0.02963	0.01926	0.80770	0.01321	0.01926
TCT	TTT	CT	0.18758	0.01498	0.01643	-0.18758	0.01807	0.01643
TCC	TTC	CT	0.20956	0.01404	0.01556	-0.20956	0.01732	0.01556
TCC	TCT	CT	-0.15334	0.01404	0.01299	0.15334	0.01205	0.01299
TCA	TTA	CT	-0.37203	0.01311	0.01082	0.37203	0.00903	0.01082
TCA	TCT	AT	0.12276	0.00908	0.00965	-0.12276	0.01026	0.00965
TCA	TCC	AC	0.27610	0.00730	0.00836	-0.27610	0.00962	0.00836
TCG	TTG	CT	0.35748	0.01685	0.02004	-0.35748	0.02409	0.02004
TCG	TCT	GT	0.04457	0.01167	0.01193	-0.04457	0.01220	0.01193
TCG	TCC	GC	0.19792	0.00939	0.01035	-0.19792	0.01144	0.01035
TCG	TCA	GA	-0.07818	0.01667	0.01603	0.07818	0.01542	0.01603
TAT	TTT	AT	0.60233	0.00843	0.01122	-0.60233	0.01540	0.01122
TAT	TCT	AC	0.41475	0.00678	0.00828	-0.41475	0.01026	0.00828
TAC	TTC	AT	0.48566	0.00908	0.01146	-0.48566	0.01475	0.01146
TAC	TCC	AC	0.27610	0.00730	0.00836	-0.27610	0.00962	0.00836
TAC	TAT	CT	-0.29199	0.01311	0.01129	0.29199	0.00979	0.01129
TGT	TTT	GT	0.94252	0.00713	0.01102	-0.94252	0.01831	0.01102
TGT	TCT	GC	0.75493	0.00574	0.00817	-0.75493	0.01220	0.00817
TGT	TAT	GA	0.34019	0.01019	0.01202	-0.34019	0.01431	0.01202
TGC	TTC	GT	1.21841	0.00519	0.00897	-1.21841	0.01754	0.00897
TGC	TCC	GC	1.00885	0.00417	0.00662	-1.00885	0.01144	0.00662
TGC	TAC	GA	0.73275	0.00741	0.01045	-0.73275	0.01542	0.01045
TGC	TGT	CT	0.10057	0.00749	0.00787	-0.10057	0.00828	0.00787
TGG	TTG	GT	1.23020	0.00713	0.01240	-1.23020	0.02441	0.01240
TGG	TCG	GC	0.87272	0.00574	0.00860	-0.87272	0.01373	0.00860
TGG	TGT	GT	0.16236	0.00713	0.00773	-0.16236	0.00839	0.00773
TGG	TGC	GC	0.06179	0.00574	0.00592	-0.06179	0.00610	0.00592
CTT	TTT	CT	0.06980	0.01685	0.01744	-0.06980	0.01807	0.01744
CTC	TTC	CT	0.83817	0.00749	0.01106	-0.83817	0.01732	0.01106
CTC	CTT	CT	0.59305	0.00749	0.00993	-0.59305	0.01355	0.00993
CTA	TTA	CT	-0.13087	0.01030	0.00964	0.13087	0.00903	0.00964
CTA	CTT	AT	0.48170	0.00713	0.00899	-0.48170	0.01155	0.00899
CTA	CTC	AC	-0.11134	0.00574	0.00542	0.11134	0.00513	0.00542
CTG	TTG	CT	0.76295	0.01123	0.01606	-0.76295	0.02409	0.01606
CTG	CTT	GT	0.56782	0.00778	0.01020	-0.56782	0.01373	0.01020
CTG	CTC	GC	-0.02523	0.00626	0.00618	0.02523	0.00610	0.00618
CTG	CTA	GA	0.08612	0.01111	0.01160	-0.08612	0.01211	0.01160
CCT	TCT	CT	-0.48982	0.01966	0.01524	0.48982	0.01205	0.01524
CCT	CTT	CT	-0.37203	0.01966	0.01623	0.37203	0.01355	0.01623
CCC	TCC	CT	1.39156	0.00281	0.00520	-1.39156	0.01129	0.00520
CCC	CTC	CT	0.76295	0.00281	0.00401	-0.76295	0.00602	0.00401
CCC	CCT	CT	1.72803	0.00281	0.00590	-1.72803	0.01581	0.00590
CCA	TCA	CT	-0.35141	0.01498	0.01250	0.35141	0.01054	0.01250
CCA	CTA	CT	-0.59258	0.01498	0.01098	0.59258	0.00828	0.01098
CCA	CCT	AT	0.26116	0.01038	0.01179	-0.26116	0.01347	0.01179
CCA	CCC	AC	-1.46687	0.00834	0.00367	1.46687	0.00192	0.00367
CCG	TCG	CT	-0.21788	0.01685	0.01508	0.21788	0.01355	0.01508
CCG	CTG	CT	-0.62335	0.01685	0.01214	0.62335	0.00903	0.01214
CCG	CCT	GT	0.31651	0.01167	0.01362	-0.31651	0.01602	0.01362
CCG	CCC	GC	-1.41152	0.00939	0.00427	1.41152	0.00229	0.00427
CCG	CCA	GA	0.05535	0.01667	0.01714	-0.05535	0.01762	0.01714
CAT	TAT	CT	-0.42552	0.01498	0.01202	0.42552	0.00979	0.01202
CAT	CTT	AT	0.10701	0.01038	0.01094	-0.10701	0.01155	0.01094
CAT	CCT	AC	0.47904	0.00834	0.01050	-0.47904	0.01347	0.01050
CAC	TAC	CT	0.34173	0.00749	0.00884	-0.34173	0.01054	0.00884
CAC	CTC	AT	-0.01077	0.00519	0.00516	0.01077	0.00513	0.00516
CAC	CCC	AC	-0.77372	0.00417	0.00276	0.77372	0.00192	0.00276
CAC	CAT	CT	0.47527	0.00749	0.00941	-0.47527	0.01205	0.00941
CAA	CTA	AT	-0.38547	0.01038	0.00850	0.38547	0.00706	0.00850
CAA	CCA	AC	0.20711	0.00834	0.00924	-0.20711	0.01026	0.00924
CAA	CAT	AT	-0.01077	0.01038	0.01032	0.01077	0.01026	0.01032
CAA	CAC	AC	-0.48604	0.00834	0.00648	0.48604	0.00513	0.00648
CAG	CTG	AT	-0.61691	0.01427	0.01032	0.61691	0.00770	0.01032
CAG	CCG	AC	0.00644	0.01147	0.01151	-0.00644	0.01155	0.01151
CAG	CAT	GT	-0.15610	0.01427	0.01318	0.15610	0.01220	0.01318
CAG	CAC	GC	-0.63136	0.01147	0.00823	0.63136	0.00610	0.00823
CAG	CAA	GA	-0.14532	0.02037	0.01893	0.14532	0.01762	0.01893
CGT	TGT	CT	-0.52804	0.01404	0.01066	0.52804	0.00828	0.01066
CGT	CTT	GT	0.34468	0.00973	0.01150	-0.34468	0.01373	0.01150
CGT	CCT	GC	0.71671	0.00782	0.01096	-0.71671	0.01602	0.01096
CGT	CAT	GA	0.23767	0.01389	0.01561	-0.23767	0.01762	0.01561
CGC	TGC	CT	0.47527	0.00374	0.00470	-0.47527	0.00602	0.00470
CGC	CTC	GT	0.85551	0.00259	0.00386	-0.85551	0.00610	0.00386
CGC	CCC	GC	0.09256	0.00209	0.00218	-0.09256	0.00229	0.00218
CGC	CAC	GA	0.86628	0.00370	0.00554	-0.86628	0.00881	0.00554
CGC	CGT	CT	1.10387	0.00374	0.00618	-1.10387	0.01129	0.00618
CGA	CTA	GT	0.25767	0.00648	0.00736	-0.25767	0.00839	0.00736
CGA	CCA	GC	0.85024	0.00522	0.00774	-0.85024	0.01220	0.00774
CGA	CAA	GA	0.64313	0.00926	0.01256	-0.64313	0.01762	0.01256
CGA	CGT	AT	0.39469	0.00648	0.00785	-0.39469	0.00962	0.00785
CGA	CGC	AC	-0.70918	0.00522	0.00358	0.70918	0.00257	0.00358
CGG	TGG	CT	-0.01721	0.00843	0.00835	0.01721	0.00828	0.00835
CGG	CTG	GT	0.45004	0.00584	0.00725	-0.45004	0.00915	0.00725
CGG	CCG	GC	1.07339	0.00469	0.00765	-1.07339	0.01373	0.00765
CGG	CAG	GA	1.06695	0.00833	0.01356	-1.06695	0.02422	0.01356
CGG	CGT	GT	0.67318	0.00584	0.00802	-0.67318	0.01144	0.00802
CGG	CGC	GC	-0.43069	0.00469	0.00376	0.43069	0.00305	0.00376
CGG	CGA	GA	0.27849	0.00833	0.00955	-0.27849	0.01101	0.00955
ATT	TTT	AT	0.17155	0.01297	0.01411	-0.17155	0.01540	0.01411
ATT	CTT	AC	0.10175	0.01043	0.01097	-0.10175	0.01155	0.01097
ATC	TTC	AT	0.12899	0.01297	0.01382	-0.12899	0.01475	0.01382
ATC	CTC	AC	-0.70918	0.01043	0.00717	0.70918	0.00513	0.00717
ATC	ATT	CT	-0.21788	0.01872	0.01676	0.21788	0.01506	0.01676
ATA	TTA	AT	-0.01077	0.00778	0.00774	0.01077	0.00770	0.00774
ATA	CTA	AC	0.12010	0.00626	0.00664	-0.12010	0.00706	0.00664
ATA	ATT	AT	0.50005	0.00778	0.00989	-0.50005	0.01283	0.00989
ATA	ATC	AC	0.71793	0.00626	0.00877	-0.71793	0.01283	0.00877
ATG	TTG	AT	-0.18262	0.02464	0.02246	0.18262	0.02053	0.02246
ATG	CTG	AC	-0.94557	0.01982	0.01190	0.94557	0.00770	0.01190
ATG	ATT	GT	-0.47950	0.02464	0.01920	0.47950	0.01526	0.01920
ATG	ATC	GC	-0.26161	0.01982	0.01734	0.26161	0.01526	0.01734
ATG	ATA	GA	-0.97955	0.03519	0.02073	0.97955	0.01321	0.02073
ACT	TCT	AT	-0.28271	0.01362	0.01178	0.28271	0.01026	0.01178
ACT	CCT	AC	0.20711	0.01095	0.01212	-0.20711	0.01347	0.01212
ACT	ATT	CT	-0.26667	0.01966	0.01715	0.26667	0.01506	0.01715
ACC	TCC	AT	0.29938	0.00713	0.00825	-0.29938	0.00962	0.00825
ACC	CCC	AC	-1.09217	0.00574	0.00316	1.09217	0.00192	0.00316
ACC	ATC	CT	0.37995	0.01030	0.01238	-0.37995	0.01506	0.01238
ACC	ACT	CT	0.42875	0.01030	0.01266	-0.42875	0.01581	0.01266
ACA	TCA	AT	-0.14430	0.01038	0.00964	0.14430	0.00898	0.00964
ACA	CCA	AC	0.20711	0.00834	0.00924	-0.20711	0.01026	0.00924
ACA	ATA	CT	-0.50556	0.01498	0.01151	0.50556	0.00903	0.01151
ACA	ACT	AT	0.26116	0.01038	0.01179	-0.26116	0.01347	0.01179
ACA	ACC	AC	-0.16758	0.00834	0.00766	0.16758	0.00706	0.00766
ACG	TCG	AT	-0.21144	0.01427	0.01281	0.21144	0.01155	0.01281
ACG	CCG	AC	0.00644	0.01147	0.01151	-0.00644	0.01155	0.01151
ACG	ATG	CT	0.32866	0.02059	0.02416	-0.32866	0.02861	0.02416
ACG	ACT	GT	0.11584	0.01427	0.01511	-0.11584	0.01602	0.01511
ACG	ACC	GC	-0.31291	0.01147	0.00977	0.31291	0.00839	0.00977
ACG	ACA	GA	-0.14532	0.02037	0.01893	0.14532	0.01762	0.01893
AAT	TAT	AT	-0.77803	0.01816	0.01200	0.77803	0.00834	0.01200
AAT	CAT	AC	-0.35251	0.01460	0.01218	0.35251	0.01026	0.01218
AAT	ATT	AT	-0.34725	0.01816	0.01519	0.34725	0.01283	0.01519
AAT	ACT	AC	-0.08057	0.01460	0.01402	0.08057	0.01347	0.01402
AAC	TAC	AT	-0.50721	0.01491	0.01145	0.50721	0.00898	0.01145
AAC	CAC	AC	-0.84894	0.01199	0.00762	0.84894	0.00513	0.00762
AAC	ATC	AT	-0.15054	0.01491	0.01382	0.15054	0.01283	0.01382
AAC	ACC	AC	-0.53049	0.01199	0.00909	0.53049	0.00706	0.00909
AAC	AAT	CT	-0.02117	0.02153	0.02130	0.02117	0.02108	0.02130
AAA	CAA	AC	-0.65789	0.01982	0.01401	0.65789	0.01026	0.01401
AAA	ATA	AT	-1.16345	0.02464	0.01303	1.16345	0.00770	0.01303
AAA	ACA	AC	-0.65789	0.01982	0.01401	0.65789	0.01026	0.01401
AAA	AAT	AT	-0.31615	0.02464	0.02095	0.31615	0.01796	0.02095
AAA	AAC	AC	-0.29498	0.01982	0.01704	0.29498	0.01475	0.01704
AAG	CAG	AC	-0.77939	0.03077	0.02032	0.77939	0.01411	0.02032
AAG	ATG	AT	-0.45072	0.03826	0.03028	0.45072	0.02438	0.03028
AAG	ACG	AC	-0.77939	0.03077	0.02032	0.77939	0.01411	0.02032
AAG	AAT	GT	-0.58298	0.03826	0.02818	0.58298	0.02136	0.02818
AAG	AAC	GC	-0.56180	0.03077	0.02293	0.56180	0.01754	0.02293
AAG	AAA	GA	-0.26682	0.05464	0.04767	0.26682	0.04184	0.04767
AGT	TGT	AT	-1.01408	0.01945	0.01123	1.01408	0.00706	0.01123
AGT	CGT	AC	-0.48604	0.01565	0.01215	0.48604	0.00962	0.01215
AGT	ATT	GT	-0.24311	0.01945	0.01718	0.24311	0.01526	0.01718
AGT	ACT	GC	0.02357	0.01565	0.01583	-0.02357	0.01602	0.01583
AGT	AAT	GA	0.10414	0.02778	0.02925	-0.10414	0.03083	0.02925
AGC	TGC	AT	-0.23392	0.00648	0.00576	0.23392	0.00513	0.00576
AGC	CGC	AC	-0.70918	0.00522	0.00358	0.70918	0.00257	0.00358
AGC	ATC	GT	0.85551	0.00648	0.00965	-0.85551	0.01526	0.00965
AGC	ACC	GC	0.47555	0.00522	0.00655	-0.47555	0.00839	0.00655
AGC	AAC	GA	1.00604	0.00926	0.01469	-1.00604	0.02533	0.01469
AGC	AGT	CT	0.88073	0.00936	0.01408	-0.88073	0.02259	0.01408
AGA	CGA	AC	-1.20388	0.02138	0.01103	1.20388	0.00642	0.01103
AGA	ATA	GT	-1.06631	0.02659	0.01488	1.06631	0.00915	0.01488
AGA	ACA	GC	-0.56074	0.02138	0.01594	0.56074	0.01220	0.01594
AGA	AAA	GA	0.09715	0.03797	0.03984	-0.09715	0.04184	0.03984
AGA	AGT	AT	-0.32315	0.02659	0.02252	0.32315	0.01925	0.02252
AGA	AGC	AC	-1.20388	0.02138	0.01103	1.20388	0.00642	0.01103
AGG	TGG	AT	-1.22380	0.02399	0.01223	1.22380	0.00706	0.01223
AGG	CGG	AC	-1.20658	0.01930	0.00994	1.20658	0.00577	0.00994
AGG	ATG	GT	0.18903	0.02399	0.02633	-0.18903	0.02899	0.02633
AGG	ACG	GC	-0.13964	0.01930	0.01798	0.13964	0.01678	0.01798
AGG	AAG	GA	0.63975	0.03427	0.04639	-0.63975	0.06497	0.04639
AGG	AGT	GT	-0.04736	0.02399	0.02343	0.04736	0.02288	0.02343
AGG	AGC	GC	-0.92809	0.01930	0.01171	0.92809	0.00763	0.01171
AGG	AGA	GA	0.27579	0.03427	0.03921	-0.27579	0.04515	0.03921
GTT	TTT	GT	-0.39726	0.02724	0.02218	0.39726	0.01831	0.02218
GTT	CTT	GC	-0.46706	0.02190	0.01719	0.46706	0.01373	0.01719
GTT	ATT	GA	-0.56881	0.03890	0.02888	0.56881	0.02202	0.02888
GTC	TTC	GT	1.10063	0.00584	0.00963	-1.10063	0.01754	0.00963
GTC	CTC	GC	0.26246	0.00469	0.00534	-0.26246	0.00610	0.00534
GTC	ATC	GA	0.97164	0.00833	0.01303	-0.97164	0.02202	0.01303
GTC	GTT	CT	1.32256	0.00843	0.01519	-1.32256	0.03162	0.01519
GTA	TTA	GT	0.24937	0.00713	0.00806	-0.24937	0.00915	0.00806
GTA	CTA	GC	0.38024	0.00574	0.00690	-0.38024	0.00839	0.00690
GTA	ATA	GA	0.26014	0.01019	0.01157	-0.26014	0.01321	0.01157
GTA	GTT	AT	1.32900	0.00713	0.01289	-1.32900	0.02694	0.01289
GTA	GTC	AC	0.00644	0.00574	0.00576	-0.00644	0.00577	0.00576
GTG	TTG	GT	0.04457	0.02334	0.02387	-0.04457	0.02441	0.02387
GTG	CTG	GC	-0.71837	0.01877	0.01283	0.71837	0.00915	0.01283
GTG	ATG	GA	0.22720	0.03334	0.03727	-0.22720	0.04184	0.03727
GTG	GTT	GT	0.31651	0.02334	0.02723	-0.31651	0.03204	0.02723
GTG	GTC	GC	-1.00605	0.01877	0.01089	1.00605	0.00686	0.01089
GTG	GTA	GA	-1.01249	0.03334	0.01926	1.01249	0.01211	0.01926
GCT	TCT	GT	-0.43235	0.01881	0.01503	0.43235	0.01220	0.01503
GCT	CCT	GC	0.05747	0.01512	0.01556	-0.05747	0.01602	0.01556
GCT	ACT	GA	-0.14964	0.02686	0.02490	0.14964	0.02312	0.02490
GCT	GTT	CT	0.15249	0.02715	0.02927	-0.15249	0.03162	0.02927
GCC	TCC	GT	0.92450	0.00454	0.00696	-0.92450	0.01144	0.00696
GCC	CCC	GC	-0.46706	0.00365	0.00286	0.46706	0.00229	0.00286
GCC	ACC	GA	0.62512	0.00648	0.00872	-0.62512	0.01211	0.00872
GCC	GTC	CT	0.03343	0.00655	0.00666	-0.03343	0.00678	0.00666
GCC	GCT	CT	1.20350	0.00655	0.01127	-1.20350	0.02183	0.01127
GCA	TCA	GT	0.31651	0.00778	0.00908	-0.31651	0.01068	0.00908
GCA	CCA	GC	0.66792	0.00626	0.00858	-0.66792	0.01220	0.00858
GCA	ACA	GA	0.46081	0.01111	0.01387	-0.46081	0.01762	0.01387
GCA	GTA	CT	-0.30489	0.01123	0.00961	0.30489	0.00828	0.00961
GCA	GCT	AT	0.87162	0.00778	0.01166	-0.87162	0.01860	0.01166
GCA	GCC	AC	-0.33189	0.00626	0.00528	0.33189	0.00449	0.00528
GCG	TCG	GT	0.85551	0.00584	0.00868	-0.85551	0.01373	0.00868
GCG	CCG	GC	1.07339	0.00469	0.00765	-1.07339	0.01373	0.00765
GCG	ACG	GA	1.06695	0.00833	0.01356	-1.06695	0.02422	0.01356
GCG	GTG	CT	1.16841	0.00843	0.01428	-1.16841	0.02710	0.01428
GCG	GCT	GT	1.33243	0.00584	0.01056	-1.33243	0.02212	0.01056
GCG	GCC	GC	0.12893	0.00469	0.00500	-0.12893	0.00534	0.00500
GCG	GCA	GA	0.46081	0.00833	0.01040	-0.46081	0.01321	0.01040
GAT	TAT	GT	-1.33314	0.03761	0.01795	1.33314	0.00992	0.01795
GAT	CAT	GC	-0.90761	0.03025	0.01857	0.90761	0.01220	0.01857
GAT	AAT	GA	-0.55511	0.05371	0.04018	0.55511	0.03083	0.04018
GAT	GTT	AT	-0.33355	0.03761	0.03169	0.33355	0.02694	0.03169
GAT	GCT	AC	-0.48604	0.03025	0.02349	0.48604	0.01860	0.02349
GAC	TAC	GT	-0.53079	0.01816	0.01376	0.53079	0.01068	0.01376
GAC	CAC	GC	-0.87252	0.01460	0.00915	0.87252	0.00610	0.00915
GAC	AAC	GA	-0.02358	0.02593	0.02563	0.02358	0.02533	0.02563
GAC	GTC	AT	-1.14575	0.01816	0.00970	1.14575	0.00577	0.00970
GAC	GCC	AC	-1.17919	0.01460	0.00765	1.17919	0.00449	0.00765
GAC	GAT	CT	0.51036	0.02621	0.03347	-0.51036	0.04366	0.03347
GAA	CAA	GC	-0.92471	0.03077	0.01870	0.92471	0.01220	0.01870
GAA	AAA	GA	-0.26682	0.05464	0.04767	0.26682	0.04184	0.04767
GAA	GTA	AT	-1.69042	0.03826	0.01463	1.69042	0.00706	0.01463
GAA	GCA	AC	-1.38552	0.03077	0.01423	1.38552	0.00770	0.01423
GAA	GAT	AT	-0.02787	0.03826	0.03773	0.02787	0.03721	0.03773
GAA	GAC	AC	-0.53822	0.03077	0.02323	0.53822	0.01796	0.02323
GAG	CAG	GC	-0.99463	0.04537	0.02649	0.99463	0.01678	0.02649
GAG	AAG	GA	-0.21524	0.08057	0.07221	0.21524	0.06497	0.07221
GAG	GTG	AT	-0.89316	0.05642	0.03492	0.89316	0.02309	0.03492
GAG	GCG	AC	-2.06157	0.04537	0.01364	2.06157	0.00577	0.01364
GAG	GAT	GT	-0.24311	0.05642	0.04984	0.24311	0.04424	0.04984
GAG	GAC	GC	-0.75346	0.04537	0.03040	0.75346	0.02136	0.03040
GAG	GAA	GA	-0.21524	0.08057	0.07221	0.21524	0.06497	0.07221
GGT	TGT	GT	-0.33012	0.01167	0.00985	0.33012	0.00839	0.00985
GGT	CGT	GC	0.19792	0.00939	0.01035	-0.19792	0.01144	0.01035
GGT	AGT	GA	0.68396	0.01667	0.02301	-0.68396	0.03303	0.02301
GGT	GTT	GT	1.00966	0.01167	0.01854	-1.00966	0.03204	0.01854
GGT	GCT	GC	0.85716	0.00939	0.01398	-0.85716	0.02212	0.01398
GGT	GAT	GA	1.34320	0.01667	0.03030	-1.34320	0.06387	0.03030
GGC	TGC	GT	0.16236	0.00519	0.00562	-0.16236	0.00610	0.00562
GGC	CGC	GC	-0.31291	0.00417	0.00355	0.31291	0.00305	0.00355
GGC	AGC	GA	0.39627	0.00741	0.00897	-0.39627	0.01101	0.00897
GGC	GTC	GT	0.28014	0.00519	0.00595	-0.28014	0.00686	0.00595
GGC	GCC	GC	0.24671	0.00417	0.00471	-0.24671	0.00534	0.00471
GGC	GAC	GA	1.42589	0.00741	0.01391	-1.42589	0.03083	0.01391
GGC	GGT	CT	0.59305	0.00749	0.00993	-0.59305	0.01355	0.00993
GGA	CGA	GC	-1.03075	0.02138	0.01222	1.03075	0.00763	0.01222
GGA	AGA	GA	0.17313	0.03797	0.04135	-0.17313	0.04515	0.04135
GGA	GTA	GT	-1.15332	0.02659	0.01414	1.15332	0.00839	0.01414
GGA	GCA	GC	-0.84843	0.02138	0.01358	0.84843	0.00915	0.01358
GGA	GAA	GA	0.53710	0.03797	0.04907	-0.53710	0.06497	0.04907
GGA	GGT	AT	-0.83397	0.02659	0.01702	0.83397	0.01155	0.01702
GGA	GGC	AC	-1.42702	0.02138	0.00964	1.42702	0.00513	0.00964
GGG	TGG	GT	-0.00470	0.00843	0.00841	0.00470	0.00839	0.00841
GGG	CGG	GC	0.01252	0.00678	0.00682	-0.01252	0.00686	0.00682
GGG	AGG	GA	1.21910	0.01204	0.02083	-1.21910	0.04074	0.02083
GGG	GTG	GT	1.18093	0.00843	0.01437	-1.18093	0.02746	0.01437
GGG	GCG	GC	0.01252	0.00678	0.00682	-0.01252	0.00686	0.00682
GGG	GAG	GA	2.07409	0.01204	0.02856	-2.07409	0.09580	0.02856
GGG	GGT	GT	0.48778	0.00843	0.01065	-0.48778	0.01373	0.01065
GGG	GGC	GC	-0.10527	0.00678	0.00643	0.10527	0.00610	0.00643
GGG	GGA	GA	1.32175	0.01204	0.02170	-1.32175	0.04515	0.02170


Histograms
2Ns	FMut	FSub(CodonUsage)	FSubw(after w)

-1.97532	0.01706	0.00550
-1.77779	0.00653	0.00267
-1.58026	0.00000	0.00000
-1.38273	0.04100	0.02079
-1.18519	0.04395	0.02474
-0.98766	0.06684	0.04232
-0.79013	0.06342	0.04459
-0.59260	0.08815	0.07000
-0.39506	0.09695	0.08523
-0.19753	0.15487	0.15048
0.00000	0.09957	0.10733
0.19753	0.12629	0.15048
0.39506	0.06536	0.08523
0.59260	0.04922	0.07000
0.79013	0.02846	0.04459
0.98766	0.02499	0.04232
1.18519	0.01345	0.02474
1.38273	0.01055	0.02079
1.58026	0.00000	0.00000
1.77779	0.00119	0.00267
1.97532	0.00215	0.00550

Proportion of advantageous (S > 0) mutations:
 0.37035

Proportions of good & bad mutations (|S| > 2.0000) among mutations:
0.00215  0.01706

mean |Ns| = 0.56094	mean Ns+ = 0.44809	mean Ns- = -0.62732


MLEs of dN/dS (w) for site classes (K=4)

site class             0        1       2a       2b
proportion       0.60684  0.23139  0.11711  0.04466
background w     0.13362  1.00000  0.13362  1.00000
foreground w     0.13362  1.00000 18.21183 18.21183

Naive Empirical Bayes (NEB) probabilities for 4 classes
(amino acids refer to 1st sequence: AT2G33500_AT2G33500.1_Athaliana_Araport11)

   1 S   0.51291 0.32532 0.09899 0.06278 ( 1)
   2 N   0.82788 0.01035 0.15977 0.00200 ( 1)
   3 E   0.71111 0.12712 0.13724 0.02453 ( 1)
   4 L   0.81231 0.02592 0.15677 0.00500 ( 1)
   5 I   0.83032 0.00791 0.16024 0.00153 ( 1)
   6 V   0.81233 0.02590 0.15677 0.00500 ( 1)
   7 P   0.74907 0.08916 0.14456 0.01721 ( 1)
   8 Y   0.02807 0.81016 0.00542 0.15635 ( 2)
   9 D   0.81858 0.01965 0.15798 0.00379 ( 1)
  10 V   0.25120 0.58703 0.04848 0.11329 ( 2)
  11 S   0.37988 0.45835 0.07331 0.08846 ( 2)
  12 C   0.10905 0.72918 0.02105 0.14072 ( 2)
  13 K   0.81335 0.02488 0.15697 0.00480 ( 1)
  14 K   0.75443 0.08380 0.14560 0.01617 ( 1)
  15 Q   0.59473 0.24350 0.11478 0.04699 ( 1)
  16 S   0.09712 0.74111 0.01874 0.14303 ( 2)
  17 F   0.24629 0.59194 0.04753 0.11424 ( 2)
  18 S   0.76026 0.07797 0.14672 0.01505 ( 1)
  19 F   0.72979 0.10844 0.14084 0.02093 ( 1)
  20 G   0.82846 0.00977 0.15988 0.00189 ( 1)
  21 R   0.71800 0.12023 0.13857 0.02320 ( 1)
  22 S   0.70381 0.13442 0.13583 0.02594 ( 1)
  23 K   0.75664 0.08218 0.14903 0.01215 ( 1)
  24 Q   0.03581 0.73586 0.03452 0.19381 ( 2)
  25 V   0.00192 0.83796 0.00266 0.15746 ( 2)
  26 V   0.12016 0.61584 0.14194 0.12206 ( 2)
  27 F   0.99189 0.00086 0.00722 0.00003 ( 1)
  28 E   0.01933 0.83675 0.00820 0.13573 ( 2)
  29 Q   0.08597 0.00984 0.90025 0.00393 ( 3)
  30 L   0.99068 0.00003 0.00929 0.00000 ( 1)
  31 E   0.22053 0.61770 0.04256 0.11921 ( 2)
  32 L   0.27729 0.56094 0.05351 0.10825 ( 2)
  33 L   0.82145 0.01678 0.15853 0.00324 ( 1)
  34 K   0.18034 0.65789 0.03480 0.12697 ( 2)
  35 R   0.67362 0.16461 0.13000 0.03177 ( 1)
  36 G   0.45391 0.38432 0.08760 0.07417 ( 1)
  37 F   0.68799 0.15024 0.13277 0.02900 ( 1)
  38 V   0.60312 0.23511 0.11640 0.04537 ( 1)
  39 E   0.05596 0.78227 0.01080 0.15097 ( 2)
  40 G   0.34595 0.49228 0.06677 0.09500 ( 2)
  41 E   0.96645 0.01088 0.02195 0.00071 ( 1)
  42 G   0.98636 0.00426 0.00924 0.00015 ( 1)
  43 E   0.93362 0.03871 0.02479 0.00289 ( 1)
  44 I   0.70525 0.00527 0.28883 0.00065 ( 1)
  45 M   0.01717 0.61283 0.12692 0.24308 ( 2)
  46 V   0.92314 0.03537 0.03585 0.00564 ( 1)
  47 P   0.85878 0.06246 0.07064 0.00812 ( 1)
  48 E   0.61353 0.27130 0.07341 0.04176 ( 1)
  49 -   0.01115 0.37600 0.43238 0.18048 ( 3)
  50 -   0.13521 0.72987 0.00968 0.12525 ( 2)
  51 -   0.03673 0.86907 0.01137 0.08283 ( 2)
  52 -   0.97676 0.01171 0.01042 0.00111 ( 1)
  53 -   0.98095 0.00442 0.01428 0.00034 ( 1)
  54 -   0.81362 0.11765 0.04800 0.02074 ( 1)
  55 -   0.92433 0.06584 0.00546 0.00438 ( 1)
  56 -   0.00441 0.70212 0.05292 0.24056 ( 2)
  57 -   0.98214 0.00423 0.01338 0.00025 ( 1)
  58 -   0.98555 0.00325 0.01106 0.00015 ( 1)
  59 -   0.97808 0.00481 0.01679 0.00032 ( 1)
  60 -   0.09173 0.69073 0.08772 0.12982 ( 2)
  61 -   0.81671 0.11775 0.05527 0.01028 ( 1)
  62 -   0.73686 0.17796 0.06391 0.02127 ( 1)
  63 -   0.98423 0.00108 0.01464 0.00005 ( 1)
  64 I   0.95315 0.02410 0.02106 0.00169 ( 1)
  65 S   0.00063 0.91958 0.00021 0.07958 ( 2)
  66 Q   0.54713 0.00160 0.45105 0.00022 ( 1)
  67 Q   0.58971 0.00004 0.41025 0.00001 ( 1)
  68 W   0.64109 0.11063 0.23739 0.01088 ( 1)
  69 N   0.33576 0.23045 0.34247 0.09132 ( 3)
  70 A   0.99162 0.00201 0.00628 0.00010 ( 1)
  71 -   0.00174 0.75129 0.01760 0.22937 ( 2)
  72 -   0.70805 0.24090 0.01856 0.03250 ( 1)
  73 T   0.94910 0.01972 0.02756 0.00361 ( 1)
  74 N   0.94729 0.01430 0.03579 0.00261 ( 1)
  75 H   0.36169 0.18227 0.41888 0.03716 ( 3)
  76 S   0.33263 0.52867 0.04384 0.09486 ( 2)
  77 D   0.81600 0.02223 0.15748 0.00429 ( 1)
  78 F   0.82712 0.01111 0.15963 0.00214 ( 1)
  79 N   0.82878 0.00945 0.15995 0.00182 ( 1)
  80 L   0.97429 0.00414 0.02097 0.00060 ( 1)
  81 G   0.48582 0.40198 0.03565 0.07654 ( 1)
  82 Q   0.88315 0.05203 0.05592 0.00890 ( 1)
  83 S   0.93662 0.04019 0.01917 0.00402 ( 1)
  84 R   0.14132 0.79013 0.00378 0.06476 ( 2)
  85 N   0.00241 0.83801 0.00046 0.15912 ( 2)
  86 P   0.82040 0.01783 0.15833 0.00344 ( 1)
  87 D   0.50689 0.33134 0.09783 0.06394 ( 1)
  88 E   0.26786 0.57038 0.05169 0.11008 ( 2)
  89 P   0.08634 0.75189 0.01666 0.14511 ( 2)
  90 S   0.49454 0.34369 0.09544 0.06633 ( 1)
  91 P   0.52034 0.31789 0.10042 0.06135 ( 1)
  92 E   0.59917 0.23906 0.11563 0.04614 ( 1)
  93 D   0.24416 0.59407 0.04712 0.11465 ( 2)
  94 S   0.66118 0.17705 0.12760 0.03417 ( 1)
  95 V   0.16133 0.67690 0.03114 0.13063 ( 2)
  96 H   0.05723 0.78100 0.01104 0.15072 ( 2)
  97 I   0.07163 0.76660 0.01382 0.14795 ( 2)
  98 P   0.82180 0.01643 0.15860 0.00317 ( 1)
  99 A   0.16127 0.67696 0.03112 0.13065 ( 2)
 100 D   0.09389 0.74434 0.01812 0.14365 ( 2)
 101 S   0.33990 0.49834 0.06560 0.09617 ( 2)
 102 C   0.78521 0.05302 0.15154 0.01023 ( 1)
 103 G   0.05603 0.78220 0.01081 0.15096 ( 2)
 104 L   0.13034 0.70789 0.02516 0.13661 ( 2)
 105 H   0.77356 0.06467 0.14929 0.01248 ( 1)
 106 C   0.77261 0.06562 0.14911 0.01266 ( 1)
 107 T   0.34729 0.49094 0.06702 0.09475 ( 2)
 108 E   0.79644 0.04179 0.15370 0.00806 ( 1)
 109 H   0.00490 0.71998 0.06897 0.20615 ( 2)
 110 I   0.97372 0.00811 0.01762 0.00055 ( 1)
 111 -   0.98797 0.00297 0.00889 0.00017 ( 1)
 112 -   0.06731 0.54589 0.25416 0.13264 ( 2)
 113 -   0.05343 0.54487 0.24234 0.15937 ( 2)
 114 -   0.05339 0.16363 0.72866 0.05432 ( 3)
 115 -   0.85018 0.11831 0.01822 0.01329 ( 1)
 116 -   0.96593 0.01517 0.01724 0.00165 ( 1)
 117 -   0.81788 0.15438 0.01679 0.01095 ( 1)
 118 -   0.45038 0.17263 0.34256 0.03443 ( 1)
 119 -   0.96391 0.02407 0.01084 0.00119 ( 1)
 120 -   0.09853 0.20892 0.63432 0.05823 ( 3)
 121 -   0.95310 0.01988 0.02483 0.00218 ( 1)
 122 -   0.98162 0.00876 0.00902 0.00061 ( 1)
 123 -   0.64631 0.18779 0.14244 0.02346 ( 1)
 124 -   0.97387 0.01519 0.00999 0.00095 ( 1)
 125 -   0.46707 0.46378 0.02235 0.04680 ( 1)
 126 -   0.26383 0.56724 0.08646 0.08247 ( 2)
 127 -   0.77143 0.11204 0.10587 0.01066 ( 1)
 128 -   0.77505 0.18219 0.02579 0.01696 ( 1)
 129 -   0.11773 0.18384 0.63657 0.06186 ( 3)
 130 -   0.97315 0.01472 0.01116 0.00097 ( 1)
 131 -   0.96003 0.02373 0.01463 0.00161 ( 1)
 132 -   0.92590 0.04846 0.02221 0.00342 ( 1)
 133 -   0.75098 0.10140 0.13562 0.01200 ( 1)
 134 -   0.94702 0.02602 0.02450 0.00245 ( 1)
 135 -   0.97415 0.01304 0.01183 0.00098 ( 1)
 136 -   0.13335 0.47669 0.21308 0.17688 ( 2)
 137 -   0.06506 0.42937 0.36416 0.14141 ( 2)
 138 -   0.92010 0.04800 0.02744 0.00446 ( 1)
 139 -   0.59209 0.18860 0.18863 0.03068 ( 1)
 140 -   0.96245 0.02011 0.01570 0.00174 ( 1)
 141 -   0.69017 0.06590 0.23044 0.01349 ( 1)
 142 -   0.95749 0.02612 0.01485 0.00154 ( 1)
 143 -   0.15915 0.62030 0.02941 0.19113 ( 2)
 144 -   0.84246 0.14065 0.01013 0.00676 ( 1)
 145 -   0.95046 0.02598 0.02108 0.00248 ( 1)
 146 -   0.05217 0.15067 0.73048 0.06668 ( 3)
 147 -   0.09437 0.25650 0.57293 0.07620 ( 3)
 148 -   0.78802 0.08926 0.11157 0.01115 ( 1)
 149 -   0.60745 0.35763 0.00908 0.02584 ( 1)
 150 -   0.96701 0.00931 0.02221 0.00146 ( 1)
 151 -   0.15139 0.11513 0.70282 0.03066 ( 3)
 152 A   0.78460 0.13754 0.05198 0.02588 ( 1)
 153 I   0.58481 0.35262 0.02401 0.03857 ( 1)
 154 T   0.75932 0.08927 0.13612 0.01529 ( 1)
 155 S   0.97113 0.00959 0.01871 0.00056 ( 1)
 156 T   0.79956 0.11134 0.07688 0.01222 ( 1)
 157 R   0.08771 0.47625 0.33296 0.10308 ( 2)
 158 L   0.00334 0.70526 0.08258 0.20881 ( 2)
 159 V   0.97093 0.00425 0.02434 0.00049 ( 1)
 160 A   0.09108 0.03408 0.86792 0.00693 ( 3)
 161 V   0.00121 0.78660 0.00262 0.20957 ( 2)
 162 T   0.72715 0.23346 0.02144 0.01795 ( 1)
 163 -   0.76483 0.18530 0.02420 0.02567 ( 1)
 164 -   0.08847 0.74423 0.02867 0.13863 ( 2)
 165 -   0.24223 0.24683 0.46402 0.04691 ( 3)
 166 -   0.04456 0.77809 0.02867 0.14868 ( 2)
 167 -   0.96248 0.02047 0.01548 0.00157 ( 1)
 168 -   0.03178 0.57271 0.22244 0.17307 ( 2)
 169 -   0.79618 0.16775 0.01977 0.01630 ( 1)
 170 -   0.22201 0.23671 0.49032 0.05096 ( 3)
 171 -   0.72712 0.23053 0.02306 0.01929 ( 1)
 172 -   0.93900 0.03760 0.02063 0.00276 ( 1)
 173 -   0.68750 0.25357 0.03223 0.02669 ( 1)
 174 -   0.59903 0.12744 0.25061 0.02292 ( 1)
 175 N   0.02121 0.03799 0.92765 0.01316 ( 3)
 176 A   0.91137 0.06277 0.02146 0.00440 ( 1)
 177 D   0.64796 0.00966 0.34084 0.00154 ( 1)
 178 L   0.14785 0.15162 0.64438 0.05616 ( 3)
 179 E   0.97576 0.00043 0.02378 0.00003 ( 1)
 180 R   0.81046 0.02777 0.15641 0.00536 ( 1)
 181 D   0.00212 0.78764 0.00211 0.20813 ( 2)
 182 N   0.02331 0.78343 0.01320 0.18006 ( 2)
 183 -   0.79307 0.08385 0.11181 0.01127 ( 1)
 184 -   0.64631 0.18779 0.14244 0.02346 ( 1)
 185 -   0.62455 0.19023 0.15946 0.02576 ( 1)
 186 -   0.25942 0.57629 0.08152 0.08277 ( 2)
 187 -   0.03878 0.73720 0.03972 0.18430 ( 2)
 188 -   0.75269 0.20888 0.01979 0.01864 ( 1)
 189 -   0.31364 0.44381 0.15395 0.08861 ( 2)
 190 -   0.06212 0.65640 0.15109 0.13038 ( 2)
 191 -   0.93542 0.02780 0.03377 0.00300 ( 1)
 192 -   0.28391 0.17912 0.50165 0.03532 ( 3)
 193 -   0.96492 0.01794 0.01564 0.00151 ( 1)
 194 -   0.95168 0.03160 0.01488 0.00183 ( 1)
 195 -   0.96270 0.02661 0.00949 0.00120 ( 1)
 196 -   0.72931 0.19423 0.04750 0.02895 ( 1)
 197 -   0.98944 0.00553 0.00477 0.00027 ( 1)
 198 -   0.26662 0.54539 0.10573 0.08225 ( 2)
 199 A   0.97309 0.00014 0.02675 0.00001 ( 1)
 200 M   0.98588 0.00150 0.01254 0.00008 ( 1)
 201 -   0.97906 0.00749 0.01263 0.00081 ( 1)
 202 -   0.10578 0.22138 0.59760 0.07525 ( 3)
 203 -   0.78882 0.09971 0.10244 0.00903 ( 1)
 204 -   0.99315 0.00393 0.00279 0.00013 ( 1)
 205 -   0.45109 0.19689 0.31027 0.04175 ( 1)
 206 -   0.29994 0.18522 0.48159 0.03324 ( 3)
 207 Q   0.89405 0.00991 0.09535 0.00068 ( 1)
 208 -   0.86037 0.10273 0.02479 0.01210 ( 1)
 209 -   0.22877 0.71300 0.00703 0.05120 ( 2)
 210 -   0.98899 0.00346 0.00745 0.00010 ( 1)
 211 -   0.99315 0.00393 0.00279 0.00013 ( 1)
 212 -   0.14141 0.60956 0.13632 0.11271 ( 2)
 213 -   0.40021 0.47455 0.06903 0.05622 ( 2)
 214 -   0.78608 0.18170 0.01888 0.01334 ( 1)
 215 -   0.10789 0.56137 0.15644 0.17429 ( 2)
 216 -   0.12102 0.24170 0.57272 0.06457 ( 3)
 217 -   0.80286 0.17502 0.01219 0.00994 ( 1)
 218 -   0.91779 0.04425 0.03338 0.00458 ( 1)
 219 -   0.14138 0.60987 0.09487 0.15388 ( 2)
 220 -   0.03826 0.16947 0.72821 0.06406 ( 3)
 221 -   0.56199 0.37132 0.02727 0.03942 ( 1)
 222 -   0.55666 0.13025 0.28777 0.02532 ( 1)
 223 -   0.43161 0.40919 0.10466 0.05454 ( 1)
 224 -   0.04942 0.76794 0.02600 0.15665 ( 2)
 225 -   0.93051 0.05615 0.00884 0.00451 ( 1)
 226 -   0.22413 0.66377 0.02168 0.09042 ( 2)
 227 -   0.96043 0.02340 0.01451 0.00166 ( 1)
 228 -   0.37456 0.54626 0.01363 0.06555 ( 2)
 229 -   0.04998 0.61258 0.17398 0.16346 ( 2)
 230 -   0.80142 0.07413 0.11666 0.00779 ( 1)
 231 -   0.74082 0.19066 0.03774 0.03078 ( 1)
 232 -   0.04174 0.21659 0.63781 0.10385 ( 3)
 233 -   0.85366 0.10627 0.02650 0.01358 ( 1)
 234 -   0.45842 0.20086 0.30040 0.04033 ( 1)
 235 -   0.76132 0.20951 0.01598 0.01320 ( 1)
 236 -   0.03993 0.20484 0.64881 0.10642 ( 3)
 237 -   0.03538 0.72914 0.03251 0.20297 ( 2)
 238 -   0.30136 0.59223 0.01380 0.09261 ( 2)
 239 -   0.89197 0.03935 0.06558 0.00310 ( 1)
 240 -   0.92054 0.06627 0.00941 0.00378 ( 1)
 241 -   0.30962 0.46065 0.14180 0.08793 ( 2)
 242 -   0.09503 0.48504 0.30160 0.11833 ( 2)
 243 -   0.01174 0.47882 0.27989 0.22956 ( 2)
 244 -   0.05411 0.77071 0.02128 0.15389 ( 2)
 245 -   0.96315 0.01299 0.02238 0.00147 ( 1)
 246 -   0.23935 0.69958 0.00698 0.05410 ( 2)
 247 -   0.76899 0.16410 0.03608 0.03083 ( 1)
 248 -   0.11584 0.16066 0.66125 0.06225 ( 3)
 249 -   0.95029 0.02318 0.02403 0.00251 ( 1)
 250 -   0.95330 0.02587 0.01831 0.00252 ( 1)
 251 -   0.84862 0.07161 0.07046 0.00931 ( 1)
 252 -   0.98017 0.00638 0.01315 0.00030 ( 1)
 253 -   0.95655 0.01443 0.02792 0.00109 ( 1)
 254 -   0.98667 0.00126 0.01194 0.00013 ( 1)
 255 -   0.98109 0.00490 0.01370 0.00031 ( 1)
 256 -   0.98140 0.00568 0.01266 0.00026 ( 1)
 257 -   0.92582 0.04821 0.02334 0.00263 ( 1)
 258 R   0.98289 0.00006 0.01704 0.00000 ( 1)
 259 Y   0.99575 0.00000 0.00425 0.00000 ( 1)
 260 K   0.66845 0.00516 0.32545 0.00094 ( 1)
 261 E   0.97973 0.00038 0.01987 0.00002 ( 1)
 262 K   0.98519 0.00005 0.01475 0.00000 ( 1)
 263 K   0.95540 0.00390 0.04021 0.00048 ( 1)
 264 K   0.98081 0.00044 0.01873 0.00003 ( 1)
 265 T   0.98322 0.00281 0.01371 0.00026 ( 1)
 266 R   0.98612 0.00004 0.01384 0.00000 ( 1)
 267 R   0.92677 0.04543 0.02506 0.00274 ( 1)
 268 Y   0.98935 0.00005 0.01060 0.00000 ( 1)
 269 D   0.81131 0.14566 0.02977 0.01326 ( 1)
 270 K   0.98623 0.00005 0.01371 0.00000 ( 1)
 271 T   0.89295 0.06644 0.03338 0.00723 ( 1)
 272 I   0.99432 0.00000 0.00568 0.00000 ( 1)
 273 R   0.97639 0.00008 0.02352 0.00001 ( 1)
 274 Y   0.99456 0.00000 0.00544 0.00000 ( 1)
 275 E   0.97604 0.00312 0.02065 0.00019 ( 1)
 276 T   0.88455 0.03856 0.07104 0.00585 ( 1)
 277 R   0.98789 0.00002 0.01208 0.00000 ( 1)
 278 K   0.98842 0.00004 0.01154 0.00000 ( 1)
 279 A   0.85519 0.03343 0.10696 0.00442 ( 1)
 280 R   0.97325 0.00985 0.01605 0.00086 ( 1)
 281 A   0.98826 0.00000 0.01173 0.00000 ( 1)
 282 E   0.97681 0.00339 0.01962 0.00017 ( 1)
 283 T   0.41781 0.14809 0.40445 0.02965 ( 1)
 284 R   0.98489 0.00006 0.01505 0.00000 ( 1)
 285 L   0.97717 0.01117 0.01116 0.00050 ( 1)
 286 R   0.99030 0.00010 0.00960 0.00000 ( 1)
 287 V   0.98170 0.00050 0.01777 0.00003 ( 1)
 288 K   0.98523 0.00302 0.01158 0.00017 ( 1)
 289 G   0.97851 0.00003 0.02146 0.00000 ( 1)
 290 R   0.98094 0.00016 0.01888 0.00002 ( 1)
 291 F   0.99262 0.00001 0.00737 0.00000 ( 1)
 292 V   0.97574 0.00180 0.02232 0.00014 ( 1)
 293 K   0.98624 0.00005 0.01371 0.00000 ( 1)
 294 A   0.97419 0.00361 0.02192 0.00028 ( 1)
 295 T   0.93757 0.02783 0.03147 0.00313 ( 1)
 296 D   0.32402 0.60904 0.02397 0.04297 ( 2)
 297 P   0.86626 0.08968 0.03422 0.00984 ( 1)
 298 -   0.83005 0.00818 0.16019 0.00158 ( 1)
 299 -   0.82089 0.01734 0.15842 0.00335 ( 1)
 300 -   0.00062 0.63194 0.06671 0.30073 ( 2)
 301 -   0.01071 0.35227 0.46304 0.17398 ( 3)


lnL = -4002.837093

Bayes Empirical Bayes (BEB) probabilities for 4 classes (class)
(amino acids refer to 1st sequence: AT2G33500_AT2G33500.1_Athaliana_Araport11)

   1 S   0.55453 0.28699 0.10503 0.05345 ( 1)
   2 N   0.83067 0.01085 0.15646 0.00202 ( 1)
   3 E   0.72529 0.11623 0.13688 0.02160 ( 1)
   4 L   0.81499 0.02653 0.15355 0.00493 ( 1)
   5 I   0.83313 0.00839 0.15692 0.00156 ( 1)
   6 V   0.81530 0.02622 0.15361 0.00487 ( 1)
   7 P   0.76001 0.08151 0.14334 0.01514 ( 1)
   8 Y   0.04196 0.79956 0.00806 0.15041 ( 2)
   9 D   0.82139 0.02013 0.15474 0.00374 ( 1)
  10 V   0.29950 0.54202 0.05710 0.10138 ( 2)
  11 S   0.43232 0.40920 0.08213 0.07635 ( 1)
  12 C   0.14988 0.69164 0.02870 0.12978 ( 2)
  13 K   0.81614 0.02538 0.15377 0.00471 ( 1)
  14 K   0.76382 0.07770 0.14404 0.01443 ( 1)
  15 Q   0.61834 0.22318 0.11695 0.04153 ( 1)
  16 S   0.13375 0.70777 0.02563 0.13285 ( 2)
  17 F   0.29730 0.54422 0.05668 0.10179 ( 2)
  18 S   0.76926 0.07226 0.14506 0.01342 ( 1)
  19 F   0.74046 0.10106 0.13970 0.01878 ( 1)
  20 G   0.83120 0.01033 0.15656 0.00192 ( 1)
  21 R   0.73146 0.11006 0.13803 0.02045 ( 1)
  22 S   0.71746 0.12406 0.13542 0.02306 ( 1)
  23 K   0.77670 0.06605 0.14773 0.00953 ( 1)
  24 Q   0.06213 0.70919 0.05371 0.17496 ( 2)
  25 V   0.00439 0.83830 0.00483 0.15248 ( 2)
  26 V   0.17122 0.53389 0.18899 0.10590 ( 2)
  27 F   0.98852 0.00084 0.01059 0.00004 ( 1)
  28 E   0.03667 0.81222 0.01541 0.13570 ( 2)
  29 Q   0.11105 0.00991 0.87558 0.00345 ( 3)
  30 L   0.98785 0.00003 0.01212 0.00000 ( 1)
  31 E   0.26965 0.57187 0.05145 0.10703 ( 2)
  32 L   0.32919 0.51234 0.06271 0.09577 ( 2)
  33 L   0.82431 0.01721 0.15528 0.00319 ( 1)
  34 K   0.22605 0.61547 0.04319 0.11529 ( 2)
  35 R   0.69157 0.14995 0.13060 0.02788 ( 1)
  36 G   0.50370 0.33782 0.09552 0.06296 ( 1)
  37 F   0.70286 0.13866 0.13270 0.02578 ( 1)
  38 V   0.62895 0.21257 0.11893 0.03955 ( 1)
  39 E   0.08072 0.76080 0.01549 0.14299 ( 2)
  40 G   0.39917 0.44235 0.07589 0.08258 ( 2)
  41 E   0.95872 0.00997 0.03054 0.00077 ( 1)
  42 G   0.98222 0.00395 0.01365 0.00017 ( 1)
  43 E   0.92974 0.03355 0.03385 0.00286 ( 1)
  44 I   0.70104 0.00481 0.29353 0.00062 ( 1)
  45 M   0.03120 0.58636 0.17810 0.20433 ( 2)
  46 V   0.93081 0.02991 0.03481 0.00447 ( 1)
  47 P   0.86943 0.05111 0.07297 0.00650 ( 1)
  48 E   0.66044 0.22379 0.08235 0.03342 ( 1)
  49 -   0.01918 0.38307 0.44447 0.15328 ( 3)
  50 -   0.18898 0.68031 0.01474 0.11597 ( 2)
  51 -   0.06314 0.83128 0.01902 0.08655 ( 2)
  52 -   0.97630 0.01026 0.01246 0.00098 ( 1)
  53 -   0.97677 0.00440 0.01847 0.00037 ( 1)
  54 -   0.83174 0.10294 0.04842 0.01690 ( 1)
  55 -   0.93080 0.05748 0.00746 0.00426 ( 1)
  56 -   0.00779 0.71401 0.06162 0.21657 ( 2)
  57 -   0.97802 0.00446 0.01722 0.00030 ( 1)
  58 -   0.98202 0.00343 0.01438 0.00017 ( 1)
  59 -   0.97306 0.00505 0.02151 0.00038 ( 1)
  60 -   0.12521 0.65569 0.10037 0.11873 ( 2)
  61 -   0.83048 0.10207 0.05796 0.00949 ( 1)
  62 -   0.77670 0.15021 0.05676 0.01633 ( 1)
  63 -   0.97910 0.00104 0.01980 0.00006 ( 1)
  64 I   0.95069 0.02028 0.02743 0.00159 ( 1)
  65 S   0.00134 0.90244 0.00050 0.09572 ( 2)
  66 Q   0.58335 0.00160 0.41484 0.00021 ( 1)
  67 Q   0.59910 0.00004 0.40085 0.00001 ( 1)
  68 W   0.60399 0.07726 0.30826 0.01048 ( 1)
  69 N   0.39371 0.20153 0.33548 0.06928 ( 1)
  70 A   0.98896 0.00190 0.00904 0.00011 ( 1)
  71 -   0.00340 0.75212 0.02477 0.21972 ( 2)
  72 -   0.74404 0.20486 0.02307 0.02803 ( 1)
  73 T   0.94223 0.02100 0.03298 0.00378 ( 1)
  74 N   0.94117 0.01444 0.04180 0.00259 ( 1)
  75 H   0.43097 0.17033 0.36636 0.03235 ( 1)
  76 S   0.39268 0.46848 0.05635 0.08248 ( 2)
  77 D   0.81873 0.02279 0.15425 0.00423 ( 1)
  78 F   0.82996 0.01156 0.15633 0.00215 ( 1)
  79 N   0.83162 0.00990 0.15664 0.00184 ( 1)
  80 L   0.96670 0.00445 0.02820 0.00065 ( 1)
  81 G   0.52859 0.36182 0.04250 0.06709 ( 1)
  82 Q   0.87982 0.04837 0.06366 0.00816 ( 1)
  83 S   0.94442 0.03307 0.01934 0.00317 ( 1)
  84 R   0.20167 0.72260 0.00754 0.06819 ( 2)
  85 N   0.00466 0.84018 0.00089 0.15428 ( 2)
  86 P   0.82336 0.01816 0.15511 0.00337 ( 1)
  87 D   0.54173 0.29979 0.10264 0.05584 ( 1)
  88 E   0.31884 0.52268 0.06075 0.09773 ( 2)
  89 P   0.12051 0.72102 0.02310 0.13538 ( 2)
  90 S   0.53996 0.30156 0.10231 0.05617 ( 1)
  91 P   0.55119 0.29033 0.10441 0.05407 ( 1)
  92 E   0.62411 0.21741 0.11803 0.04045 ( 1)
  93 D   0.29396 0.54756 0.05605 0.10243 ( 2)
  94 S   0.67992 0.16160 0.12843 0.03005 ( 1)
  95 V   0.19977 0.64175 0.03820 0.12028 ( 2)
  96 H   0.07894 0.76258 0.01515 0.14333 ( 2)
  97 I   0.10062 0.74090 0.01930 0.13918 ( 2)
  98 P   0.82466 0.01686 0.15535 0.00313 ( 1)
  99 A   0.20326 0.63826 0.03886 0.11962 ( 2)
 100 D   0.12390 0.71762 0.02375 0.13473 ( 2)
 101 S   0.39354 0.44798 0.07483 0.08364 ( 2)
 102 C   0.79144 0.05008 0.14918 0.00930 ( 1)
 103 G   0.08119 0.76033 0.01558 0.14290 ( 2)
 104 L   0.17298 0.66854 0.03310 0.12537 ( 2)
 105 H   0.78201 0.05951 0.14743 0.01105 ( 1)
 106 C   0.77973 0.06179 0.14700 0.01148 ( 1)
 107 T   0.40116 0.44036 0.07627 0.08221 ( 2)
 108 E   0.79963 0.04189 0.15070 0.00778 ( 1)
 109 H   0.00969 0.69732 0.10091 0.19208 ( 2)
 110 I   0.96917 0.00702 0.02327 0.00054 ( 1)
 111 -   0.98526 0.00281 0.01175 0.00018 ( 1)
 112 -   0.09022 0.50829 0.27929 0.12220 ( 2)
 113 -   0.07459 0.52643 0.25598 0.14299 ( 2)
 114 -   0.07608 0.17731 0.69404 0.05257 ( 3)
 115 -   0.85747 0.10800 0.02176 0.01277 ( 1)
 116 -   0.96615 0.01549 0.01679 0.00157 ( 1)
 117 -   0.82574 0.13867 0.02414 0.01146 ( 1)
 118 -   0.49320 0.16444 0.31156 0.03080 ( 1)
 119 -   0.95750 0.02391 0.01713 0.00146 ( 1)
 120 -   0.12714 0.21091 0.60715 0.05481 ( 3)
 121 -   0.94953 0.02007 0.02820 0.00220 ( 1)
 122 -   0.97798 0.00899 0.01233 0.00069 ( 1)
 123 -   0.66573 0.16994 0.14303 0.02131 ( 1)
 124 -   0.96993 0.01533 0.01365 0.00110 ( 1)
 125 -   0.50525 0.42080 0.02846 0.04549 ( 1)
 126 -   0.31312 0.51583 0.09668 0.07437 ( 2)
 127 -   0.75691 0.09854 0.13357 0.01099 ( 1)
 128 -   0.78710 0.16280 0.03321 0.01690 ( 1)
 129 -   0.16320 0.20151 0.57792 0.05737 ( 3)
 130 -   0.96867 0.01490 0.01532 0.00112 ( 1)
 131 -   0.95509 0.02367 0.01942 0.00183 ( 1)
 132 -   0.91815 0.04733 0.03063 0.00389 ( 1)
 133 -   0.75744 0.09158 0.13954 0.01144 ( 1)
 134 -   0.94089 0.02592 0.03058 0.00261 ( 1)
 135 -   0.97144 0.01320 0.01434 0.00102 ( 1)
 136 -   0.17254 0.47003 0.20656 0.15087 ( 2)
 137 -   0.09335 0.43316 0.34890 0.12458 ( 2)
 138 -   0.91458 0.04720 0.03352 0.00470 ( 1)
 139 -   0.61413 0.17215 0.18606 0.02767 ( 1)
 140 -   0.96025 0.02018 0.01784 0.00172 ( 1)
 141 -   0.72805 0.06306 0.19723 0.01166 ( 1)
 142 -   0.95101 0.02593 0.02127 0.00178 ( 1)
 143 -   0.20364 0.60508 0.03218 0.15910 ( 2)
 144 -   0.84841 0.12603 0.01738 0.00818 ( 1)
 145 -   0.94606 0.02600 0.02535 0.00259 ( 1)
 146 -   0.07777 0.17458 0.68409 0.06356 ( 3)
 147 -   0.11615 0.24600 0.56514 0.07271 ( 3)
 148 -   0.79665 0.08136 0.11180 0.01019 ( 1)
 149 -   0.67144 0.29213 0.01316 0.02327 ( 1)
 150 -   0.96098 0.00997 0.02750 0.00155 ( 1)
 151 -   0.20137 0.12740 0.64145 0.02978 ( 3)
 152 A   0.81561 0.11424 0.05013 0.02002 ( 1)
 153 I   0.65185 0.28860 0.02781 0.03174 ( 1)
 154 T   0.76578 0.07292 0.14861 0.01270 ( 1)
 155 S   0.96413 0.00838 0.02687 0.00062 ( 1)
 156 T   0.81969 0.08795 0.08236 0.01000 ( 1)
 157 R   0.12756 0.42752 0.35878 0.08613 ( 2)
 158 L   0.00641 0.68805 0.11139 0.19416 ( 2)
 159 V   0.97276 0.00397 0.02286 0.00041 ( 1)
 160 A   0.13200 0.03622 0.82517 0.00660 ( 3)
 161 V   0.00255 0.79716 0.00448 0.19581 ( 2)
 162 T   0.76646 0.18824 0.02915 0.01615 ( 1)
 163 -   0.78209 0.16869 0.02673 0.02249 ( 1)
 164 -   0.12156 0.70716 0.03809 0.13319 ( 2)
 165 -   0.27749 0.22504 0.45493 0.04253 ( 3)
 166 -   0.06507 0.75651 0.03756 0.14087 ( 2)
 167 -   0.95760 0.02055 0.02012 0.00174 ( 1)
 168 -   0.04614 0.56164 0.23507 0.15715 ( 2)
 169 -   0.81017 0.15132 0.02321 0.01530 ( 1)
 170 -   0.26887 0.22810 0.45739 0.04564 ( 3)
 171 -   0.74277 0.20591 0.03128 0.02004 ( 1)
 172 -   0.93138 0.03705 0.02835 0.00322 ( 1)
 173 -   0.70980 0.22737 0.03807 0.02476 ( 1)
 174 -   0.63424 0.11997 0.22522 0.02057 ( 1)
 175 N   0.03460 0.04136 0.91176 0.01228 ( 3)
 176 A   0.91752 0.05126 0.02714 0.00408 ( 1)
 177 D   0.68314 0.00899 0.30653 0.00135 ( 1)
 178 L   0.20400 0.14657 0.60487 0.04456 ( 3)
 179 E   0.96981 0.00048 0.02967 0.00004 ( 1)
 180 R   0.81339 0.02814 0.15325 0.00522 ( 1)
 181 D   0.00426 0.79675 0.00348 0.19552 ( 2)
 182 N   0.04276 0.76937 0.02023 0.16763 ( 2)
 183 -   0.80527 0.07699 0.10766 0.01009 ( 1)
 184 -   0.66573 0.16994 0.14303 0.02131 ( 1)
 185 -   0.63657 0.17067 0.16836 0.02439 ( 1)
 186 -   0.30861 0.52526 0.09133 0.07480 ( 2)
 187 -   0.05642 0.72413 0.04894 0.17051 ( 2)
 188 -   0.76775 0.18766 0.02599 0.01860 ( 1)
 189 -   0.36679 0.40493 0.15283 0.07545 ( 2)
 190 -   0.08415 0.61003 0.17999 0.12583 ( 2)
 191 -   0.92827 0.02774 0.04077 0.00321 ( 1)
 192 -   0.34232 0.17440 0.45182 0.03145 ( 3)
 193 -   0.96267 0.01808 0.01774 0.00152 ( 1)
