Supplemental results for CODEML (seqf: aligned.fas  treef: AT2G33500_AT2G33500.1_Athaliana_Araport11.treefile)

I	J	ij	2Ns_IJ	pMut_IJ	pSub_IJ	2Ns_JI	pMut_JI	pSub_JI

TTC	TTT	CT	-0.09064	0.02032	0.01942	0.09064	0.01856	0.01942
TTA	TTT	AT	0.69827	0.00722	0.01003	-0.69827	0.01451	0.01003
TTA	TTC	AC	0.78891	0.00632	0.00913	-0.78891	0.01390	0.00913
TTG	TTT	GT	-0.04990	0.01924	0.01877	0.04990	0.01831	0.01877
TTG	TTC	GC	0.04075	0.01684	0.01719	-0.04075	0.01754	0.01719
TTG	TTA	GA	-0.74817	0.02842	0.01910	0.74817	0.01345	0.01910
TCT	TTT	CT	0.27226	0.01414	0.01615	-0.27226	0.01856	0.01615
TCC	TTC	CT	0.29424	0.01326	0.01530	-0.29424	0.01779	0.01530
TCC	TCT	CT	-0.06867	0.01326	0.01281	0.06867	0.01238	0.01281
TCA	TTA	CT	-0.28735	0.01237	0.01068	0.28735	0.00928	0.01068
TCA	TCT	AT	0.13865	0.00842	0.00902	-0.13865	0.00967	0.00902
TCA	TCC	AC	0.20732	0.00737	0.00816	-0.20732	0.00907	0.00816
TCG	TTG	CT	0.44216	0.01591	0.01968	-0.44216	0.02475	0.01968
TCG	TCT	GT	0.12000	0.01082	0.01149	-0.12000	0.01220	0.01149
TCG	TCC	GC	0.18867	0.00947	0.01040	-0.18867	0.01144	0.01040
TCG	TCA	GA	-0.01865	0.01599	0.01584	0.01865	0.01569	0.01584
TAT	TTT	AT	0.61823	0.00782	0.01048	-0.61823	0.01451	0.01048
TAT	TCT	AC	0.34597	0.00684	0.00809	-0.34597	0.00967	0.00809
TAC	TTC	AT	0.50156	0.00842	0.01071	-0.50156	0.01390	0.01071
TAC	TCC	AC	0.20732	0.00737	0.00816	-0.20732	0.00907	0.00816
TAC	TAT	CT	-0.20731	0.01237	0.01113	0.20731	0.01006	0.01113
TGT	TTT	GT	1.01794	0.00661	0.01054	-1.01794	0.01831	0.01054
TGT	TCT	GC	0.74568	0.00579	0.00821	-0.74568	0.01220	0.00821
TGT	TAT	GA	0.39971	0.00977	0.01185	-0.39971	0.01457	0.01185
TGC	TTC	GT	1.29384	0.00481	0.00858	-1.29384	0.01754	0.00858
TGC	TCC	GC	0.99960	0.00421	0.00666	-0.99960	0.01144	0.00666
TGC	TAC	GA	0.79228	0.00711	0.01029	-0.79228	0.01569	0.01029
TGC	TGT	CT	0.18525	0.00707	0.00774	-0.18525	0.00851	0.00774
TGG	TTG	GT	1.30562	0.00661	0.01185	-1.30562	0.02441	0.01185
TGG	TCG	GC	0.86346	0.00579	0.00864	-0.86346	0.01373	0.00864
TGG	TGT	GT	0.23778	0.00661	0.00743	-0.23778	0.00839	0.00743
TGG	TGC	GC	0.05253	0.00579	0.00594	-0.05253	0.00610	0.00594
CTT	TTT	CT	0.15448	0.01591	0.01717	-0.15448	0.01856	0.01717
CTC	TTC	CT	0.92285	0.00707	0.01083	-0.92285	0.01779	0.01083
CTC	CTT	CT	0.67773	0.00707	0.00973	-0.67773	0.01392	0.00973
CTA	TTA	CT	-0.04619	0.00972	0.00950	0.04619	0.00928	0.00950
CTA	CTT	AT	0.49760	0.00661	0.00840	-0.49760	0.01088	0.00840
CTA	CTC	AC	-0.18013	0.00579	0.00528	0.18013	0.00484	0.00528
CTG	TTG	CT	0.84762	0.01060	0.01573	-0.84762	0.02475	0.01573
CTG	CTT	GT	0.64325	0.00722	0.00978	-0.64325	0.01373	0.00978
CTG	CTC	GC	-0.03448	0.00632	0.00621	0.03448	0.00610	0.00621
CTG	CTA	GA	0.14565	0.01066	0.01145	-0.14565	0.01233	0.01145
CCT	TCT	CT	-0.40514	0.01856	0.01505	0.40514	0.01238	0.01505
CCT	CTT	CT	-0.28735	0.01856	0.01602	0.28735	0.01392	0.01602
CCC	TCC	CT	1.47623	0.00265	0.00507	-1.47623	0.01160	0.00507
CCC	CTC	CT	0.84762	0.00265	0.00393	-0.84762	0.00619	0.00393
CCC	CCT	CT	1.81271	0.00265	0.00574	-1.81271	0.01624	0.00574
CCA	TCA	CT	-0.26674	0.01414	0.01234	0.26674	0.01083	0.01234
CCA	CTA	CT	-0.50790	0.01414	0.01085	0.50790	0.00851	0.01085
CCA	CCT	AT	0.27706	0.00962	0.01102	-0.27706	0.01269	0.01102
CCA	CCC	AC	-1.53565	0.00842	0.00355	1.53565	0.00181	0.00355
CCG	TCG	CT	-0.13320	0.01591	0.01487	0.13320	0.01392	0.01487
CCG	CTG	CT	-0.53867	0.01591	0.01200	0.53867	0.00928	0.01200
CCG	CCT	GT	0.39193	0.01082	0.01308	-0.39193	0.01602	0.01308
CCG	CCC	GC	-1.42077	0.00947	0.00429	1.42077	0.00229	0.00429
CCG	CCA	GA	0.11488	0.01599	0.01692	-0.11488	0.01793	0.01692
CAT	TAT	CT	-0.34084	0.01414	0.01187	0.34084	0.01006	0.01187
CAT	CTT	AT	0.12291	0.00962	0.01023	-0.12291	0.01088	0.01023
CAT	CCT	AC	0.41026	0.00842	0.01027	-0.41026	0.01269	0.01027
CAC	TAC	CT	0.42641	0.00707	0.00868	-0.42641	0.01083	0.00868
CAC	CTC	AT	0.00512	0.00481	0.00482	-0.00512	0.00484	0.00482
CAC	CCC	AC	-0.84250	0.00421	0.00268	0.84250	0.00181	0.00268
CAC	CAT	CT	0.55994	0.00707	0.00923	-0.55994	0.01238	0.00923
CAA	CTA	AT	-0.36957	0.00962	0.00795	0.36957	0.00665	0.00795
CAA	CCA	AC	0.13833	0.00842	0.00902	-0.13833	0.00967	0.00902
CAA	CAT	AT	0.00512	0.00962	0.00965	-0.00512	0.00967	0.00965
CAA	CAC	AC	-0.55482	0.00842	0.00630	0.55482	0.00484	0.00630
CAG	CTG	AT	-0.60101	0.01323	0.00965	0.60101	0.00725	0.00965
CAG	CCG	AC	-0.06234	0.01158	0.01122	0.06234	0.01088	0.01122
CAG	CAT	GT	-0.08067	0.01323	0.01270	0.08067	0.01220	0.01270
CAG	CAC	GC	-0.64061	0.01158	0.00826	0.64061	0.00610	0.00826
CAG	CAA	GA	-0.08579	0.01954	0.01871	0.08579	0.01793	0.01871
CGT	TGT	CT	-0.44336	0.01326	0.01053	0.44336	0.00851	0.01053
CGT	CTT	GT	0.42010	0.00902	0.01105	-0.42010	0.01373	0.01105
CGT	CCT	GC	0.70746	0.00790	0.01101	-0.70746	0.01602	0.01101
CGT	CAT	GA	0.29720	0.01332	0.01540	-0.29720	0.01793	0.01540
CGC	TGC	CT	0.55994	0.00353	0.00462	-0.55994	0.00619	0.00462
CGC	CTC	GT	0.93093	0.00241	0.00370	-0.93093	0.00610	0.00370
CGC	CCC	GC	0.08330	0.00211	0.00219	-0.08330	0.00229	0.00219
CGC	CAC	GA	0.92581	0.00355	0.00545	-0.92581	0.00897	0.00545
CGC	CGT	CT	1.18855	0.00353	0.00604	-1.18855	0.01160	0.00604
CGA	CTA	GT	0.33309	0.00601	0.00707	-0.33309	0.00839	0.00707
CGA	CCA	GC	0.84099	0.00526	0.00778	-0.84099	0.01220	0.00778
CGA	CAA	GA	0.70266	0.00888	0.01237	-0.70266	0.01793	0.01237
CGA	CGT	AT	0.41059	0.00601	0.00733	-0.41059	0.00907	0.00733
CGA	CGC	AC	-0.77796	0.00526	0.00348	0.77796	0.00242	0.00348
CGG	TGG	CT	0.06747	0.00795	0.00822	-0.06747	0.00851	0.00822
CGG	CTG	GT	0.52546	0.00541	0.00696	-0.52546	0.00915	0.00696
CGG	CCG	GC	1.06413	0.00474	0.00770	-1.06413	0.01373	0.00770
CGG	CAG	GA	1.12648	0.00799	0.01332	-1.12648	0.02466	0.01332
CGG	CGT	GT	0.74861	0.00541	0.00769	-0.74861	0.01144	0.00769
CGG	CGC	GC	-0.43994	0.00474	0.00377	0.43994	0.00305	0.00377
CGG	CGA	GA	0.33802	0.00799	0.00942	-0.33802	0.01121	0.00942
ATT	TTT	AT	0.18744	0.01203	0.01319	-0.18744	0.01451	0.01319
ATT	CTT	AC	0.03297	0.01053	0.01070	-0.03297	0.01088	0.01070
ATC	TTC	AT	0.14489	0.01203	0.01292	-0.14489	0.01390	0.01292
ATC	CTC	AC	-0.77796	0.01053	0.00696	0.77796	0.00484	0.00696
ATC	ATT	CT	-0.13320	0.01767	0.01652	0.13320	0.01547	0.01652
ATA	TTA	AT	0.00512	0.00722	0.00723	-0.00512	0.00725	0.00723
ATA	CTA	AC	0.05132	0.00632	0.00648	-0.05132	0.00665	0.00648
ATA	ATT	AT	0.51595	0.00722	0.00924	-0.51595	0.01209	0.00924
ATA	ATC	AC	0.64915	0.00632	0.00859	-0.64915	0.01209	0.00859
ATG	TTG	AT	-0.16673	0.02285	0.02100	0.16673	0.01934	0.02100
ATG	CTG	AC	-1.01435	0.02000	0.01154	1.01435	0.00725	0.01154
ATG	ATT	GT	-0.40407	0.02285	0.01854	0.40407	0.01526	0.01854
ATG	ATC	GC	-0.27087	0.02000	0.01741	0.27087	0.01526	0.01741
ATG	ATA	GA	-0.92002	0.03375	0.02057	0.92002	0.01345	0.02057
ACT	TCT	AT	-0.26681	0.01263	0.01102	0.26681	0.00967	0.01102
ACT	CCT	AC	0.13833	0.01105	0.01184	-0.13833	0.01269	0.01184
ACT	ATT	CT	-0.18199	0.01856	0.01692	0.18199	0.01547	0.01692
ACC	TCC	AT	0.31528	0.00661	0.00771	-0.31528	0.00907	0.00771
ACC	CCC	AC	-1.16096	0.00579	0.00307	1.16096	0.00181	0.00307
ACC	ATC	CT	0.46463	0.00972	0.01215	-0.46463	0.01547	0.01215
ACC	ACT	CT	0.51342	0.00972	0.01243	-0.51342	0.01624	0.01243
ACA	TCA	AT	-0.12841	0.00962	0.00902	0.12841	0.00846	0.00902
ACA	CCA	AC	0.13833	0.00842	0.00902	-0.13833	0.00967	0.00902
ACA	ATA	CT	-0.42089	0.01414	0.01137	0.42089	0.00928	0.01137
ACA	ACT	AT	0.27706	0.00962	0.01102	-0.27706	0.01269	0.01102
ACA	ACC	AC	-0.23637	0.00842	0.00747	0.23637	0.00665	0.00747
ACG	TCG	AT	-0.19555	0.01323	0.01198	0.19555	0.01088	0.01198
ACG	CCG	AC	-0.06234	0.01158	0.01122	0.06234	0.01088	0.01122
ACG	ATG	CT	0.41334	0.01944	0.02373	-0.41334	0.02939	0.02373
ACG	ACT	GT	0.19126	0.01323	0.01454	-0.19126	0.01602	0.01454
ACG	ACC	GC	-0.32216	0.01158	0.00981	0.32216	0.00839	0.00981
ACG	ACA	GA	-0.08579	0.01954	0.01871	0.08579	0.01793	0.01871
AAT	TAT	AT	-0.76213	0.01684	0.01123	0.76213	0.00786	0.01123
AAT	CAT	AC	-0.42129	0.01474	0.01185	0.42129	0.00967	0.01185
AAT	ATT	AT	-0.33135	0.01684	0.01420	0.33135	0.01209	0.01420
AAT	ACT	AC	-0.14935	0.01474	0.01366	0.14935	0.01269	0.01366
AAC	TAC	AT	-0.49131	0.01383	0.01071	0.49131	0.00846	0.01071
AAC	CAC	AC	-0.91773	0.01211	0.00739	0.91773	0.00484	0.00739
AAC	ATC	AT	-0.13464	0.01383	0.01292	0.13464	0.01209	0.01292
AAC	ACC	AC	-0.59927	0.01211	0.00884	0.59927	0.00665	0.00884
AAC	AAT	CT	0.06351	0.02032	0.02098	-0.06351	0.02166	0.02098
AAA	CAA	AC	-0.72667	0.02000	0.01361	0.72667	0.00967	0.01361
AAA	ATA	AT	-1.14756	0.02285	0.01219	1.14756	0.00725	0.01219
AAA	ACA	AC	-0.72667	0.02000	0.01361	0.72667	0.00967	0.01361
AAA	AAT	AT	-0.30026	0.02285	0.01959	0.30026	0.01692	0.01959
AAA	AAC	AC	-0.36376	0.02000	0.01658	0.36376	0.01390	0.01658
AAG	CAG	AC	-0.84817	0.03106	0.01972	0.84817	0.01330	0.01972
AAG	ATG	AT	-0.43483	0.03548	0.02832	0.43483	0.02297	0.02832
AAG	ACG	AC	-0.84817	0.03106	0.01972	0.84817	0.01330	0.01972
AAG	AAT	GT	-0.50755	0.03548	0.02723	0.50755	0.02136	0.02723
AAG	AAC	GC	-0.57106	0.03106	0.02303	0.57106	0.01754	0.02303
AAG	AAA	GA	-0.20729	0.05240	0.04716	0.20729	0.04259	0.04716
AGT	TGT	AT	-0.99818	0.01804	0.01051	0.99818	0.00665	0.01051
AGT	CGT	AC	-0.55482	0.01579	0.01181	0.55482	0.00907	0.01181
AGT	ATT	GT	-0.16768	0.01804	0.01657	0.16768	0.01526	0.01657
AGT	ACT	GC	0.01431	0.01579	0.01590	-0.01431	0.01602	0.01590
AGT	AAT	GA	0.16367	0.02665	0.02889	-0.16367	0.03138	0.02889
AGC	TGC	AT	-0.21802	0.00601	0.00538	0.21802	0.00484	0.00538
AGC	CGC	AC	-0.77796	0.00526	0.00348	0.77796	0.00242	0.00348
AGC	ATC	GT	0.93093	0.00601	0.00924	-0.93093	0.01526	0.00924
AGC	ACC	GC	0.46630	0.00526	0.00659	-0.46630	0.00839	0.00659
AGC	AAC	GA	1.06557	0.00888	0.01444	-1.06557	0.02578	0.01444
AGC	AGT	CT	0.96541	0.00884	0.01378	-0.96541	0.02320	0.01378
AGA	CGA	AC	-1.27266	0.02158	0.01069	1.27266	0.00604	0.01069
AGA	ATA	GT	-0.99088	0.02466	0.01443	0.99088	0.00915	0.01443
AGA	ACA	GC	-0.57000	0.02158	0.01601	0.57000	0.01220	0.01601
AGA	AAA	GA	0.15667	0.03642	0.03934	-0.15667	0.04259	0.03934
AGA	AGT	AT	-0.30725	0.02466	0.02106	0.30725	0.01813	0.02106
AGA	AGC	AC	-1.27266	0.02158	0.01069	1.27266	0.00604	0.01069
AGG	TGG	AT	-1.20790	0.02225	0.01145	1.20790	0.00665	0.01145
AGG	CGG	AC	-1.27537	0.01948	0.00963	1.27537	0.00544	0.00963
AGG	ATG	GT	0.26445	0.02225	0.02532	-0.26445	0.02899	0.02532
AGG	ACG	GC	-0.14889	0.01948	0.01806	0.14889	0.01678	0.01806
AGG	AAG	GA	0.69928	0.03286	0.04568	-0.69928	0.06613	0.04568
AGG	AGT	GT	0.02806	0.02225	0.02256	-0.02806	0.02288	0.02256
AGG	AGC	GC	-0.93735	0.01948	0.01175	0.93735	0.00763	0.01175
AGG	AGA	GA	0.33531	0.03286	0.03868	-0.33531	0.04596	0.03868
GTT	TTT	GT	-0.32183	0.02526	0.02141	0.32183	0.01831	0.02141
GTT	CTT	GC	-0.47631	0.02211	0.01726	0.47631	0.01373	0.01726
GTT	ATT	GA	-0.50928	0.03730	0.02861	0.50928	0.02242	0.02861
GTC	TTC	GT	1.17605	0.00541	0.00920	-1.17605	0.01754	0.00920
GTC	CTC	GC	0.25320	0.00474	0.00536	-0.25320	0.00610	0.00536
GTC	ATC	GA	1.03117	0.00799	0.01281	-1.03117	0.02242	0.01281
GTC	GTT	CT	1.40724	0.00795	0.01482	-1.40724	0.03249	0.01482
GTA	TTA	GT	0.32479	0.00661	0.00775	-0.32479	0.00915	0.00775
GTA	CTA	GC	0.37099	0.00579	0.00693	-0.37099	0.00839	0.00693
GTA	ATA	GA	0.31967	0.00977	0.01142	-0.31967	0.01345	0.01142
GTA	GTT	AT	1.34490	0.00661	0.01203	-1.34490	0.02539	0.01203
GTA	GTC	AC	-0.06234	0.00579	0.00561	0.06234	0.00544	0.00561
GTG	TTG	GT	0.12000	0.02165	0.02297	-0.12000	0.02441	0.02297
GTG	CTG	GC	-0.72763	0.01895	0.01288	0.72763	0.00915	0.01288
GTG	ATG	GA	0.28673	0.03198	0.03678	-0.28673	0.04259	0.03678
GTG	GTT	GT	0.39193	0.02165	0.02617	-0.39193	0.03204	0.02617
GTG	GTC	GC	-1.01531	0.01895	0.01093	1.01531	0.00686	0.01093
GTG	GTA	GA	-0.95296	0.03198	0.01912	0.95296	0.01233	0.01912
GCT	TCT	GT	-0.35692	0.01744	0.01451	0.35692	0.01220	0.01451
GCT	CCT	GC	0.04821	0.01526	0.01564	-0.04821	0.01602	0.01564
GCT	ACT	GA	-0.09011	0.02576	0.02461	0.09011	0.02354	0.02461
GCT	GTT	CT	0.23717	0.02563	0.02879	-0.23717	0.03249	0.02879
GCC	TCC	GT	0.99992	0.00421	0.00666	-0.99992	0.01144	0.00666
GCC	CCC	GC	-0.47631	0.00368	0.00288	0.47631	0.00229	0.00288
GCC	ACC	GA	0.68464	0.00622	0.00859	-0.68464	0.01233	0.00859
GCC	GTC	CT	0.11811	0.00619	0.00656	-0.11811	0.00696	0.00656
GCC	GCT	CT	1.28818	0.00619	0.01100	-1.28818	0.02243	0.01100
GCA	TCA	GT	0.39193	0.00722	0.00872	-0.39193	0.01068	0.00872
GCA	CCA	GC	0.65867	0.00632	0.00862	-0.65867	0.01220	0.00862
GCA	ACA	GA	0.52034	0.01066	0.01367	-0.52034	0.01793	0.01367
GCA	GTA	CT	-0.22022	0.01060	0.00948	0.22022	0.00851	0.00948
GCA	GCT	AT	0.88751	0.00722	0.01089	-0.88751	0.01753	0.01089
GCA	GCC	AC	-0.40067	0.00632	0.00514	0.40067	0.00423	0.00514
GCG	TCG	GT	0.93093	0.00541	0.00832	-0.93093	0.01373	0.00832
GCG	CCG	GC	1.06413	0.00474	0.00770	-1.06413	0.01373	0.00770
GCG	ACG	GA	1.12648	0.00799	0.01332	-1.12648	0.02466	0.01332
GCG	GTG	CT	1.25309	0.00795	0.01395	-1.25309	0.02784	0.01395
GCG	GCT	GT	1.40785	0.00541	0.01009	-1.40785	0.02212	0.01009
GCG	GCC	GC	0.11967	0.00474	0.00503	-0.11967	0.00534	0.00503
GCG	GCA	GA	0.52034	0.00799	0.01025	-0.52034	0.01345	0.01025
GAT	TAT	GT	-1.25771	0.03488	0.01743	1.25771	0.00992	0.01743
GAT	CAT	GC	-0.91687	0.03053	0.01864	0.91687	0.01220	0.01864
GAT	AAT	GA	-0.49558	0.05152	0.03980	0.49558	0.03138	0.03980
GAT	GTT	AT	-0.31765	0.03488	0.02963	0.31765	0.02539	0.02963
GAT	GCT	AC	-0.55482	0.03053	0.02284	0.55482	0.01753	0.02284
GAC	TAC	GT	-0.45536	0.01684	0.01329	0.45536	0.01068	0.01329
GAC	CAC	GC	-0.88178	0.01474	0.00918	0.88178	0.00610	0.00918
GAC	AAC	GA	0.03595	0.02487	0.02532	-0.03595	0.02578	0.02532
GAC	GTC	AT	-1.12986	0.01684	0.00908	1.12986	0.00544	0.00908
GAC	GCC	AC	-1.24797	0.01474	0.00741	1.24797	0.00423	0.00741
GAC	GAT	CT	0.59503	0.02474	0.03283	-0.59503	0.04486	0.03283
GAA	CAA	GC	-0.93396	0.03106	0.01878	0.93396	0.01220	0.01878
GAA	AAA	GA	-0.20729	0.05240	0.04716	0.20729	0.04259	0.04716
GAA	GTA	AT	-1.67452	0.03548	0.01370	1.67452	0.00665	0.01370
GAA	GCA	AC	-1.45430	0.03106	0.01376	1.45430	0.00725	0.01376
GAA	GAT	AT	-0.01197	0.03548	0.03527	0.01197	0.03506	0.03527
GAA	GAC	AC	-0.60701	0.03106	0.02258	0.60701	0.01692	0.02258
GAG	CAG	GC	-1.00388	0.04579	0.02659	1.00388	0.01678	0.02659
GAG	AAG	GA	-0.15571	0.07727	0.07141	0.15571	0.06613	0.07141
GAG	GTG	AT	-0.87727	0.05232	0.03268	0.87727	0.02176	0.03268
GAG	GCG	AC	-2.13036	0.04579	0.01315	2.13036	0.00544	0.01315
GAG	GAT	GT	-0.16768	0.05232	0.04805	0.16768	0.04424	0.04805
GAG	GAC	GC	-0.76272	0.04579	0.03053	0.76272	0.02136	0.03053
GAG	GAA	GA	-0.15571	0.07727	0.07141	0.15571	0.06613	0.07141
GGT	TGT	GT	-0.25469	0.01082	0.00950	0.25469	0.00839	0.00950
GGT	CGT	GC	0.18867	0.00947	0.01040	-0.18867	0.01144	0.01040
GGT	AGT	GA	0.74349	0.01599	0.02266	-0.74349	0.03363	0.02266
GGT	GTT	GT	1.08508	0.01082	0.01774	-1.08508	0.03204	0.01774
GGT	GCT	GC	0.84791	0.00947	0.01405	-0.84791	0.02212	0.01405
GGT	GAT	GA	1.40273	0.01599	0.02974	-1.40273	0.06501	0.02974
GGC	TGC	GT	0.23778	0.00481	0.00541	-0.23778	0.00610	0.00541
GGC	CGC	GC	-0.32216	0.00421	0.00357	0.32216	0.00305	0.00357
GGC	AGC	GA	0.45580	0.00711	0.00885	-0.45580	0.01121	0.00885
GGC	GTC	GT	0.35557	0.00481	0.00572	-0.35557	0.00686	0.00572
GGC	GCC	GC	0.23746	0.00421	0.00473	-0.23746	0.00534	0.00473
GGC	GAC	GA	1.48542	0.00711	0.01364	-1.48542	0.03138	0.01364
GGC	GGT	CT	0.67773	0.00707	0.00973	-0.67773	0.01392	0.00973
GGA	CGA	GC	-1.04000	0.02158	0.01227	1.04000	0.00763	0.01227
GGA	AGA	GA	0.23266	0.03642	0.04082	-0.23266	0.04596	0.04082
GGA	GTA	GT	-1.07789	0.02466	0.01371	1.07789	0.00839	0.01371
GGA	GCA	GC	-0.85768	0.02158	0.01363	0.85768	0.00915	0.01363
GGA	GAA	GA	0.59663	0.03642	0.04835	-0.59663	0.06613	0.04835
GGA	GGT	AT	-0.81808	0.02466	0.01593	0.81808	0.01088	0.01593
GGA	GGC	AC	-1.49580	0.02158	0.00932	1.49580	0.00484	0.00932
GGG	TGG	GT	0.07073	0.00782	0.00810	-0.07073	0.00839	0.00810
GGG	CGG	GC	0.00326	0.00684	0.00685	-0.00326	0.00686	0.00685
GGG	AGG	GA	1.27863	0.01155	0.02046	-1.27863	0.04147	0.02046
GGG	GTG	GT	1.25635	0.00782	0.01373	-1.25635	0.02746	0.01373
GGG	GCG	GC	0.00326	0.00684	0.00685	-0.00326	0.00686	0.00685
GGG	GAG	GA	2.13362	0.01155	0.02795	-2.13362	0.09752	0.02795
GGG	GGT	GT	0.56321	0.00782	0.01022	-0.56321	0.01373	0.01022
GGG	GGC	GC	-0.11452	0.00684	0.00646	0.11452	0.00610	0.00646
GGG	GGA	GA	1.38128	0.01155	0.02130	-1.38128	0.04596	0.02130


Histograms
2Ns	FMut	FSub(CodonUsage)	FSubw(after w)

-2.03202	0.01768	0.00549
-1.82882	0.00200	0.00077
-1.62561	0.00542	0.00231
-1.42241	0.03653	0.01792
-1.21921	0.05177	0.02847
-1.01601	0.06989	0.04434
-0.81281	0.06589	0.04643
-0.60961	0.07995	0.06312
-0.40640	0.10142	0.08916
-0.20320	0.14939	0.14651
0.00000	0.10251	0.11098
0.20320	0.12299	0.14651
0.40640	0.06782	0.08916
0.60961	0.04383	0.06312
0.81281	0.02946	0.04643
1.01601	0.02602	0.04434
1.21921	0.01514	0.02847
1.42241	0.00884	0.01792
1.62561	0.00104	0.00231
1.82882	0.00033	0.00077
2.03202	0.00210	0.00549

Proportion of advantageous (S > 0) mutations:
 0.36757

Proportions of good & bad mutations (|S| > 2.0000) among mutations:
0.00210  0.01768

mean |Ns| = 0.57606	mean Ns+ = 0.45379	mean Ns- = -0.64713


MLEs of dN/dS (w) for site classes (K=4)

site class             0        1       2a       2b
proportion       0.15259  0.07723  0.51138  0.25881
background w     0.12918  1.00000  0.12918  1.00000
foreground w     0.12918  1.00000  1.00000  1.00000

Naive Empirical Bayes (NEB) probabilities for 4 classes
(amino acids refer to 1st sequence: AT2G33500_AT2G33500.1_Athaliana_Araport11)

   1 S   0.11361 0.12315 0.35051 0.41273 ( 4)
   2 N   0.24367 0.00449 0.73677 0.01506 ( 3)
   3 E   0.18629 0.05220 0.58658 0.17493 ( 3)
   4 L   0.23567 0.00933 0.72371 0.03128 ( 3)
   5 I   0.24749 0.00362 0.73676 0.01213 ( 3)
   6 V   0.23038 0.01108 0.72141 0.03713 ( 3)
   7 P   0.20138 0.03926 0.62780 0.13157 ( 3)
   8 Y   0.00223 0.21805 0.04897 0.73075 ( 4)
   9 D   0.23565 0.00855 0.72716 0.02864 ( 3)
  10 V   0.06179 0.16558 0.21772 0.55491 ( 4)
  11 S   0.06984 0.13701 0.33399 0.45917 ( 4)
  12 C   0.01699 0.20645 0.08465 0.69190 ( 4)
  13 K   0.23341 0.01075 0.71981 0.03603 ( 3)
  14 K   0.20517 0.03586 0.63879 0.12018 ( 3)
  15 Q   0.04010 0.05699 0.71194 0.19098 ( 3)
  16 S   0.01630 0.20400 0.09602 0.68368 ( 4)
  17 F   0.02126 0.16423 0.26410 0.55041 ( 4)
  18 S   0.21707 0.03376 0.63602 0.11315 ( 3)
  19 F   0.05430 0.02960 0.81691 0.09920 ( 3)
  20 G   0.24862 0.00433 0.73253 0.01452 ( 3)
  21 R   0.19051 0.05030 0.59059 0.16859 ( 3)
  22 S   0.04808 0.03369 0.80533 0.11290 ( 3)
  23 K   0.21069 0.03141 0.65264 0.10526 ( 3)
  24 Q   0.00742 0.22285 0.02290 0.74684 ( 4)
  25 V   0.00029 0.22955 0.00087 0.76929 ( 4)
  26 V   0.02409 0.18847 0.15582 0.63162 ( 4)
  27 F   0.24025 0.00026 0.75861 0.00088 ( 3)
  28 E   0.00305 0.22439 0.02057 0.75200 ( 4)
  29 Q   0.21589 0.02848 0.66017 0.09545 ( 3)
  30 L   0.24640 0.00001 0.75356 0.00003 ( 3)
  31 E   0.04204 0.18906 0.13530 0.63360 ( 4)
  32 L   0.05362 0.17883 0.16821 0.59933 ( 4)
  33 L   0.23777 0.00753 0.72948 0.02522 ( 3)
  34 K   0.03235 0.19906 0.10147 0.66712 ( 4)
  35 R   0.16923 0.05726 0.58159 0.19191 ( 3)
  36 G   0.09814 0.13842 0.29953 0.46390 ( 4)
  37 F   0.17863 0.05656 0.57527 0.18955 ( 3)
  38 V   0.14101 0.09586 0.44188 0.32125 ( 3)
  39 E   0.00773 0.21621 0.05145 0.72461 ( 4)
  40 G   0.07306 0.16182 0.22278 0.54233 ( 4)
  41 E   0.05878 0.00204 0.93232 0.00685 ( 3)
  42 G   0.23824 0.00116 0.75669 0.00390 ( 3)
  43 E   0.22394 0.01536 0.70923 0.05147 ( 3)
  44 I   0.24516 0.00143 0.74860 0.00480 ( 3)
  45 M   0.00402 0.22609 0.01220 0.75769 ( 4)
  46 V   0.22605 0.01507 0.70837 0.05051 ( 3)
  47 P   0.21847 0.02299 0.68152 0.07703 ( 3)
  48 E   0.13184 0.10359 0.41740 0.34717 ( 3)
  49 -   0.00833 0.22148 0.02793 0.74226 ( 4)
  50 -   0.02118 0.20863 0.07099 0.69919 ( 4)
  51 -   0.00839 0.22142 0.02813 0.74206 ( 4)
  52 -   0.22604 0.00377 0.75754 0.01265 ( 3)
  53 -   0.22826 0.00155 0.76498 0.00520 ( 3)
  54 -   0.18973 0.04009 0.63584 0.13435 ( 3)
  55 -   0.21071 0.01910 0.70616 0.06402 ( 3)
  56 -   0.00152 0.22829 0.00509 0.76509 ( 4)
  57 -   0.22872 0.00110 0.76651 0.00368 ( 3)
  58 -   0.22907 0.00074 0.76771 0.00248 ( 3)
  59 -   0.22858 0.00124 0.76605 0.00414 ( 3)
  60 -   0.03210 0.19771 0.10758 0.66261 ( 4)
  61 -   0.19739 0.03242 0.66154 0.10865 ( 3)
  62 -   0.18603 0.04378 0.62345 0.14674 ( 3)
  63 -   0.22952 0.00029 0.76920 0.00099 ( 3)
  64 I   0.19901 0.00634 0.77341 0.02124 ( 3)
  65 S   0.00016 0.22947 0.00134 0.76903 ( 4)
  66 Q   0.24584 0.00064 0.75137 0.00215 ( 3)
  67 Q   0.24728 0.00001 0.75266 0.00005 ( 3)
  68 W   0.20089 0.04467 0.60473 0.14970 ( 3)
  69 N   0.09994 0.13827 0.29839 0.46340 ( 4)
  70 A   0.24281 0.00066 0.75433 0.00220 ( 3)
  71 -   0.00040 0.22941 0.00136 0.76883 ( 4)
  72 -   0.14746 0.08236 0.49418 0.27600 ( 3)
  73 T   0.23772 0.00766 0.72893 0.02569 ( 3)
  74 N   0.24424 0.00631 0.72828 0.02116 ( 3)
  75 H   0.15709 0.08234 0.48460 0.27596 ( 3)
  76 S   0.06225 0.17245 0.18737 0.57793 ( 4)
  77 D   0.23447 0.00964 0.72357 0.03232 ( 3)
  78 F   0.24204 0.00512 0.73567 0.01717 ( 3)
  79 N   0.24401 0.00425 0.73750 0.01425 ( 3)
  80 L   0.24064 0.00160 0.75241 0.00535 ( 3)
  81 G   0.10166 0.13281 0.32046 0.44508 ( 4)
  82 Q   0.22314 0.02128 0.68426 0.07132 ( 3)
  83 S   0.22582 0.01568 0.70594 0.05256 ( 3)
  84 R   0.02017 0.21023 0.06506 0.70454 ( 4)
  85 N   0.00032 0.22912 0.00270 0.76787 ( 4)
  86 P   0.23539 0.00767 0.73125 0.02569 ( 3)
  87 D   0.05298 0.08734 0.56697 0.29271 ( 3)
  88 E   0.02421 0.15489 0.30183 0.51908 ( 4)
  89 P   0.01325 0.20897 0.07747 0.70032 ( 4)
  90 S   0.10869 0.12823 0.33332 0.42976 ( 4)
  91 P   0.04763 0.08255 0.59316 0.27666 ( 3)
  92 E   0.14733 0.07884 0.50959 0.26424 ( 3)
  93 D   0.04609 0.18601 0.14451 0.62339 ( 4)
  94 S   0.17190 0.06164 0.55988 0.20658 ( 3)
  95 V   0.03535 0.19548 0.11407 0.65511 ( 4)
  96 H   0.00503 0.21451 0.06156 0.71890 ( 4)
  97 I   0.01454 0.21018 0.07089 0.70439 ( 4)
  98 P   0.23618 0.00693 0.73367 0.02321 ( 3)
  99 A   0.01678 0.17656 0.21492 0.59173 ( 4)
 100 D   0.00392 0.17142 0.25015 0.57451 ( 4)
 101 S   0.06891 0.16384 0.21817 0.54908 ( 4)
 102 C   0.22357 0.02126 0.68394 0.07124 ( 3)
 103 G   0.00969 0.21793 0.04202 0.73036 ( 4)
 104 L   0.02114 0.20962 0.06673 0.70251 ( 4)
 105 H   0.21758 0.03087 0.64809 0.10346 ( 3)
 106 C   0.21816 0.02427 0.67621 0.08135 ( 3)
 107 T   0.07065 0.16335 0.21857 0.54744 ( 4)
 108 E   0.22413 0.01668 0.70330 0.05589 ( 3)
 109 H   0.00145 0.22848 0.00433 0.76573 ( 4)
 110 I   0.24702 0.00301 0.73989 0.01008 ( 3)
 111 -   0.22902 0.00080 0.76752 0.00267 ( 3)
 112 -   0.02183 0.20798 0.07316 0.69702 ( 4)
 113 -   0.01686 0.21295 0.05652 0.71367 ( 4)
 114 -   0.05712 0.17269 0.19144 0.57875 ( 4)
 115 -   0.19231 0.03750 0.64451 0.12568 ( 3)
 116 -   0.22531 0.00451 0.75508 0.01511 ( 3)
 117 -   0.18759 0.04222 0.62870 0.14149 ( 3)
 118 -   0.16162 0.06819 0.54166 0.22853 ( 3)
 119 -   0.22381 0.00600 0.75007 0.02012 ( 3)
 120 -   0.07308 0.15673 0.24493 0.52526 ( 4)
 121 -   0.22420 0.00562 0.75137 0.01882 ( 3)
 122 -   0.22742 0.00239 0.76216 0.00802 ( 3)
 123 -   0.17533 0.05449 0.58758 0.18261 ( 3)
 124 -   0.22564 0.00417 0.75620 0.01399 ( 3)
 125 -   0.10043 0.12938 0.33659 0.43360 ( 4)
 126 -   0.06719 0.16263 0.22517 0.54502 ( 4)
 127 -   0.19909 0.03072 0.66722 0.10297 ( 3)
 128 -   0.17365 0.05616 0.58197 0.18822 ( 3)
 129 -   0.08886 0.14095 0.29782 0.47237 ( 4)
 130 -   0.22563 0.00418 0.75618 0.01401 ( 3)
 131 -   0.22322 0.00659 0.74810 0.02208 ( 3)
 132 -   0.21629 0.01352 0.72488 0.04531 ( 3)
 133 -   0.20022 0.02960 0.67100 0.09919 ( 3)
 134 -   0.22251 0.00730 0.74571 0.02447 ( 3)
 135 -   0.22621 0.00360 0.75811 0.01207 ( 3)
 136 -   0.04045 0.18936 0.13557 0.63462 ( 4)
 137 -   0.02453 0.20528 0.08221 0.68797 ( 4)
 138 -   0.21590 0.01391 0.72356 0.04663 ( 3)
 139 -   0.16957 0.06024 0.56830 0.20189 ( 3)
 140 -   0.22426 0.00556 0.75157 0.01862 ( 3)
 141 -   0.20807 0.02174 0.69731 0.07287 ( 3)
 142 -   0.22265 0.00716 0.74619 0.02399 ( 3)
 143 -   0.02796 0.20185 0.09371 0.67648 ( 4)
 144 -   0.19091 0.03890 0.63982 0.13037 ( 3)
 145 -   0.22241 0.00741 0.74536 0.02483 ( 3)
 146 -   0.05286 0.17695 0.17715 0.59304 ( 4)
 147 -   0.05710 0.17272 0.19135 0.57884 ( 4)
 148 -   0.20458 0.02523 0.68563 0.08456 ( 3)
 149 -   0.12706 0.10275 0.42582 0.34436 ( 3)
 150 -   0.22703 0.00278 0.76086 0.00932 ( 3)
 151 -   0.13735 0.09246 0.46031 0.30987 ( 3)
 152 A   0.18324 0.05685 0.56937 0.19053 ( 3)
 153 I   0.13437 0.09648 0.44582 0.32333 ( 3)
 154 T   0.20017 0.04280 0.61357 0.14345 ( 3)
 155 S   0.24360 0.00387 0.73956 0.01297 ( 3)
 156 T   0.20257 0.04076 0.62008 0.13659 ( 3)
 157 R   0.03467 0.19692 0.10846 0.65995 ( 4)
 158 L   0.00142 0.22846 0.00448 0.76564 ( 4)
 159 V   0.24112 0.00170 0.75147 0.00570 ( 3)
 160 A   0.19471 0.05343 0.57279 0.17906 ( 3)
 161 V   0.00031 0.22950 0.00105 0.76914 ( 4)
 162 T   0.15785 0.08074 0.49080 0.27060 ( 3)
 163 -   0.17370 0.05612 0.58212 0.18807 ( 3)
 164 -   0.01611 0.21370 0.05399 0.71620 ( 4)
 165 -   0.11240 0.11741 0.37670 0.39348 ( 4)
 166 -   0.00919 0.22063 0.03079 0.73940 ( 4)
 167 -   0.22398 0.00583 0.75065 0.01953 ( 3)
 168 -   0.01085 0.21897 0.03635 0.73383 ( 4)
 169 -   0.18151 0.04831 0.60830 0.16189 ( 3)
 170 -   0.10948 0.12033 0.36691 0.40328 ( 4)
 171 -   0.16213 0.06768 0.54337 0.22682 ( 3)
 172 -   0.21884 0.01098 0.73340 0.03679 ( 3)
 173 -   0.15727 0.07254 0.52707 0.24312 ( 3)
 174 -   0.18081 0.04900 0.60596 0.16423 ( 3)
 175 N   0.10459 0.09924 0.46359 0.33258 ( 3)
 176 A   0.21988 0.02165 0.68591 0.07256 ( 3)
 177 D   0.23876 0.00328 0.74698 0.01098 ( 3)
 178 L   0.09931 0.13582 0.30970 0.45517 ( 4)
 179 E   0.23992 0.00013 0.75950 0.00045 ( 3)
 180 R   0.22995 0.01164 0.71940 0.03901 ( 3)
 181 D   0.00060 0.22914 0.00235 0.76792 ( 4)
 182 N   0.00359 0.22500 0.01737 0.75404 ( 4)
 183 -   0.20537 0.02444 0.68827 0.08192 ( 3)
 184 -   0.17533 0.05449 0.58758 0.18261 ( 3)
 185 -   0.17133 0.05848 0.57420 0.19599 ( 3)
 186 -   0.06556 0.16425 0.21971 0.55047 ( 4)
 187 -   0.00828 0.22153 0.02775 0.74244 ( 4)
 188 -   0.16971 0.06010 0.56876 0.20143 ( 3)
 189 -   0.08362 0.14619 0.28025 0.48993 ( 4)
 190 -   0.01795 0.21186 0.06016 0.71003 ( 4)
 191 -   0.22197 0.00785 0.74389 0.02630 ( 3)
 192 -   0.13933 0.09048 0.46696 0.30323 ( 3)
 193 -   0.22464 0.00517 0.75286 0.01733 ( 3)
 194 -   0.22118 0.00863 0.74126 0.02893 ( 3)
 195 -   0.22238 0.00743 0.74529 0.02490 ( 3)
 196 -   0.16698 0.06283 0.55962 0.21057 ( 3)
 197 -   0.22836 0.00145 0.76532 0.00487 ( 3)
 198 -   0.06648 0.16334 0.22278 0.54740 ( 4)
 199 A   0.24493 0.00006 0.75483 0.00019 ( 3)
 200 M   0.24718 0.00056 0.75040 0.00186 ( 3)
 201 -   0.22747 0.00234 0.76234 0.00785 ( 3)
 202 -   0.07012 0.15969 0.23501 0.53518 ( 4)
 203 -   0.20336 0.02645 0.68154 0.08864 ( 3)
 204 -   0.22893 0.00088 0.76724 0.00294 ( 3)
 205 -   0.15462 0.07519 0.51820 0.25198 ( 3)
 206 -   0.14308 0.08673 0.47953 0.29066 ( 3)
 207 Q   0.24391 0.00219 0.74657 0.00733 ( 3)
 208 -   0.19576 0.03405 0.65607 0.11412 ( 3)
 209 -   0.04510 0.18472 0.15114 0.61905 ( 4)
 210 -   0.22904 0.00078 0.76759 0.00260 ( 3)
 211 -   0.22893 0.00088 0.76724 0.00294 ( 3)
 212 -   0.03943 0.19038 0.13214 0.63804 ( 4)
 213 -   0.09447 0.13534 0.31662 0.45357 ( 4)
 214 -   0.18071 0.04910 0.60563 0.16456 ( 3)
 215 -   0.02917 0.20064 0.09778 0.67241 ( 4)
 216 -   0.07203 0.15779 0.24139 0.52880 ( 4)
 217 -   0.18413 0.04568 0.61708 0.15310 ( 3)
 218 -   0.21723 0.01259 0.72800 0.04219 ( 3)
 219 -   0.03863 0.19118 0.12948 0.64071 ( 4)
 220 -   0.04296 0.18685 0.14398 0.62621 ( 4)
 221 -   0.11966 0.11016 0.40101 0.36918 ( 3)
 222 -   0.18211 0.04771 0.61031 0.15988 ( 3)
 223 -   0.10718 0.12263 0.35920 0.41098 ( 4)
 224 -   0.01157 0.21824 0.03879 0.73140 ( 4)
 225 -   0.21172 0.01809 0.70955 0.06064 ( 3)
 226 -   0.04175 0.18806 0.13993 0.63025 ( 4)
 227 -   0.22389 0.00592 0.75035 0.01984 ( 3)
 228 -   0.06397 0.16584 0.21440 0.55579 ( 4)
 229 -   0.01503 0.21478 0.05037 0.71982 ( 4)
 230 -   0.20844 0.02137 0.69857 0.07162 ( 3)
 231 -   0.16152 0.06829 0.54133 0.22886 ( 3)
 232 -   0.03097 0.19884 0.10380 0.66639 ( 4)
 233 -   0.19534 0.03447 0.65467 0.11552 ( 3)
 234 -   0.15452 0.07529 0.51785 0.25233 ( 3)
 235 -   0.17439 0.05542 0.58445 0.18573 ( 3)
 236 -   0.03162 0.19820 0.10596 0.66423 ( 4)
 237 -   0.00726 0.22255 0.02434 0.74584 ( 4)
 238 -   0.06415 0.16566 0.21500 0.55519 ( 4)
 239 -   0.21968 0.01013 0.73623 0.03396 ( 3)
 240 -   0.21257 0.01724 0.71241 0.05778 ( 3)
 241 -   0.08346 0.14635 0.27971 0.49048 ( 4)
 242 -   0.03453 0.19528 0.11573 0.65446 ( 4)
 243 -   0.00494 0.22487 0.01656 0.75363 ( 4)
 244 -   0.01100 0.21882 0.03685 0.73334 ( 4)
 245 -   0.22622 0.00360 0.75813 0.01205 ( 3)
 246 -   0.05005 0.17976 0.16775 0.60244 ( 4)
 247 -   0.17258 0.05723 0.57839 0.19180 ( 3)
 248 -   0.08649 0.14332 0.28987 0.48032 ( 4)
 249 -   0.22321 0.00660 0.74806 0.02213 ( 3)
 250 -   0.22237 0.00744 0.74525 0.02493 ( 3)
 251 -   0.20572 0.02410 0.68943 0.08076 ( 3)
 252 -   0.22820 0.00161 0.76478 0.00541 ( 3)
 253 -   0.22603 0.00378 0.75752 0.01267 ( 3)
 254 -   0.22947 0.00034 0.76904 0.00115 ( 3)
 255 -   0.22850 0.00132 0.76578 0.00441 ( 3)
 256 -   0.22837 0.00145 0.76534 0.00485 ( 3)
 257 -   0.21545 0.01436 0.72206 0.04813 ( 3)
 258 R   0.24715 0.00002 0.75277 0.00006 ( 3)
 259 Y   0.24581 0.00000 0.75419 0.00000 ( 3)
 260 K   0.24180 0.00213 0.74891 0.00715 ( 3)
 261 E   0.24178 0.00012 0.75771 0.00039 ( 3)
 262 K   0.24412 0.00002 0.75581 0.00005 ( 3)
 263 K   0.18817 0.00097 0.80761 0.00325 ( 3)
 264 K   0.24474 0.00015 0.75463 0.00049 ( 3)
 265 T   0.24476 0.00103 0.75078 0.00344 ( 3)
 266 R   0.24716 0.00001 0.75279 0.00004 ( 3)
 267 R   0.22549 0.01586 0.70548 0.05317 ( 3)
 268 Y   0.24965 0.00002 0.75027 0.00006 ( 3)
 269 D   0.18748 0.05301 0.58186 0.17766 ( 3)
 270 K   0.24411 0.00002 0.75581 0.00005 ( 3)
 271 T   0.22076 0.02261 0.68084 0.07579 ( 3)
 272 I   0.25539 0.00000 0.74461 0.00000 ( 3)
 273 R   0.24216 0.00003 0.75773 0.00009 ( 3)
 274 Y   0.24971 0.00000 0.75029 0.00000 ( 3)
 275 E   0.24078 0.00106 0.75460 0.00356 ( 3)
 276 T   0.05144 0.00691 0.91848 0.02316 ( 3)
 277 R   0.24479 0.00001 0.75519 0.00002 ( 3)
 278 K   0.24412 0.00001 0.75582 0.00004 ( 3)
 279 A   0.24035 0.01316 0.70240 0.04409 ( 3)
 280 R   0.23795 0.00375 0.74574 0.01256 ( 3)
 281 A   0.24882 0.00000 0.75118 0.00000 ( 3)
 282 E   0.22716 0.00089 0.76897 0.00298 ( 3)
 283 T   0.17441 0.06595 0.53863 0.22101 ( 3)
 284 R   0.24489 0.00002 0.75503 0.00006 ( 3)
 285 L   0.23725 0.00361 0.74704 0.01210 ( 3)
 286 R   0.24671 0.00003 0.75314 0.00011 ( 3)
 287 V   0.23941 0.00019 0.75976 0.00064 ( 3)
 288 K   0.15158 0.00068 0.84546 0.00228 ( 3)
 289 G   0.24885 0.00001 0.75111 0.00003 ( 3)
 290 R   0.24211 0.00006 0.75765 0.00019 ( 3)
 291 F   0.24756 0.00000 0.75242 0.00001 ( 3)
 292 V   0.24132 0.00060 0.75604 0.00203 ( 3)
 293 K   0.24516 0.00002 0.75477 0.00005 ( 3)
 294 A   0.24350 0.00116 0.75145 0.00389 ( 3)
 295 T   0.23321 0.01058 0.72075 0.03546 ( 3)
 296 D   0.07427 0.15822 0.23726 0.53025 ( 4)
 297 P   0.20327 0.03794 0.63164 0.12715 ( 3)
 298 -   0.22669 0.00313 0.75971 0.01048 ( 3)
 299 -   0.22307 0.00674 0.74759 0.02260 ( 3)
 300 -   0.00037 0.22945 0.00123 0.76896 ( 4)
 301 -   0.00938 0.22043 0.03144 0.73875 ( 4)


lnL = -4007.746524

Bayes Empirical Bayes (BEB) probabilities for 4 classes (class)
(amino acids refer to 1st sequence: AT2G33500_AT2G33500.1_Athaliana_Araport11)

   1 S   0.46168 0.36376 0.09301 0.08154 ( 1)
   2 N   0.82432 0.01508 0.15716 0.00344 ( 1)
   3 E   0.66635 0.15296 0.14456 0.03612 ( 1)
   4 L   0.80198 0.03074 0.16007 0.00721 ( 1)
   5 I   0.83481 0.01227 0.15028 0.00263 ( 1)
   6 V   0.78791 0.03605 0.16762 0.00842 ( 1)
   7 P   0.71095 0.11408 0.14868 0.02629 ( 1)
   8 Y   0.01239 0.65699 0.10293 0.22769 ( 2)
   9 D   0.80271 0.02809 0.16278 0.00641 ( 1)
  10 V   0.26698 0.49885 0.08402 0.15015 ( 2)
  11 S   0.30552 0.41849 0.16638 0.10961 ( 2)
  12 C   0.09182 0.66659 0.05594 0.18565 ( 2)
  13 K   0.79411 0.03517 0.16244 0.00828 ( 1)
  14 K   0.71985 0.10564 0.15007 0.02444 ( 1)
  15 Q   0.18379 0.20124 0.55964 0.05533 ( 3)
  16 S   0.08749 0.65897 0.06386 0.18968 ( 2)
  17 F   0.11044 0.54646 0.20350 0.13960 ( 2)
  18 S   0.75043 0.09816 0.13008 0.02133 ( 1)
  19 F   0.28866 0.12632 0.55754 0.02748 ( 3)
  20 G   0.83664 0.01463 0.14561 0.00311 ( 1)
  21 R   0.67925 0.14732 0.13976 0.03367 ( 1)
  22 S   0.25107 0.13989 0.57649 0.03254 ( 3)
  23 K   0.75103 0.07704 0.15418 0.01775 ( 1)
  24 Q   0.05534 0.76472 0.01110 0.16884 ( 2)
  25 V   0.00308 0.82059 0.00056 0.17577 ( 2)
  26 V   0.14393 0.56649 0.12916 0.16042 ( 2)
  27 F   0.81988 0.00084 0.17908 0.00021 ( 1)
  28 E   0.02455 0.73767 0.02418 0.21359 ( 2)
  29 Q   0.76693 0.06797 0.15018 0.01492 ( 1)
  30 L   0.83610 0.00004 0.16385 0.00001 ( 1)
  31 E   0.20045 0.60519 0.04677 0.14759 ( 2)
  32 L   0.24828 0.56460 0.05321 0.13391 ( 2)
  33 L   0.80960 0.02476 0.16011 0.00552 ( 1)
  34 K   0.16062 0.65195 0.03432 0.15310 ( 2)
  35 R   0.61569 0.17005 0.17140 0.04286 ( 1)
  36 G   0.41589 0.41199 0.08078 0.09134 ( 1)
  37 F   0.63678 0.16672 0.15223 0.04427 ( 1)
  38 V   0.53412 0.28440 0.11398 0.06749 ( 1)
  39 E   0.04398 0.71219 0.04183 0.20200 ( 2)
  40 G   0.32595 0.50012 0.06325 0.11068 ( 2)
  41 E   0.31583 0.00900 0.67311 0.00206 ( 3)
  42 G   0.81390 0.00347 0.18180 0.00083 ( 1)
  43 E   0.77507 0.04186 0.17284 0.01023 ( 1)
  44 I   0.83034 0.00411 0.16448 0.00106 ( 1)
  45 M   0.03387 0.78696 0.00641 0.17276 ( 2)
  46 V   0.78432 0.03913 0.16735 0.00921 ( 1)
  47 P   0.76785 0.05802 0.16084 0.01329 ( 1)
  48 E   0.53507 0.27974 0.11828 0.06691 ( 1)
  49 -   0.05598 0.73032 0.01528 0.19842 ( 2)
  50 -   0.11827 0.66803 0.03226 0.18143 ( 2)
  51 -   0.05928 0.72702 0.01618 0.19752 ( 2)
  52 -   0.77580 0.01051 0.21085 0.00284 ( 1)
  53 -   0.78127 0.00503 0.21233 0.00136 ( 1)
  54 -   0.67477 0.11154 0.18350 0.03019 ( 1)
  55 -   0.73290 0.05340 0.19924 0.01445 ( 1)
  56 -   0.01067 0.77563 0.00291 0.21078 ( 2)
  57 -   0.78243 0.00388 0.21265 0.00105 ( 1)
  58 -   0.78369 0.00262 0.21299 0.00071 ( 1)
  59 -   0.78195 0.00435 0.21252 0.00118 ( 1)
  60 -   0.16296 0.62335 0.04444 0.16925 ( 2)
  61 -   0.69648 0.08982 0.18938 0.02431 ( 1)
  62 -   0.67184 0.11446 0.18271 0.03099 ( 1)
  63 -   0.78539 0.00092 0.21345 0.00025 ( 1)
  64 I   0.71685 0.01755 0.26102 0.00458 ( 1)
  65 S   0.00134 0.73302 0.00239 0.26325 ( 2)
  66 Q   0.83440 0.00191 0.16327 0.00042 ( 1)
  67 Q   0.83744 0.00005 0.16250 0.00001 ( 1)
  68 W   0.73586 0.10518 0.13672 0.02225 ( 1)
  69 N   0.44399 0.39126 0.08026 0.08449 ( 1)
  70 A   0.82626 0.00200 0.17128 0.00046 ( 1)
  71 -   0.00341 0.78289 0.00093 0.21276 ( 2)
  72 -   0.55927 0.22703 0.15219 0.06150 ( 1)
  73 T   0.80698 0.02718 0.15968 0.00615 ( 1)
  74 N   0.82515 0.02064 0.14974 0.00447 ( 1)
  75 H   0.60130 0.21897 0.12358 0.05615 ( 1)
  76 S   0.29254 0.53334 0.05523 0.11889 ( 2)
  77 D   0.79886 0.03175 0.16212 0.00727 ( 1)
  78 F   0.82105 0.01706 0.15812 0.00376 ( 1)
  79 N   0.82635 0.01426 0.15627 0.00312 ( 1)
  80 L   0.81969 0.00573 0.17326 0.00132 ( 1)
  81 G   0.41048 0.40369 0.08920 0.09663 ( 1)
  82 Q   0.76997 0.06354 0.15245 0.01404 ( 1)
  83 S   0.78536 0.03982 0.16567 0.00914 ( 1)
  84 R   0.12057 0.68199 0.02862 0.16882 ( 2)
  85 N   0.00243 0.71288 0.00400 0.28069 ( 2)
  86 P   0.80324 0.02512 0.16592 0.00572 ( 1)
  87 D   0.24712 0.29894 0.37510 0.07884 ( 3)
  88 E   0.12237 0.50825 0.23313 0.13626 ( 2)
  89 P   0.07249 0.67926 0.05791 0.19033 ( 2)
  90 S   0.44907 0.37804 0.08875 0.08414 ( 1)
  91 P   0.22369 0.28856 0.41563 0.07213 ( 3)
  92 E   0.54592 0.23427 0.15814 0.06167 ( 1)
  93 D   0.21606 0.59196 0.04673 0.14525 ( 2)
  94 S   0.62044 0.18086 0.15118 0.04752 ( 1)
  95 V   0.15775 0.59421 0.04775 0.20029 ( 2)
  96 H   0.02836 0.70514 0.05951 0.20698 ( 2)
  97 I   0.07618 0.66221 0.05001 0.21159 ( 2)
  98 P   0.80546 0.02289 0.16641 0.00524 ( 1)
  99 A   0.08115 0.54257 0.20832 0.16795 ( 2)
 100 D   0.01438 0.37922 0.45049 0.15591 ( 3)
 101 S   0.30836 0.50509 0.06777 0.11878 ( 2)
 102 C   0.76887 0.06311 0.15273 0.01530 ( 1)
 103 G   0.05537 0.72465 0.02528 0.19470 ( 2)
 104 L   0.11359 0.69777 0.02476 0.16388 ( 2)
 105 H   0.75549 0.08916 0.13645 0.01889 ( 1)
 106 C   0.75243 0.07200 0.15694 0.01863 ( 1)
 107 T   0.31703 0.50466 0.06430 0.11401 ( 2)
 108 E   0.76731 0.05378 0.16591 0.01300 ( 1)
 109 H   0.01306 0.81434 0.00233 0.17027 ( 2)
 110 I   0.83632 0.00804 0.15390 0.00173 ( 1)
 111 -   0.78387 0.00244 0.21303 0.00066 ( 1)
 112 -   0.11700 0.66931 0.03191 0.18178 ( 2)
 113 -   0.09209 0.69422 0.02512 0.18857 ( 2)
 114 -   0.26269 0.52362 0.07160 0.14210 ( 2)
 115 -   0.67474 0.11157 0.18349 0.03020 ( 1)
 116 -   0.77108 0.01523 0.20957 0.00412 ( 1)
 117 -   0.66271 0.12360 0.18023 0.03346 ( 1)
 118 -   0.58847 0.19783 0.16011 0.05358 ( 1)
 119 -   0.76652 0.01978 0.20834 0.00535 ( 1)
 120 -   0.31784 0.46847 0.08660 0.12709 ( 2)
 121 -   0.76752 0.01879 0.20861 0.00508 ( 1)
 122 -   0.77810 0.00821 0.21147 0.00222 ( 1)
 123 -   0.62737 0.15894 0.17066 0.04304 ( 1)
 124 -   0.77232 0.01398 0.20991 0.00378 ( 1)
 125 -   0.39441 0.39190 0.10742 0.10627 ( 1)
 126 -   0.29451 0.49180 0.08025 0.13344 ( 2)
 127 -   0.69652 0.08979 0.18939 0.02430 ( 1)
 128 -   0.62305 0.16326 0.16948 0.04421 ( 1)
 129 -   0.37270 0.41361 0.10152 0.11217 ( 2)
 130 -   0.77224 0.01407 0.20989 0.00381 ( 1)
 131 -   0.76456 0.02175 0.20781 0.00588 ( 1)
 132 -   0.74267 0.04363 0.20189 0.01181 ( 1)
 133 -   0.70005 0.08625 0.19035 0.02334 ( 1)
 134 -   0.76221 0.02410 0.20718 0.00652 ( 1)
 135 -   0.77421 0.01210 0.21042 0.00327 ( 1)
 136 -   0.18875 0.59756 0.05146 0.16223 ( 2)
 137 -   0.13001 0.65630 0.03546 0.17823 ( 2)
 138 -   0.74118 0.04513 0.20148 0.01221 ( 1)
 139 -   0.60978 0.17653 0.16589 0.04781 ( 1)
 140 -   0.76786 0.01844 0.20871 0.00499 ( 1)
 141 -   0.72244 0.06387 0.19641 0.01728 ( 1)
 142 -   0.76279 0.02351 0.20733 0.00636 ( 1)
 143 -   0.13315 0.65316 0.03632 0.17738 ( 2)
 144 -   0.67281 0.11350 0.18297 0.03073 ( 1)
 145 -   0.76175 0.02456 0.20705 0.00664 ( 1)
 146 -   0.24185 0.54446 0.06592 0.14777 ( 2)
 147 -   0.25621 0.53010 0.06983 0.14386 ( 2)
 148 -   0.71221 0.07410 0.19364 0.02005 ( 1)
 149 -   0.51462 0.27168 0.14007 0.07362 ( 1)
 150 -   0.77623 0.01007 0.21097 0.00272 ( 1)
 151 -   0.52249 0.26381 0.14221 0.07148 ( 1)
 152 A   0.67660 0.14923 0.14014 0.03402 ( 1)
 153 I   0.53226 0.24483 0.14579 0.07712 ( 1)
 154 T   0.72359 0.10922 0.14277 0.02443 ( 1)
 155 S   0.82805 0.01054 0.15909 0.00232 ( 1)
 156 T   0.73405 0.09961 0.14415 0.02219 ( 1)
 157 R   0.20658 0.60855 0.04361 0.14127 ( 2)
 158 L   0.01174 0.78999 0.00256 0.19570 ( 2)
 159 V   0.82176 0.00498 0.17210 0.00116 ( 1)
 160 A   0.72045 0.12821 0.12481 0.02653 ( 1)
 161 V   0.00273 0.78117 0.00079 0.21531 ( 2)
 162 T   0.61377 0.21124 0.12686 0.04814 ( 1)
 163 -   0.61976 0.16655 0.16859 0.04510 ( 1)
 164 -   0.08694 0.69936 0.02372 0.18998 ( 2)
 165 -   0.45105 0.33525 0.12281 0.09088 ( 1)
 166 -   0.05298 0.73332 0.01446 0.19924 ( 2)
 167 -   0.76692 0.01939 0.20845 0.00524 ( 1)
 168 -   0.06185 0.72446 0.01688 0.19682 ( 2)
 169 -   0.64482 0.14149 0.17539 0.03831 ( 1)
 170 -   0.44142 0.34488 0.12020 0.09350 ( 1)
 171 -   0.58793 0.19838 0.15996 0.05373 ( 1)
 172 -   0.75054 0.03576 0.20402 0.00968 ( 1)
 173 -   0.57388 0.21243 0.15615 0.05754 ( 1)
 174 -   0.64366 0.14264 0.17507 0.03862 ( 1)
 175 N   0.46952 0.25501 0.21100 0.06448 ( 1)
 176 A   0.77029 0.05523 0.16176 0.01271 ( 1)
 177 D   0.81584 0.00911 0.17294 0.00211 ( 1)
 178 L   0.45544 0.36571 0.09489 0.08395 ( 1)
 179 E   0.81823 0.00051 0.18114 0.00012 ( 1)
 180 R   0.78624 0.03795 0.16694 0.00887 ( 1)
 181 D   0.00473 0.75353 0.00196 0.23978 ( 2)
 182 N   0.02784 0.75366 0.01565 0.20284 ( 2)
 183 -   0.71431 0.07200 0.19421 0.01948 ( 1)
 184 -   0.62737 0.15894 0.17066 0.04304 ( 1)
 185 -   0.61507 0.17124 0.16732 0.04637 ( 1)
 186 -   0.28799 0.49831 0.07848 0.13521 ( 2)
 187 -   0.04726 0.73904 0.01290 0.20080 ( 2)
 188 -   0.60963 0.17667 0.16585 0.04785 ( 1)
 189 -   0.35356 0.43275 0.09632 0.11738 ( 2)
 190 -   0.09767 0.68864 0.02664 0.18705 ( 2)
 191 -   0.76034 0.02597 0.20667 0.00702 ( 1)
 192 -   0.53481 0.25150 0.14555 0.06814 ( 1)
 193 -   0.76908 0.01723 0.20903 0.00466 ( 1)
