Supplemental results for CODEML (seqf: aligned.fas  treef: AT1G28050_AT1G28050.1_Athaliana_Araport11.treefile)

I	J	ij	2Ns_IJ	pMut_IJ	pSub_IJ	2Ns_JI	pMut_JI	pSub_JI

TTC	TTT	CT	-0.65305	0.04360	0.03090	0.65305	0.02269	0.03090
TTA	TTT	AT	0.52102	0.01375	0.01764	-0.52102	0.02315	0.01764
TTA	TTC	AC	1.17407	0.00537	0.00912	-1.17407	0.01736	0.00912
TTG	TTT	GT	-1.33485	0.06186	0.02950	1.33485	0.01628	0.02950
TTG	TTC	GC	-0.68180	0.02415	0.01684	0.68180	0.01221	0.01684
TTG	TTA	GA	-1.85587	0.04894	0.01683	1.85587	0.00765	0.01683
TCT	TTT	CT	-1.09488	0.06782	0.03734	1.09488	0.02269	0.03734
TCC	TTC	CT	-1.78803	0.10174	0.03654	1.78803	0.01702	0.03654
TCC	TCT	CT	-1.34619	0.10174	0.04818	1.34619	0.02647	0.04818
TCA	TTA	CT	-1.75166	0.04360	0.01603	1.75166	0.00756	0.01603
TCA	TCT	AT	-0.13576	0.03093	0.02888	0.13576	0.02700	0.02888
TCA	TCC	AC	1.21044	0.01207	0.02082	-1.21044	0.04051	0.02082
TCG	TTG	CT	-1.04609	0.09689	0.05489	1.04609	0.03404	0.05489
TCG	TCT	GT	-1.28606	0.06874	0.03376	1.28606	0.01900	0.03376
TCG	TCC	GC	0.06014	0.02683	0.02765	-0.06014	0.02849	0.02765
TCG	TCA	GA	-1.15030	0.05438	0.02897	1.15030	0.01721	0.02897
TAT	TTT	AT	0.80871	0.01031	0.01504	-0.80871	0.02315	0.01504
TAT	TCT	AC	1.90359	0.00402	0.00900	-1.90359	0.02700	0.00900
TAC	TTC	AT	0.23334	0.01375	0.01541	-0.23334	0.01736	0.01541
TAC	TCC	AC	2.02137	0.00537	0.01250	-2.02137	0.04051	0.01250
TAC	TAT	CT	-1.22841	0.01938	0.00985	1.22841	0.00567	0.00985
TGT	TTT	GT	-1.62253	0.08248	0.03292	1.62253	0.01628	0.03292
TGT	TCT	GC	-0.52765	0.03220	0.02445	0.52765	0.01900	0.02445
TGT	TAT	GA	-2.43123	0.06526	0.01529	2.43123	0.00574	0.01529
TGC	TTC	GT	-2.31568	0.12373	0.03137	2.31568	0.01221	0.03137
TGC	TCC	GC	-0.52765	0.04830	0.03667	0.52765	0.02849	0.03667
TGC	TAC	GA	-2.54902	0.09788	0.02115	2.54902	0.00765	0.02115
TGC	TGT	CT	-1.34619	0.17440	0.08259	1.34619	0.04538	0.08259
TGG	TTG	GT	-0.81160	0.05499	0.03566	0.81160	0.02442	0.03566
TGG	TCG	GC	0.23449	0.02146	0.02408	-0.23449	0.02714	0.02408
TGG	TGT	GT	-0.52392	0.05499	0.04184	0.52392	0.03256	0.04184
TGG	TGC	GC	0.82228	0.02146	0.03149	-0.82228	0.04885	0.03149
CTT	TTT	CT	-1.16387	0.07267	0.03840	1.16387	0.02269	0.03840
CTC	TTC	CT	-1.30845	0.06298	0.03052	1.30845	0.01702	0.03052
CTC	CTT	CT	-0.79763	0.06298	0.04117	0.79763	0.02837	0.04117
CTA	TTA	CT	-0.65305	0.01453	0.01030	0.65305	0.00756	0.01030
CTA	CTT	AT	1.03185	0.01031	0.01653	-1.03185	0.02893	0.01653
CTA	CTC	AC	1.82948	0.00402	0.00877	-1.82948	0.02508	0.00877
CTG	TTG	CT	0.34021	0.02422	0.02858	-0.34021	0.03404	0.02858
CTG	CTT	GT	0.16923	0.01718	0.01868	-0.16923	0.02035	0.01868
CTG	CTC	GC	0.96686	0.00671	0.01046	-0.96686	0.01764	0.01046
CTG	CTA	GA	-0.86262	0.01360	0.00856	0.86262	0.00574	0.00856
CCT	TCT	CT	-0.24758	0.03391	0.02989	0.24758	0.02647	0.02989
CCT	CTT	CT	-0.17859	0.03391	0.03097	0.17859	0.02837	0.03097
CCC	TCC	CT	1.00518	0.01453	0.02304	-1.00518	0.03971	0.02304
CCC	CTC	CT	0.52561	0.01453	0.01869	-0.52561	0.02458	0.01869
CCC	CCT	CT	-0.09343	0.01453	0.01387	0.09343	0.01324	0.01387
CCA	TCA	CT	-0.82295	0.03876	0.02497	0.82295	0.01702	0.02497
CCA	CTA	CT	-1.92156	0.03876	0.01277	1.92156	0.00567	0.01277
CCA	CCT	AT	-0.71112	0.02749	0.01887	0.71112	0.01350	0.01887
CCA	CCC	AC	-0.61769	0.01073	0.00776	0.61769	0.00579	0.00776
CCG	TCG	CT	0.66871	0.01938	0.02657	-0.66871	0.03782	0.02657
CCG	CTG	CT	-0.71758	0.01938	0.01325	0.71758	0.00946	0.01325
CCG	CCT	GT	-0.36977	0.01375	0.01136	0.36977	0.00950	0.01136
CCG	CCC	GC	-0.27633	0.00537	0.00466	0.27633	0.00407	0.00466
CCG	CCA	GA	0.34135	0.01088	0.01284	-0.34135	0.01530	0.01284
CAT	TAT	CT	-2.32702	0.05813	0.01463	2.32702	0.00567	0.01463
CAT	CTT	AT	-0.35444	0.04124	0.03436	0.35444	0.02893	0.03436
CAT	CCT	AC	-0.17586	0.01610	0.01472	0.17586	0.01350	0.01472
CAC	TAC	CT	-2.59896	0.10174	0.02124	2.59896	0.00756	0.02124
CAC	CTC	AT	-1.05716	0.07217	0.04062	1.05716	0.02508	0.04062
CAC	CCC	AC	-1.58277	0.02817	0.01153	1.58277	0.00579	0.01153
CAC	CAT	CT	-1.50034	0.10174	0.04382	1.50034	0.02269	0.04382
CAA	CTA	AT	-1.55842	0.02749	0.01142	1.55842	0.00579	0.01142
CAA	CCA	AC	0.36314	0.01073	0.01280	-0.36314	0.01543	0.01280
CAA	CAT	AT	-0.17212	0.02749	0.02520	0.17212	0.02315	0.02520
CAA	CAC	AC	1.32822	0.01073	0.01939	-1.32822	0.04051	0.01939
CAG	CTG	AT	-1.27074	0.03437	0.01704	1.27074	0.00964	0.01704
CAG	CCG	AC	-0.55315	0.01342	0.01005	0.55315	0.00772	0.01005
CAG	CAT	GT	-0.74706	0.03437	0.02311	0.74706	0.01628	0.02311
CAG	CAC	GC	0.75328	0.01342	0.01910	-0.75328	0.02849	0.01910
CAG	CAA	GA	-0.57494	0.02719	0.02012	0.57494	0.01530	0.02012
CGT	TGT	CT	-0.59589	0.08236	0.06024	0.59589	0.04538	0.06024
CGT	CTT	GT	-1.05454	0.05843	0.03294	1.05454	0.02035	0.03294
CGT	CCT	GC	-0.87596	0.02281	0.01426	0.87596	0.00950	0.01426
CGT	CAT	GA	-0.70010	0.04622	0.03192	0.70010	0.02295	0.03192
CGC	TGC	CT	0.24490	0.05329	0.06008	-0.24490	0.06808	0.06008
CGC	CTC	GT	-0.76233	0.03781	0.02521	0.76233	0.01764	0.02521
CGC	CCC	GC	-1.28794	0.01476	0.00724	1.28794	0.00407	0.00724
CGC	CAC	GA	0.29483	0.02991	0.03453	-0.29483	0.04017	0.03453
CGC	CGT	CT	-0.50541	0.05329	0.04095	0.50541	0.03215	0.04095
CGA	CTA	GT	-1.21706	0.01375	0.00704	1.21706	0.00407	0.00704
CGA	CCA	GC	0.70449	0.00537	0.00748	-0.70449	0.01085	0.00748
CGA	CAA	GA	0.34135	0.01088	0.01284	-0.34135	0.01530	0.01284
CGA	CGT	AT	0.86933	0.01375	0.02058	-0.86933	0.03279	0.02058
CGA	CGC	AC	1.37474	0.00537	0.00987	-1.37474	0.02122	0.00987
CGG	TGG	CT	0.04010	0.02907	0.02965	-0.04010	0.03026	0.02965
CGG	CTG	GT	-1.11170	0.02062	0.01124	1.11170	0.00678	0.01124
CGG	CCG	GC	-0.39412	0.00805	0.00657	0.39412	0.00543	0.00657
CGG	CAG	GA	0.15903	0.01631	0.01765	-0.15903	0.01913	0.01765
CGG	CGT	GT	0.11207	0.02062	0.02180	-0.11207	0.02307	0.02180
CGG	CGC	GC	0.61748	0.00805	0.01079	-0.61748	0.01493	0.01079
CGG	CGA	GA	-0.75726	0.01631	0.01091	0.75726	0.00765	0.01091
ATT	TTT	AT	1.90732	0.00344	0.00770	-1.90732	0.02315	0.00770
ATT	CTT	AC	3.07119	0.00134	0.00432	-3.07119	0.02893	0.00432
ATC	TTC	AT	-0.57759	0.03093	0.02285	0.57759	0.01736	0.02285
ATC	CTC	AC	0.73087	0.01207	0.01702	-0.73087	0.02508	0.01702
ATC	ATT	CT	-3.13795	0.04360	0.00620	3.13795	0.00189	0.00620
ATA	TTA	AT	8.02163	0.00000	0.00000	-8.02163	0.00772	0.00002
ATA	CTA	AC	8.67468	0.00000	0.00000	-8.67468	0.00579	0.00001
ATA	ATT	AT	6.63533	0.00000	0.00000	-6.63533	0.00193	0.00002
ATA	ATC	AC	9.77329	0.00000	0.00000	-9.77329	0.01736	0.00001
ATG	TTG	AT	-0.25217	0.04468	0.03928	0.25217	0.03472	0.03928
ATG	CTG	AC	-0.59237	0.01744	0.01278	0.59237	0.00964	0.01278
ATG	ATT	GT	-3.49433	0.04468	0.00489	3.49433	0.00136	0.00489
ATG	ATC	GC	-0.35638	0.01744	0.01452	0.35638	0.01221	0.01452
ATG	ATA	GA	-10.12967	0.03535	0.00001	10.12967	0.00000	0.00000
ACT	TCT	AT	-0.01797	0.02749	0.02725	0.01797	0.02700	0.02725
ACT	CCT	AC	0.22961	0.01073	0.01201	-0.22961	0.01350	0.01201
ACT	ATT	CT	-3.02017	0.03876	0.00600	3.02017	0.00189	0.00600
ACC	TCC	AT	1.08064	0.01375	0.02249	-1.08064	0.04051	0.02249
ACC	CCC	AC	0.07546	0.00537	0.00557	-0.07546	0.00579	0.00557
ACC	ATC	CT	-0.12980	0.01938	0.01815	0.12980	0.01702	0.01815
ACC	ACT	CT	-0.24758	0.01938	0.01708	0.24758	0.01513	0.01708
ACA	TCA	AT	0.01020	0.01718	0.01727	-0.01020	0.01736	0.01727
ACA	CCA	AC	0.83314	0.00671	0.00989	-0.83314	0.01543	0.00989
ACA	ATA	CT	-9.76309	0.02422	0.00001	9.76309	0.00000	0.00000
ACA	ACT	AT	-0.10758	0.01718	0.01628	0.10758	0.01543	0.01628
ACA	ACC	AC	0.14000	0.00671	0.00719	-0.14000	0.00772	0.00719
ACG	TCG	AT	-0.57759	0.06874	0.05079	0.57759	0.03858	0.05079
ACG	CCG	AC	-1.24630	0.02683	0.01350	1.24630	0.00772	0.01350
ACG	ATG	CT	-1.37151	0.09689	0.04518	1.37151	0.02458	0.04518
ACG	ACT	GT	-1.84567	0.06874	0.02379	1.84567	0.01085	0.02379
ACG	ACC	GC	-1.59809	0.02683	0.01087	1.59809	0.00543	0.01087
ACG	ACA	GA	-1.73809	0.05438	0.02017	1.73809	0.00956	0.02017
AAT	TAT	AT	-1.42489	0.02406	0.01086	1.42489	0.00579	0.01086
AAT	CAT	AC	0.90214	0.00939	0.01426	-0.90214	0.02315	0.01426
AAT	ATT	AT	-2.52350	0.02406	0.00529	2.52350	0.00193	0.00529
AAT	ACT	AC	0.49667	0.00939	0.01192	-0.49667	0.01543	0.01192
AAC	TAC	AT	-1.58919	0.03781	0.01541	1.58919	0.00772	0.01541
AAC	CAC	AC	1.00977	0.01476	0.02344	-1.00977	0.04051	0.02344
AAC	ATC	AT	-0.77826	0.03781	0.02498	0.77826	0.01736	0.02498
AAC	ACC	AC	-0.64846	0.01476	0.01049	0.64846	0.00772	0.01049
AAC	AAT	CT	-1.39271	0.05329	0.02453	1.39271	0.01324	0.02453
AAA	CAA	AC	-0.26547	0.02012	0.01757	0.26547	0.01543	0.01757
AAA	ATA	AT	-10.49856	0.05155	0.00001	10.49856	0.00000	0.00000
AAA	ACA	AC	-0.73547	0.02012	0.01362	0.73547	0.00964	0.01362
AAA	AAT	AT	-1.33973	0.05155	0.02451	1.33973	0.01350	0.02451
AAA	AAC	AC	0.05299	0.02012	0.02066	-0.05299	0.02122	0.02066
AAG	CAG	AC	-0.16749	0.02281	0.02095	0.16749	0.01929	0.02095
AAG	ATG	AT	-0.84585	0.05843	0.03716	0.84585	0.02508	0.03716
AAG	ACG	AC	0.52566	0.02281	0.02932	-0.52566	0.03858	0.02932
AAG	AAT	GT	-1.81668	0.05843	0.02060	1.81668	0.00950	0.02060
AAG	AAC	GC	-0.42397	0.02281	0.01831	0.42397	0.01493	0.01831
AAG	AAA	GA	-0.47696	0.04622	0.03607	0.47696	0.02869	0.03607
AGT	TGT	AT	0.52102	0.02749	0.03528	-0.52102	0.04629	0.03528
AGT	CGT	AC	1.11691	0.01073	0.01782	-1.11691	0.03279	0.01782
AGT	ATT	GT	-3.00882	0.02749	0.00429	3.00882	0.00136	0.00429
AGT	ACT	GC	0.01135	0.01073	0.01079	-0.01135	0.01085	0.01079
AGT	AAT	GA	-0.48532	0.02175	0.01690	0.48532	0.01339	0.01690
AGC	TGC	AT	0.52102	0.04124	0.05291	-0.52102	0.06944	0.05291
AGC	CGC	AC	0.27613	0.01610	0.01842	-0.27613	0.02122	0.01842
AGC	ATC	GT	-1.21706	0.04124	0.02111	1.21706	0.01221	0.02111
AGC	ACC	GC	-1.08726	0.01610	0.00890	1.08726	0.00543	0.00890
AGC	AAC	GA	-0.43880	0.03263	0.02599	0.43880	0.02104	0.02599
AGC	AGT	CT	-1.34619	0.05813	0.02753	1.34619	0.01513	0.02753
AGA	CGA	AC	-0.73547	0.01610	0.01090	0.73547	0.00772	0.01090
AGA	ATA	GT	-10.62721	0.04124	0.00001	10.62721	0.00000	0.00000
AGA	ACA	GC	-0.86412	0.01610	0.01013	0.86412	0.00678	0.01013
AGA	AAA	GA	-0.12865	0.03263	0.03057	0.12865	0.02869	0.03057
AGA	AGT	AT	-0.98305	0.04124	0.02424	0.98305	0.01543	0.02424
AGA	AGC	AC	0.36314	0.01610	0.01920	-0.36314	0.02315	0.01920
AGG	TGG	AT	-0.10758	0.03437	0.03255	0.10758	0.03086	0.03255
AGG	CGG	AC	-0.14769	0.01342	0.01245	0.14769	0.01157	0.01245
AGG	ATG	GT	-0.66702	0.03437	0.02417	0.66702	0.01764	0.02417
AGG	ACG	GC	0.70449	0.01342	0.01869	-0.70449	0.02714	0.01869
AGG	AAG	GA	0.17884	0.02719	0.02969	-0.17884	0.03251	0.02969
AGG	AGT	GT	-1.15252	0.03437	0.01829	1.15252	0.01085	0.01829
AGG	AGC	GC	0.19367	0.01342	0.01476	-0.19367	0.01628	0.01476
AGG	AGA	GA	-0.16947	0.02719	0.02495	0.16947	0.02295	0.02495
GTT	TTT	GT	-1.27769	0.05843	0.02884	1.27769	0.01628	0.02884
GTT	CTT	GC	-0.11382	0.02281	0.02153	0.11382	0.02035	0.02153
GTT	ATT	GA	-3.18501	0.04622	0.00635	3.18501	0.00191	0.00635
GTC	TTC	GT	-1.37121	0.04812	0.02244	1.37121	0.01221	0.02244
GTC	CTC	GC	-0.06276	0.01878	0.01820	0.06276	0.01764	0.01820
GTC	ATC	GA	-0.79363	0.03807	0.02494	0.79363	0.01721	0.02494
GTC	GTT	CT	-0.74657	0.06782	0.04563	0.74657	0.03215	0.04563
GTA	TTA	GT	-1.62253	0.02749	0.01097	1.62253	0.00543	0.01097
GTA	CTA	GC	-0.96948	0.01073	0.00636	0.96948	0.00407	0.00636
GTA	ATA	GA	-9.64416	0.02175	0.00001	9.64416	0.00000	0.00000
GTA	GTT	AT	0.17618	0.02749	0.02999	-0.17618	0.03279	0.02999
GTA	GTC	AC	0.92276	0.01073	0.01643	-0.92276	0.02700	0.01643
GTG	TTG	GT	-0.60396	0.04468	0.03254	0.60396	0.02442	0.03254
GTG	CTG	GC	-0.94416	0.01744	0.01048	0.94416	0.00678	0.01048
GTG	ATG	GA	-0.35179	0.03535	0.02949	0.35179	0.02486	0.02949
GTG	GTT	GT	-0.66112	0.04468	0.03153	0.66112	0.02307	0.03153
GTG	GTC	GC	0.08546	0.01744	0.01820	-0.08546	0.01900	0.01820
GTG	GTA	GA	-0.83730	0.03535	0.02259	0.83730	0.01530	0.02259
GCT	TCT	GT	-1.65762	0.09967	0.03890	1.65762	0.01900	0.03890
GCT	CCT	GC	-1.41004	0.03890	0.01772	1.41004	0.00950	0.01772
GCT	ACT	GA	-1.63965	0.07885	0.03113	1.63965	0.01530	0.03113
GCT	GTT	CT	-1.47481	0.14049	0.06148	1.47481	0.03215	0.06148
GCC	TCC	GT	-0.77523	0.06186	0.04095	0.77523	0.02849	0.04095
GCC	CCC	GC	-1.78041	0.02415	0.00872	1.78041	0.00407	0.00872
GCC	ACC	GA	-1.85587	0.04894	0.01683	1.85587	0.00765	0.01683
GCC	GTC	CT	-1.19204	0.08720	0.04532	1.19204	0.02647	0.04532
GCC	GCT	CT	-0.46380	0.08720	0.06854	0.46380	0.05484	0.06854
GCA	TCA	GT	-1.21706	0.04124	0.02111	1.21706	0.01221	0.02111
GCA	CCA	GC	-0.39412	0.01610	0.01313	0.39412	0.01085	0.01313
GCA	ACA	GA	-1.22726	0.03263	0.01660	1.22726	0.00956	0.01660
GCA	GTA	CT	-1.34619	0.05813	0.02753	1.34619	0.01513	0.02753
GCA	GCT	AT	0.30480	0.04124	0.04785	-0.30480	0.05594	0.04785
GCA	GCC	AC	0.76861	0.01610	0.02307	-0.76861	0.03472	0.02307
GCG	TCG	GT	-1.15252	0.08592	0.04571	1.15252	0.02714	0.04571
GCG	CCG	GC	-1.82123	0.03354	0.01179	1.82123	0.00543	0.01179
GCG	ACG	GA	-0.57494	0.06798	0.05030	0.57494	0.03825	0.05030
GCG	GTG	CT	-1.59465	0.12111	0.04919	1.59465	0.02458	0.04919
GCG	GCT	GT	-0.78096	0.08592	0.05669	0.78096	0.03935	0.05669
GCG	GCC	GC	-0.31716	0.03354	0.02850	0.31716	0.02442	0.02850
GCG	GCA	GA	-1.08576	0.06798	0.03762	1.08576	0.02295	0.03762
GAT	TAT	GT	-3.16297	0.09623	0.01344	3.16297	0.00407	0.01344
GAT	CAT	GC	-0.83595	0.03756	0.02403	0.83595	0.01628	0.02403
GAT	AAT	GA	-1.73809	0.07613	0.02824	1.73809	0.01339	0.02824
GAT	GTT	AT	-1.07658	0.09623	0.05355	1.07658	0.03279	0.05355
GAT	GCT	AC	0.39823	0.03756	0.04554	-0.39823	0.05594	0.04554
GAC	TAC	GT	-2.53882	0.06874	0.01496	2.53882	0.00543	0.01496
GAC	CAC	GC	0.06014	0.02683	0.02765	-0.06014	0.02849	0.02765
GAC	AAC	GA	-0.94963	0.05438	0.03259	0.94963	0.02104	0.03259
GAC	GTC	AT	-0.93426	0.06874	0.04156	0.93426	0.02700	0.04156
GAC	GCC	AC	0.25778	0.02683	0.03044	-0.25778	0.03472	0.03044
GAC	GAT	CT	-0.60426	0.09689	0.07055	0.60426	0.05295	0.07055
GAA	CAA	GC	-0.61726	0.02012	0.01455	0.61726	0.01085	0.01455
GAA	AAA	GA	-0.35179	0.04079	0.03403	0.35179	0.02869	0.03403
GAA	GTA	AT	-1.20620	0.05155	0.02657	1.20620	0.01543	0.02657
GAA	GCA	AC	0.14000	0.02012	0.02156	-0.14000	0.02315	0.02156
GAA	GAT	AT	0.04657	0.05155	0.05276	-0.04657	0.05401	0.05276
GAA	GAC	AC	0.65082	0.02012	0.02738	-0.65082	0.03858	0.02738
GAG	CAG	GC	-0.51928	0.02281	0.01739	0.51928	0.01357	0.01739
GAG	AAG	GA	-0.35179	0.04622	0.03857	0.35179	0.03251	0.03857
GAG	GTG	AT	-0.84585	0.05843	0.03716	0.84585	0.02508	0.03716
GAG	GCG	AC	0.74880	0.02281	0.03240	-0.74880	0.04822	0.03240
GAG	GAT	GT	-0.43039	0.05843	0.04675	0.43039	0.03799	0.04675
GAG	GAC	GC	0.17387	0.02281	0.02485	-0.17387	0.02714	0.02485
GAG	GAA	GA	-0.47696	0.04622	0.03607	0.47696	0.02869	0.03607
GGT	TGT	GT	0.05145	0.03093	0.03173	-0.05145	0.03256	0.03173
GGT	CGT	GC	0.64734	0.01207	0.01640	-0.64734	0.02307	0.01640
GGT	AGT	GA	-0.46958	0.02447	0.01917	0.46958	0.01530	0.01917
GGT	GTT	GT	-0.29339	0.03093	0.02662	0.29339	0.02307	0.02662
GGT	GCT	GC	1.18142	0.01207	0.02058	-1.18142	0.03935	0.02058
GGT	GAT	GA	0.78319	0.02447	0.03529	-0.78319	0.05355	0.03529
GGC	TGC	GT	0.86238	0.02062	0.03077	-0.86238	0.04885	0.03077
GGC	CGC	GC	0.61748	0.00805	0.01079	-0.61748	0.01493	0.01079
GGC	AGC	GA	0.34135	0.01631	0.01926	-0.34135	0.02295	0.01926
GGC	GTC	GT	-0.08208	0.02062	0.01979	0.08208	0.01900	0.01979
GGC	GCC	GC	1.10996	0.00805	0.01333	-1.10996	0.02442	0.01333
GGC	GAC	GA	0.85218	0.01631	0.02424	-0.85218	0.03825	0.02424
GGC	GGT	CT	-0.53526	0.02907	0.02198	0.53526	0.01702	0.02198
GGA	CGA	GC	-1.24142	0.01878	0.00948	1.24142	0.00543	0.00948
GGA	AGA	GA	-0.50594	0.03807	0.02925	0.50594	0.02295	0.02925
GGA	GTA	GT	-1.48900	0.04812	0.02087	1.48900	0.01085	0.02087
GGA	GCA	GC	-0.14280	0.01878	0.01747	0.14280	0.01628	0.01747
GGA	GAA	GA	-0.28280	0.03807	0.03294	0.28280	0.02869	0.03294
GGA	GGT	AT	-1.01942	0.04812	0.02769	1.01942	0.01736	0.02769
GGA	GGC	AC	-0.48416	0.01878	0.01460	0.48416	0.01157	0.01460
GGG	TGG	GT	0.74460	0.01031	0.01462	-0.74460	0.02171	0.01462
GGG	CGG	GC	0.70449	0.00402	0.00561	-0.70449	0.00814	0.00561
GGG	AGG	GA	0.85218	0.00816	0.01212	-0.85218	0.01913	0.01212
GGG	GTG	GT	0.53696	0.01031	0.01333	-0.53696	0.01764	0.01333
GGG	GCG	GC	2.13161	0.00402	0.00973	-2.13161	0.03392	0.00973
GGG	GAG	GA	1.38281	0.00816	0.01506	-1.38281	0.03251	0.01506
GGG	GGT	GT	0.16923	0.01031	0.01121	-0.16923	0.01221	0.01121
GGG	GGC	GC	0.70449	0.00402	0.00561	-0.70449	0.00814	0.00561
GGG	GGA	GA	1.18865	0.00816	0.01394	-1.18865	0.02678	0.01394


Histograms
2Ns	FMut	FSub(CodonUsage)	FSubw(after w)

-10.12115	0.01319	0.00001
-9.10904	0.00040	0.00000
-8.09692	0.00053	0.00000
-7.08481	0.00013	0.00000
-6.07269	0.00000	0.00000
-5.06058	0.00000	0.00000
-4.04846	0.00000	0.00000
-3.03635	0.04093	0.00860
-2.02423	0.10661	0.04504
-1.01212	0.39255	0.28337
0.00000	0.27249	0.32596
1.01212	0.15358	0.28337
2.02423	0.01722	0.04504
3.03635	0.00237	0.00860
4.04846	0.00000	0.00000
5.06058	0.00000	0.00000
6.07269	0.00000	0.00000
7.08481	0.00000	0.00000
8.09692	0.00000	0.00000
9.10904	0.00000	0.00000
10.12115	0.00000	0.00000

Proportion of advantageous (S > 0) mutations:
 0.29201

Proportions of good & bad mutations (|S| > 2.0000) among mutations:
0.00478  0.07898

mean |Ns| = 1.09042	mean Ns+ = 0.70025	mean Ns- = -1.25135


MLEs of dN/dS (w) for site classes (K=4)

site class             0        1       2a       2b
proportion       0.29589  0.23375  0.26277  0.20758
background w     0.02815  1.00000  0.02815  1.00000
foreground w     0.02815  1.00000  1.00000  1.00000

Naive Empirical Bayes (NEB) probabilities for 4 classes
(amino acids refer to 1st sequence: AT2G33500_AT2G33500.1_Athaliana_Araport11)

   1 M   0.57246 0.00000 0.42754 0.00000 ( 1)
   2 -   0.25222 0.27742 0.22399 0.24637 ( 2)
   3 -   0.00147 0.52817 0.00131 0.46905 ( 2)
   4 -   0.01487 0.51478 0.01320 0.45716 ( 2)
   5 -   0.17131 0.35833 0.15214 0.31822 ( 2)
   6 -   0.46913 0.06051 0.41662 0.05374 ( 1)
   7 -   0.27531 0.25434 0.24449 0.22587 ( 1)
   8 -   0.12342 0.40622 0.10960 0.36075 ( 2)
   9 -   0.00560 0.52404 0.00497 0.46539 ( 2)
  10 -   0.48215 0.04749 0.42818 0.04218 ( 1)
  11 G   0.00157 0.51027 0.03501 0.45315 ( 2)
  12 T   0.00006 0.52951 0.00020 0.47024 ( 2)
  13 S   0.01249 0.51773 0.00999 0.45978 ( 2)
  14 T   0.00000 0.52954 0.00018 0.47027 ( 2)
  15 T   0.00027 0.52718 0.00439 0.46817 ( 2)
  16 V   0.47971 0.07558 0.37760 0.06712 ( 1)
  17 A   0.00001 0.52963 0.00001 0.47035 ( 2)
  18 C   0.54947 0.00009 0.45036 0.00008 ( 1)
  19 E   0.46660 0.00074 0.53201 0.00065 ( 3)
  20 F   0.00079 0.52892 0.00057 0.46972 ( 2)
  21 C   0.54912 0.00014 0.45062 0.00012 ( 1)
  22 G   0.06367 0.47171 0.04571 0.41891 ( 2)
  23 E   0.00019 0.52946 0.00015 0.47020 ( 2)
  24 R   0.04099 0.49015 0.03357 0.43529 ( 2)
  25 T   0.00028 0.52938 0.00022 0.47012 ( 2)
  26 A   0.55090 0.00015 0.44881 0.00014 ( 1)
  27 V   0.01286 0.51749 0.01008 0.45957 ( 2)
  28 L   0.24453 0.29853 0.19183 0.26511 ( 2)
  29 F   0.57452 0.00001 0.42546 0.00001 ( 1)
  30 C   0.55646 0.00010 0.44335 0.00009 ( 1)
  31 R   0.00257 0.52719 0.00206 0.46818 ( 2)
  32 A   0.55271 0.00016 0.44699 0.00014 ( 1)
  33 D   0.55826 0.00003 0.44169 0.00002 ( 1)
  34 T   0.03091 0.50026 0.02457 0.44426 ( 2)
  35 A   0.55085 0.00019 0.44878 0.00017 ( 1)
  36 K   0.55850 0.00174 0.43822 0.00154 ( 1)
  37 L   0.56386 0.00002 0.43610 0.00002 ( 1)
  38 C   0.55644 0.00012 0.44334 0.00010 ( 1)
  39 L   0.00426 0.52562 0.00334 0.46679 ( 2)
  40 P   0.00002 0.52962 0.00002 0.47034 ( 2)
  41 C   0.55645 0.00011 0.44335 0.00009 ( 1)
  42 D   0.55791 0.00002 0.44205 0.00002 ( 1)
  43 Q   0.00392 0.52596 0.00304 0.46709 ( 2)
  44 H   0.00002 0.52962 0.00002 0.47034 ( 2)
  45 V   0.56106 0.00024 0.43849 0.00021 ( 1)
  46 H   0.55490 0.00001 0.44508 0.00001 ( 1)
  47 S   0.00161 0.51816 0.02008 0.46016 ( 2)
  48 A   0.55088 0.00017 0.44880 0.00015 ( 1)
  49 N   0.57926 0.00000 0.42074 0.00000 ( 1)
  50 L   0.00878 0.52138 0.00682 0.46302 ( 2)
  51 L   0.54974 0.00014 0.44999 0.00013 ( 1)
  52 S   0.51877 0.03609 0.41309 0.03205 ( 1)
  53 R   0.00001 0.52963 0.00001 0.47035 ( 2)
  54 K   0.55984 0.00051 0.43919 0.00045 ( 1)
  55 H   0.55546 0.00001 0.44452 0.00001 ( 1)
  56 V   0.55895 0.00555 0.43058 0.00492 ( 1)
  57 R   0.55481 0.00011 0.44499 0.00010 ( 1)
  58 S   0.55792 0.00339 0.43569 0.00301 ( 1)
  59 Q   0.43790 0.11755 0.34015 0.10440 ( 1)
  60 I   0.57171 0.00040 0.42754 0.00035 ( 1)
  61 C   0.54628 0.00317 0.44774 0.00282 ( 1)
  62 D   0.54817 0.00958 0.43374 0.00851 ( 1)
  63 N   0.00794 0.52237 0.00579 0.46390 ( 2)
  64 C   0.54631 0.00313 0.44777 0.00278 ( 1)
  65 S   0.00378 0.50085 0.05058 0.44479 ( 2)
  66 K   0.00952 0.42515 0.18776 0.37756 ( 2)
  67 E   0.05248 0.48024 0.04080 0.42648 ( 2)
  68 P   0.55847 0.00041 0.44077 0.00036 ( 1)
  69 V   0.10035 0.43507 0.07822 0.38637 ( 2)
  70 S   0.30889 0.23785 0.24204 0.21122 ( 1)
  71 V   0.46797 0.08784 0.36618 0.07801 ( 1)
  72 R   0.01050 0.51971 0.00824 0.46154 ( 2)
  73 C   0.55247 0.00316 0.44157 0.00281 ( 1)
  74 F   0.01640 0.51474 0.01173 0.45713 ( 2)
  75 T   0.56908 0.01272 0.40690 0.01130 ( 1)
  76 D   0.53058 0.02607 0.42019 0.02316 ( 1)
  77 N   0.02176 0.50976 0.01578 0.45270 ( 2)
  78 L   0.11649 0.42023 0.09009 0.37319 ( 2)
  79 V   0.03468 0.11234 0.75321 0.09977 ( 3)
  80 L   0.55709 0.00346 0.43637 0.00307 ( 1)
  81 C   0.55363 0.00279 0.44110 0.00248 ( 1)
  82 Q   0.45971 0.09747 0.35627 0.08656 ( 1)
  83 E   0.06454 0.46884 0.05026 0.41636 ( 2)
  84 C   0.55363 0.00279 0.44110 0.00248 ( 1)
  85 D   0.55625 0.00193 0.44010 0.00172 ( 1)
  86 W   0.55914 0.00536 0.43074 0.00476 ( 1)
  87 D   0.17361 0.36485 0.13753 0.32401 ( 2)
  88 V   0.02608 0.50499 0.02047 0.44846 ( 2)
  89 H   0.55386 0.00101 0.44424 0.00089 ( 1)
  90 G   0.01665 0.51361 0.01361 0.45612 ( 2)
  91 S   0.10765 0.43086 0.07887 0.38263 ( 2)
  92 C   0.16461 0.37279 0.13153 0.33106 ( 2)
  93 S   0.28832 0.25346 0.23313 0.22509 ( 1)
  94 S   0.00021 0.49848 0.05862 0.44269 ( 2)
  95 S   0.54786 0.00361 0.44533 0.00320 ( 1)
  96 A   0.00011 0.52795 0.00309 0.46885 ( 2)
  97 T   0.00040 0.52755 0.00356 0.46850 ( 2)
  98 H   0.56953 0.00072 0.42910 0.00064 ( 1)
  99 E   0.00031 0.52865 0.00156 0.46948 ( 2)
 100 R   0.55331 0.00238 0.44220 0.00211 ( 1)
 101 S   0.00208 0.52764 0.00170 0.46858 ( 2)
 102 A   0.49028 0.05935 0.39767 0.05270 ( 1)
 103 V   0.42320 0.13300 0.32568 0.11811 ( 1)
 104 -   0.33111 0.19853 0.29405 0.17631 ( 1)
 105 -   0.29549 0.23415 0.26241 0.20794 ( 1)
 106 -   0.17109 0.35856 0.15193 0.31842 ( 2)
 107 -   0.01585 0.51379 0.01408 0.45628 ( 2)
 108 -   0.07879 0.45085 0.06997 0.40038 ( 2)
 109 -   0.00042 0.52922 0.00037 0.46999 ( 2)
 110 -   0.00020 0.52944 0.00018 0.47018 ( 2)
 111 -   0.00000 0.52964 0.00000 0.47035 ( 2)
 112 -   0.00001 0.52964 0.00001 0.47035 ( 2)
 113 -   0.02634 0.50331 0.02339 0.44697 ( 2)
 114 -   0.18865 0.34099 0.16754 0.30282 ( 2)
 115 -   0.52235 0.00729 0.46388 0.00647 ( 1)
 116 -   0.00496 0.52469 0.00440 0.46596 ( 2)
 117 -   0.52838 0.00127 0.46923 0.00112 ( 1)
 118 -   0.00953 0.52011 0.00846 0.46190 ( 2)
 119 E   0.53853 0.02678 0.41091 0.02378 ( 1)
 120 G   0.57523 0.00001 0.42476 0.00001 ( 1)
 121 F   0.57585 0.00001 0.42412 0.00001 ( 1)
 122 S   0.00930 0.52070 0.00759 0.46241 ( 2)
 123 -   0.44484 0.08481 0.39504 0.07531 ( 1)
 124 -   0.49009 0.03955 0.43523 0.03512 ( 1)
 125 -   0.46740 0.06224 0.41509 0.05527 ( 1)
 126 -   0.48230 0.04734 0.42831 0.04204 ( 1)
 127 -   0.50673 0.02291 0.45001 0.02035 ( 1)
 128 -   0.51032 0.01933 0.45320 0.01716 ( 1)
 129 -   0.45574 0.07390 0.40473 0.06563 ( 1)
 130 -   0.23870 0.29094 0.21198 0.25838 ( 2)
 131 G   0.56459 0.00913 0.41818 0.00811 ( 1)
 132 C   0.53203 0.02334 0.42390 0.02072 ( 1)
 133 P   0.55042 0.00775 0.43496 0.00688 ( 1)
 134 S   0.53112 0.02436 0.42289 0.02163 ( 1)
 135 V   0.02724 0.21001 0.57625 0.18650 ( 3)
 136 L   0.31926 0.22805 0.25017 0.20252 ( 1)
 137 E   0.55105 0.01144 0.42735 0.01016 ( 1)
 138 L   0.52947 0.02772 0.41819 0.02462 ( 1)
 139 A   0.03052 0.50017 0.02512 0.44419 ( 2)
 140 A   0.51275 0.03553 0.42017 0.03155 ( 1)
 141 V   0.01449 0.46362 0.11016 0.41172 ( 2)
 142 W   0.03620 0.49563 0.02801 0.44016 ( 2)
 143 G   0.53507 0.01529 0.43607 0.01358 ( 1)
 144 I   0.21995 0.29301 0.22684 0.26021 ( 2)
 145 D   0.53870 0.01858 0.42622 0.01650 ( 1)
 146 E   0.00917 0.41881 0.20008 0.37193 ( 2)
 147 L   0.02851 0.22019 0.55576 0.19554 ( 3)
 148 T   0.03148 0.11472 0.75193 0.10188 ( 3)
 149 L   0.53181 0.02734 0.41658 0.02428 ( 1)
 150 D   0.53870 0.01858 0.42622 0.01650 ( 1)
 151 S   0.53633 0.02333 0.41963 0.02072 ( 1)
 152 W   0.55872 0.00576 0.43041 0.00511 ( 1)
 153 G   0.01995 0.46812 0.09620 0.41572 ( 2)
 154 S   0.02239 0.21391 0.57373 0.18997 ( 3)
 155 G   0.32780 0.21451 0.26719 0.19050 ( 1)


lnL = -2121.814775
