Supplemental results for CODEML (seqf: aligned.fas  treef: AT1G28050_AT1G28050.1_Athaliana_Araport11.treefile)

I	J	ij	2Ns_IJ	pMut_IJ	pSub_IJ	2Ns_JI	pMut_JI	pSub_JI

TTC	TTT	CT	-0.04878	0.01998	0.01950	0.04878	0.01903	0.01950
TTA	TTT	AT	0.72029	0.00711	0.00997	-0.72029	0.01460	0.00997
TTA	TTC	AC	0.76907	0.00648	0.00930	-0.76907	0.01399	0.00930
TTG	TTT	GT	-0.03440	0.01895	0.01862	0.03440	0.01831	0.01862
TTG	TTC	GC	0.01438	0.01729	0.01742	-0.01438	0.01754	0.01742
TTG	TTA	GA	-0.75469	0.02857	0.01913	0.75469	0.01343	0.01913
TCT	TTT	CT	0.31412	0.01390	0.01620	-0.31412	0.01903	0.01620
TCC	TTC	CT	0.33610	0.01303	0.01535	-0.33610	0.01824	0.01535
TCC	TCT	CT	-0.02681	0.01303	0.01286	0.02681	0.01269	0.01286
TCA	TTA	CT	-0.24550	0.01216	0.01073	0.24550	0.00952	0.01073
TCA	TCT	AT	0.16067	0.00829	0.00897	-0.16067	0.00973	0.00897
TCA	TCC	AC	0.18748	0.00757	0.00830	-0.18748	0.00913	0.00830
TCG	TTG	CT	0.48402	0.01564	0.01973	-0.48402	0.02538	0.01973
TCG	TCT	GT	0.13550	0.01066	0.01140	-0.13550	0.01220	0.01140
TCG	TCC	GC	0.16230	0.00973	0.01054	-0.16230	0.01144	0.01054
TCG	TCA	GA	-0.02518	0.01607	0.01587	0.02518	0.01567	0.01587
TAT	TTT	AT	0.64025	0.00770	0.01042	-0.64025	0.01460	0.01042
TAT	TCT	AC	0.32613	0.00703	0.00823	-0.32613	0.00973	0.00823
TAC	TTC	AT	0.52358	0.00829	0.01065	-0.52358	0.01399	0.01065
TAC	TCC	AC	0.18748	0.00757	0.00830	-0.18748	0.00913	0.00830
TAC	TAT	CT	-0.16545	0.01216	0.01119	0.16545	0.01031	0.01119
TGT	TTT	GT	1.03344	0.00651	0.01045	-1.03344	0.01831	0.01045
TGT	TCT	GC	0.71932	0.00594	0.00834	-0.71932	0.01220	0.00834
TGT	TAT	GA	0.39319	0.00982	0.01188	-0.39319	0.01455	0.01188
TGC	TTC	GT	1.30933	0.00474	0.00850	-1.30933	0.01754	0.00850
TGC	TCC	GC	0.97323	0.00432	0.00676	-0.97323	0.01144	0.00676
TGC	TAC	GA	0.78575	0.00714	0.01031	-0.78575	0.01567	0.01031
TGC	TGT	CT	0.22711	0.00695	0.00777	-0.22711	0.00872	0.00777
TGG	TTG	GT	1.32112	0.00651	0.01174	-1.32112	0.02441	0.01174
TGG	TCG	GC	0.83710	0.00594	0.00878	-0.83710	0.01373	0.00878
TGG	TGT	GT	0.25328	0.00651	0.00737	-0.25328	0.00839	0.00737
TGG	TGC	GC	0.02617	0.00594	0.00602	-0.02617	0.00610	0.00602
CTT	TTT	CT	0.19634	0.01564	0.01722	-0.19634	0.01903	0.01722
CTC	TTC	CT	0.96471	0.00695	0.01083	-0.96471	0.01824	0.01083
CTC	CTT	CT	0.71959	0.00695	0.00975	-0.71959	0.01427	0.00975
CTA	TTA	CT	-0.00433	0.00956	0.00954	0.00433	0.00952	0.00954
CTA	CTT	AT	0.51962	0.00651	0.00835	-0.51962	0.01095	0.00835
CTA	CTC	AC	-0.19997	0.00594	0.00537	0.19997	0.00487	0.00537
CTG	TTG	CT	0.88948	0.01043	0.01574	-0.88948	0.02538	0.01574
CTG	CTT	GT	0.65875	0.00711	0.00970	-0.65875	0.01373	0.00970
CTG	CTC	GC	-0.06084	0.00648	0.00629	0.06084	0.00610	0.00629
CTG	CTA	GA	0.13913	0.01071	0.01148	-0.13913	0.01231	0.01148
CCT	TCT	CT	-0.36328	0.01825	0.01513	0.36328	0.01269	0.01513
CCT	CTT	CT	-0.24550	0.01825	0.01610	0.24550	0.01427	0.01610
CCC	TCC	CT	1.51809	0.00261	0.00507	-1.51809	0.01189	0.00507
CCC	CTC	CT	0.88948	0.00261	0.00394	-0.88948	0.00634	0.00394
CCC	CCT	CT	1.85457	0.00261	0.00573	-1.85457	0.01665	0.00573
CCA	TCA	CT	-0.22488	0.01390	0.01240	0.22488	0.01110	0.01240
CCA	CTA	CT	-0.46604	0.01390	0.01091	0.46604	0.00872	0.01091
CCA	CCT	AT	0.29908	0.00947	0.01096	-0.29908	0.01278	0.01096
CCA	CCC	AC	-1.55549	0.00865	0.00360	1.55549	0.00183	0.00360
CCG	TCG	CT	-0.09134	0.01564	0.01494	0.09134	0.01427	0.01494
CCG	CTG	CT	-0.49681	0.01564	0.01207	0.49681	0.00952	0.01207
CCG	CCT	GT	0.40743	0.01066	0.01298	-0.40743	0.01602	0.01298
CCG	CCC	GC	-1.44713	0.00973	0.00433	1.44713	0.00229	0.00433
CCG	CCA	GA	0.10836	0.01607	0.01696	-0.10836	0.01791	0.01696
CAT	TAT	CT	-0.29898	0.01390	0.01193	0.29898	0.01031	0.01193
CAT	CTT	AT	0.14492	0.00947	0.01018	-0.14492	0.01095	0.01018
CAT	CCT	AC	0.39042	0.00865	0.01044	-0.39042	0.01278	0.01044
CAC	TAC	CT	0.46827	0.00695	0.00870	-0.46827	0.01110	0.00870
CAC	CTC	AT	0.02714	0.00474	0.00480	-0.02714	0.00487	0.00480
CAC	CCC	AC	-0.86234	0.00432	0.00272	0.86234	0.00183	0.00272
CAC	CAT	CT	0.60180	0.00695	0.00925	-0.60180	0.01269	0.00925
CAA	CTA	AT	-0.34755	0.00947	0.00792	0.34755	0.00669	0.00792
CAA	CCA	AC	0.11849	0.00865	0.00917	-0.11849	0.00973	0.00917
CAA	CAT	AT	0.02714	0.00947	0.00960	-0.02714	0.00973	0.00960
CAA	CAC	AC	-0.57466	0.00865	0.00640	0.57466	0.00487	0.00640
CAG	CTG	AT	-0.57899	0.01303	0.00962	0.57899	0.00730	0.00962
CAG	CCG	AC	-0.08218	0.01189	0.01141	0.08218	0.01095	0.01141
CAG	CAT	GT	-0.06517	0.01303	0.01261	0.06517	0.01220	0.01261
CAG	CAC	GC	-0.66698	0.01189	0.00836	0.66698	0.00610	0.00836
CAG	CAA	GA	-0.09232	0.01964	0.01875	0.09232	0.01791	0.01875
CGT	TGT	CT	-0.40150	0.01303	0.01059	0.40150	0.00872	0.01059
CGT	CTT	GT	0.43560	0.00888	0.01096	-0.43560	0.01373	0.01096
CGT	CCT	GC	0.68110	0.00811	0.01118	-0.68110	0.01602	0.01118
CGT	CAT	GA	0.29068	0.01339	0.01543	-0.29068	0.01791	0.01543
CGC	TGC	CT	0.60180	0.00348	0.00463	-0.60180	0.00634	0.00463
CGC	CTC	GT	0.94643	0.00237	0.00366	-0.94643	0.00610	0.00366
CGC	CCC	GC	0.05694	0.00216	0.00222	-0.05694	0.00229	0.00222
CGC	CAC	GA	0.91929	0.00357	0.00546	-0.91929	0.00895	0.00546
CGC	CGT	CT	1.23041	0.00348	0.00604	-1.23041	0.01189	0.00604
CGA	CTA	GT	0.34859	0.00592	0.00701	-0.34859	0.00839	0.00701
CGA	CCA	GC	0.81463	0.00540	0.00790	-0.81463	0.01220	0.00790
CGA	CAA	GA	0.69614	0.00893	0.01239	-0.69614	0.01791	0.01239
CGA	CGT	AT	0.43261	0.00592	0.00729	-0.43261	0.00913	0.00729
CGA	CGC	AC	-0.79780	0.00540	0.00353	0.79780	0.00243	0.00353
CGG	TGG	CT	0.10933	0.00782	0.00825	-0.10933	0.00872	0.00825
CGG	CTG	GT	0.54096	0.00533	0.00690	-0.54096	0.00915	0.00690
CGG	CCG	GC	1.03777	0.00486	0.00782	-1.03777	0.01373	0.00782
CGG	CAG	GA	1.11996	0.00803	0.01336	-1.11996	0.02462	0.01336
CGG	CGT	GT	0.76411	0.00533	0.00762	-0.76411	0.01144	0.00762
CGG	CGC	GC	-0.46631	0.00486	0.00382	0.46631	0.00305	0.00382
CGG	CGA	GA	0.33150	0.00803	0.00944	-0.33150	0.01119	0.00944
ATT	TTT	AT	0.20946	0.01184	0.01313	-0.20946	0.01460	0.01313
ATT	CTT	AC	0.01313	0.01081	0.01088	-0.01313	0.01095	0.01088
ATC	TTC	AT	0.16690	0.01184	0.01286	-0.16690	0.01399	0.01286
ATC	CTC	AC	-0.79780	0.01081	0.00706	0.79780	0.00487	0.00706
ATC	ATT	CT	-0.09134	0.01738	0.01660	0.09134	0.01586	0.01660
ATA	TTA	AT	0.02714	0.00711	0.00720	-0.02714	0.00730	0.00720
ATA	CTA	AC	0.03147	0.00648	0.00659	-0.03147	0.00669	0.00659
ATA	ATT	AT	0.53797	0.00711	0.00919	-0.53797	0.01217	0.00919
ATA	ATC	AC	0.62931	0.00648	0.00874	-0.62931	0.01217	0.00874
ATG	TTG	AT	-0.14471	0.02250	0.02091	0.14471	0.01947	0.02091
ATG	CTG	AC	-1.03419	0.02054	0.01172	1.03419	0.00730	0.01172
ATG	ATT	GT	-0.38857	0.02250	0.01841	0.38857	0.01526	0.01841
ATG	ATC	GC	-0.29723	0.02054	0.01763	0.29723	0.01526	0.01763
ATG	ATA	GA	-0.92654	0.03392	0.02060	0.92654	0.01343	0.02060
ACT	TCT	AT	-0.24479	0.01243	0.01097	0.24479	0.00973	0.01097
ACT	CCT	AC	0.11849	0.01135	0.01203	-0.11849	0.01278	0.01203
ACT	ATT	CT	-0.14013	0.01825	0.01700	0.14013	0.01586	0.01700
ACC	TCC	AT	0.33730	0.00651	0.00767	-0.33730	0.00913	0.00767
ACC	CCC	AC	-1.18080	0.00594	0.00311	1.18080	0.00183	0.00311
ACC	ATC	CT	0.50649	0.00956	0.01218	-0.50649	0.01586	0.01218
ACC	ACT	CT	0.55528	0.00956	0.01245	-0.55528	0.01665	0.01245
ACA	TCA	AT	-0.10639	0.00947	0.00898	0.10639	0.00852	0.00898
ACA	CCA	AC	0.11849	0.00865	0.00917	-0.11849	0.00973	0.00917
ACA	ATA	CT	-0.37903	0.01390	0.01143	0.37903	0.00952	0.01143
ACA	ACT	AT	0.29908	0.00947	0.01096	-0.29908	0.01278	0.01096
ACA	ACC	AC	-0.25621	0.00865	0.00759	0.25621	0.00669	0.00759
ACG	TCG	AT	-0.17353	0.01303	0.01193	0.17353	0.01095	0.01193
ACG	CCG	AC	-0.08218	0.01189	0.01141	0.08218	0.01095	0.01141
ACG	ATG	CT	0.45520	0.01911	0.02379	-0.45520	0.03013	0.02379
ACG	ACT	GT	0.20676	0.01303	0.01442	-0.20676	0.01602	0.01442
ACG	ACC	GC	-0.34852	0.01189	0.00994	0.34852	0.00839	0.00994
ACG	ACA	GA	-0.09232	0.01964	0.01875	0.09232	0.01791	0.01875
AAT	TAT	AT	-0.74011	0.01658	0.01119	0.74011	0.00791	0.01119
AAT	CAT	AC	-0.44113	0.01513	0.01204	0.44113	0.00973	0.01204
AAT	ATT	AT	-0.30933	0.01658	0.01415	0.30933	0.01217	0.01415
AAT	ACT	AC	-0.16920	0.01513	0.01389	0.16920	0.01278	0.01389
AAC	TAC	AT	-0.46930	0.01362	0.01067	0.46930	0.00852	0.01067
AAC	CAC	AC	-0.93757	0.01243	0.00750	0.93757	0.00487	0.00750
AAC	ATC	AT	-0.11262	0.01362	0.01287	0.11262	0.01217	0.01287
AAC	ACC	AC	-0.61911	0.01243	0.00898	0.61911	0.00669	0.00898
AAC	AAT	CT	0.10537	0.01998	0.02105	-0.10537	0.02220	0.02105
AAA	CAA	AC	-0.74651	0.02054	0.01382	0.74651	0.00973	0.01382
AAA	ATA	AT	-1.12554	0.02250	0.01216	1.12554	0.00730	0.01216
AAA	ACA	AC	-0.74651	0.02054	0.01382	0.74651	0.00973	0.01382
AAA	AAT	AT	-0.27824	0.02250	0.01951	0.27824	0.01704	0.01951
AAA	AAC	AC	-0.38361	0.02054	0.01685	0.38361	0.01399	0.01685
AAG	CAG	AC	-0.86801	0.03188	0.02002	0.86801	0.01338	0.02002
AAG	ATG	AT	-0.41281	0.03493	0.02822	0.41281	0.02312	0.02822
AAG	ACG	AC	-0.86801	0.03188	0.02002	0.86801	0.01338	0.02002
AAG	AAT	GT	-0.49205	0.03493	0.02704	0.49205	0.02136	0.02704
AAG	AAC	GC	-0.59742	0.03188	0.02330	0.59742	0.01754	0.02330
AAG	AAA	GA	-0.21381	0.05267	0.04724	0.21381	0.04253	0.04724
AGT	TGT	AT	-0.97616	0.01776	0.01048	0.97616	0.00669	0.01048
AGT	CGT	AC	-0.57466	0.01621	0.01200	0.57466	0.00913	0.01200
AGT	ATT	GT	-0.15218	0.01776	0.01645	0.15218	0.01526	0.01645
AGT	ACT	GC	-0.01205	0.01621	0.01612	0.01205	0.01602	0.01612
AGT	AAT	GA	0.15715	0.02678	0.02894	-0.15715	0.03134	0.02894
AGC	TGC	AT	-0.19600	0.00592	0.00536	0.19600	0.00487	0.00536
AGC	CGC	AC	-0.79780	0.00540	0.00353	0.79780	0.00243	0.00353
AGC	ATC	GT	0.94643	0.00592	0.00916	-0.94643	0.01526	0.00916
AGC	ACC	GC	0.43994	0.00540	0.00668	-0.43994	0.00839	0.00668
AGC	AAC	GA	1.05905	0.00893	0.01447	-1.05905	0.02574	0.01447
AGC	AGT	CT	1.00727	0.00869	0.01379	-1.00727	0.02379	0.01379
AGA	CGA	AC	-1.29250	0.02216	0.01084	1.29250	0.00608	0.01084
AGA	ATA	GT	-0.97538	0.02428	0.01433	0.97538	0.00915	0.01433
AGA	ACA	GC	-0.59636	0.02216	0.01620	0.59636	0.01220	0.01620
AGA	AAA	GA	0.15015	0.03660	0.03942	-0.15015	0.04253	0.03942
AGA	AGT	AT	-0.28523	0.02428	0.02098	0.28523	0.01825	0.02098
AGA	AGC	AC	-1.29250	0.02216	0.01084	1.29250	0.00608	0.01084
AGG	TGG	AT	-1.18588	0.02191	0.01143	1.18588	0.00669	0.01143
AGG	CGG	AC	-1.29521	0.02000	0.00977	1.29521	0.00548	0.00977
AGG	ATG	GT	0.27995	0.02191	0.02512	-0.27995	0.02899	0.02512
AGG	ACG	GC	-0.17525	0.02000	0.01829	0.17525	0.01678	0.01829
AGG	AAG	GA	0.69276	0.03303	0.04578	-0.69276	0.06604	0.04578
AGG	AGT	GT	0.04356	0.02191	0.02239	-0.04356	0.02288	0.02239
AGG	AGC	GC	-0.96371	0.02000	0.01188	0.96371	0.00763	0.01188
AGG	AGA	GA	0.32879	0.03303	0.03876	-0.32879	0.04589	0.03876
GTT	TTT	GT	-0.30634	0.02487	0.02125	0.30634	0.01831	0.02125
GTT	CTT	GC	-0.50267	0.02270	0.01747	0.50267	0.01373	0.01747
GTT	ATT	GA	-0.51580	0.03750	0.02865	0.51580	0.02239	0.02865
GTC	TTC	GT	1.19155	0.00533	0.00912	-1.19155	0.01754	0.00912
GTC	CTC	GC	0.22684	0.00486	0.00544	-0.22684	0.00610	0.00544
GTC	ATC	GA	1.02465	0.00803	0.01284	-1.02465	0.02239	0.01284
GTC	GTT	CT	1.44910	0.00782	0.01481	-1.44910	0.03331	0.01481
GTA	TTA	GT	0.34029	0.00651	0.00768	-0.34029	0.00915	0.00768
GTA	CTA	GC	0.34462	0.00594	0.00703	-0.34462	0.00839	0.00703
GTA	ATA	GA	0.31315	0.00982	0.01144	-0.31315	0.01343	0.01144
GTA	GTT	AT	1.36692	0.00651	0.01195	-1.36692	0.02555	0.01195
GTA	GTC	AC	-0.08218	0.00594	0.00570	0.08218	0.00548	0.00570
GTG	TTG	GT	0.13550	0.02132	0.02279	-0.13550	0.02441	0.02279
GTG	CTG	GC	-0.75399	0.01945	0.01303	0.75399	0.00915	0.01303
GTG	ATG	GA	0.28021	0.03214	0.03685	-0.28021	0.04253	0.03685
GTG	GTT	GT	0.40743	0.02132	0.02595	-0.40743	0.03204	0.02595
GTG	GTC	GC	-1.04167	0.01945	0.01105	1.04167	0.00686	0.01105
GTG	GTA	GA	-0.95948	0.03214	0.01915	0.95948	0.01231	0.01915
GCT	TCT	GT	-0.34143	0.01717	0.01441	0.34143	0.01220	0.01441
GCT	CCT	GC	0.02185	0.01567	0.01584	-0.02185	0.01602	0.01584
GCT	ACT	GA	-0.09663	0.02589	0.02466	0.09663	0.02350	0.02466
GCT	GTT	CT	0.27903	0.02520	0.02887	-0.27903	0.03331	0.02887
GCC	TCC	GT	1.01542	0.00414	0.00660	-1.01542	0.01144	0.00660
GCC	CCC	GC	-0.50267	0.00378	0.00291	0.50267	0.00229	0.00291
GCC	ACC	GA	0.67812	0.00625	0.00861	-0.67812	0.01231	0.00861
GCC	GTC	CT	0.15997	0.00608	0.00658	-0.15997	0.00714	0.00658
GCC	GCT	CT	1.33004	0.00608	0.01100	-1.33004	0.02300	0.01100
GCA	TCA	GT	0.40743	0.00711	0.00865	-0.40743	0.01068	0.00865
GCA	CCA	GC	0.63231	0.00648	0.00875	-0.63231	0.01220	0.00875
GCA	ACA	GA	0.51382	0.01071	0.01370	-0.51382	0.01791	0.01370
GCA	GTA	CT	-0.17836	0.01043	0.00952	0.17836	0.00872	0.00952
GCA	GCT	AT	0.90953	0.00711	0.01082	-0.90953	0.01764	0.01082
GCA	GCC	AC	-0.42051	0.00648	0.00522	0.42051	0.00426	0.00522
GCG	TCG	GT	0.94643	0.00533	0.00824	-0.94643	0.01373	0.00824
GCG	CCG	GC	1.03777	0.00486	0.00782	-1.03777	0.01373	0.00782
GCG	ACG	GA	1.11996	0.00803	0.01336	-1.11996	0.02462	0.01336
GCG	GTG	CT	1.29495	0.00782	0.01395	-1.29495	0.02855	0.01395
GCG	GCT	GT	1.42335	0.00533	0.00999	-1.42335	0.02212	0.00999
GCG	GCC	GC	0.09331	0.00486	0.00509	-0.09331	0.00534	0.00509
GCG	GCA	GA	0.51382	0.00803	0.01027	-0.51382	0.01343	0.01027
GAT	TAT	GT	-1.24221	0.03434	0.01732	1.24221	0.00992	0.01732
GAT	CAT	GC	-0.94323	0.03134	0.01885	0.94323	0.01220	0.01885
GAT	AAT	GA	-0.50210	0.05178	0.03986	0.50210	0.03134	0.03986
GAT	GTT	AT	-0.29563	0.03434	0.02952	0.29563	0.02555	0.02952
GAT	GCT	AC	-0.57466	0.03134	0.02320	0.57466	0.01764	0.02320
GAC	TAC	GT	-0.43987	0.01658	0.01320	0.43987	0.01068	0.01320
GAC	CAC	GC	-0.90814	0.01513	0.00929	0.90814	0.00610	0.00929
GAC	AAC	GA	0.02943	0.02500	0.02537	-0.02943	0.02574	0.02537
GAC	GTC	AT	-1.10784	0.01658	0.00906	1.10784	0.00548	0.00906
GAC	GCC	AC	-1.26781	0.01513	0.00751	1.26781	0.00426	0.00751
GAC	GAT	CT	0.63689	0.02433	0.03289	-0.63689	0.04599	0.03289
GAA	CAA	GC	-0.96032	0.03188	0.01899	0.96032	0.01220	0.01899
GAA	AAA	GA	-0.21381	0.05267	0.04724	0.21381	0.04253	0.04724
GAA	GTA	AT	-1.65250	0.03493	0.01368	1.65250	0.00669	0.01368
GAA	GCA	AC	-1.47414	0.03188	0.01396	1.47414	0.00730	0.01396
GAA	GAT	AT	0.01005	0.03493	0.03511	-0.01005	0.03529	0.03511
GAA	GAC	AC	-0.62685	0.03188	0.02293	0.62685	0.01704	0.02293
GAG	CAG	GC	-1.03024	0.04702	0.02688	1.03024	0.01678	0.02688
GAG	AAG	GA	-0.16223	0.07767	0.07154	0.16223	0.06604	0.07154
GAG	GTG	AT	-0.85525	0.05151	0.03259	0.85525	0.02190	0.03259
GAG	GCG	AC	-2.15020	0.04702	0.01333	2.15020	0.00548	0.01333
GAG	GAT	GT	-0.15218	0.05151	0.04769	0.15218	0.04424	0.04769
GAG	GAC	GC	-0.78908	0.04702	0.03088	0.78908	0.02136	0.03088
GAG	GAA	GA	-0.16223	0.07767	0.07154	0.16223	0.06604	0.07154
GGT	TGT	GT	-0.23920	0.01066	0.00943	0.23920	0.00839	0.00943
GGT	CGT	GC	0.16230	0.00973	0.01054	-0.16230	0.01144	0.01054
GGT	AGT	GA	0.73696	0.01607	0.02271	-0.73696	0.03358	0.02271
GGT	GTT	GT	1.10058	0.01066	0.01758	-1.10058	0.03204	0.01758
GGT	GCT	GC	0.82155	0.00973	0.01426	-0.82155	0.02212	0.01426
GGT	GAT	GA	1.39621	0.01607	0.02982	-1.39621	0.06492	0.02982
GGC	TGC	GT	0.25328	0.00474	0.00536	-0.25328	0.00610	0.00536
GGC	CGC	GC	-0.34852	0.00432	0.00361	0.34852	0.00305	0.00361
GGC	AGC	GA	0.44928	0.00714	0.00887	-0.44928	0.01119	0.00887
GGC	GTC	GT	0.37106	0.00474	0.00567	-0.37106	0.00686	0.00567
GGC	GCC	GC	0.21109	0.00432	0.00480	-0.21109	0.00534	0.00480
GGC	GAC	GA	1.47890	0.00714	0.01368	-1.47890	0.03134	0.01368
GGC	GGT	CT	0.71959	0.00695	0.00975	-0.71959	0.01427	0.00975
GGA	CGA	GC	-1.06636	0.02216	0.01240	1.06636	0.00763	0.01240
GGA	AGA	GA	0.22614	0.03660	0.04090	-0.22614	0.04589	0.04090
GGA	GTA	GT	-1.06240	0.02428	0.01362	1.06240	0.00839	0.01362
GGA	GCA	GC	-0.88404	0.02216	0.01379	0.88404	0.00915	0.01379
GGA	GAA	GA	0.59010	0.03660	0.04846	-0.59010	0.06604	0.04846
GGA	GGT	AT	-0.79606	0.02428	0.01588	0.79606	0.01095	0.01588
GGA	GGC	AC	-1.51564	0.02216	0.00945	1.51564	0.00487	0.00945
GGG	TGG	GT	0.08623	0.00770	0.00803	-0.08623	0.00839	0.00803
GGG	CGG	GC	-0.02310	0.00703	0.00694	0.02310	0.00686	0.00694
GGG	AGG	GA	1.27211	0.01161	0.02051	-1.27211	0.04141	0.02051
GGG	GTG	GT	1.27185	0.00770	0.01360	-1.27185	0.02746	0.01360
GGG	GCG	GC	-0.02310	0.00703	0.00694	0.02310	0.00686	0.00694
GGG	GAG	GA	2.12710	0.01161	0.02803	-2.12710	0.09738	0.02803
GGG	GGT	GT	0.57870	0.00770	0.01014	-0.57870	0.01373	0.01014
GGG	GGC	GC	-0.14088	0.00703	0.00654	0.14088	0.00610	0.00654
GGG	GGA	GA	1.37476	0.01161	0.02136	-1.37476	0.04589	0.02136


Histograms
2Ns	FMut	FSub(CodonUsage)	FSubw(after w)

-2.04781	0.01774	0.00551
-1.84303	0.00205	0.00076
-1.63825	0.00536	0.00230
-1.43346	0.03672	0.01791
-1.22868	0.04097	0.02202
-1.02390	0.08005	0.05003
-0.81912	0.07273	0.05130
-0.61434	0.07631	0.06024
-0.40956	0.09246	0.08108
-0.20478	0.15547	0.15233
0.00000	0.10428	0.11302
0.20478	0.12748	0.15233
0.40956	0.06140	0.08108
0.61434	0.04173	0.06024
0.81912	0.03251	0.05130
1.02390	0.02899	0.05003
1.22868	0.01150	0.02202
1.43346	0.00879	0.01791
1.63825	0.00105	0.00230
1.84303	0.00032	0.00076
2.04781	0.00210	0.00551

Proportion of advantageous (S > 0) mutations:
 0.36675

Proportions of good & bad mutations (|S| > 2.0000) among mutations:
0.00210  0.01774

mean |Ns| = 0.58024	mean Ns+ = 0.45557	mean Ns- = -0.65245


MLEs of dN/dS (w) for site classes (K=4)

site class             0        1       2a       2b
proportion       0.64928  0.31839  0.02169  0.01064
background w     0.13429  1.00000  0.13429  1.00000
foreground w     0.13429  1.00000 140.29942 140.29942

Naive Empirical Bayes (NEB) probabilities for 4 classes
(amino acids refer to 1st sequence: AT2G33500_AT2G33500.1_Athaliana_Araport11)

   1 S   0.48677 0.51171 0.00045 0.00107 ( 2)
   2 N   0.97651 0.01878 0.00448 0.00023 ( 1)
   3 E   0.78368 0.21353 0.00187 0.00092 ( 1)
   4 L   0.94831 0.04552 0.00574 0.00042 ( 1)
   5 I   0.98448 0.01470 0.00078 0.00004 ( 1)
   6 V   0.95219 0.04622 0.00146 0.00014 ( 1)
   7 P   0.84150 0.15567 0.00191 0.00093 ( 1)
   8 Y   0.02116 0.86955 0.01591 0.09338 ( 2)
   9 D   0.96284 0.03523 0.00179 0.00015 ( 1)
  10 V   0.13795 0.52046 0.31372 0.02787 ( 2)
  11 S   0.31292 0.58666 0.06817 0.03225 ( 2)
  12 C   0.08306 0.88379 0.00791 0.02524 ( 2)
  13 K   0.95078 0.04299 0.00568 0.00055 ( 1)
  14 K   0.85118 0.14631 0.00185 0.00066 ( 1)
  15 Q   0.63159 0.34266 0.01677 0.00898 ( 1)
  16 S   0.07166 0.85916 0.02384 0.04533 ( 2)
  17 F   0.22432 0.76726 0.00190 0.00652 ( 2)
  18 S   0.85997 0.13553 0.00315 0.00136 ( 1)
  19 F   0.82083 0.17389 0.00382 0.00145 ( 1)
  20 G   0.98188 0.01730 0.00077 0.00005 ( 1)
  21 R   0.79199 0.20603 0.00127 0.00071 ( 1)
  22 S   0.78415 0.21067 0.00346 0.00171 ( 1)
  23 K   0.87915 0.11851 0.00181 0.00053 ( 1)
  24 Q   0.03557 0.96225 0.00004 0.00214 ( 2)
  25 V   0.00149 0.99587 0.00000 0.00264 ( 2)
  26 V   0.13461 0.85059 0.00528 0.00952 ( 2)
  27 F   0.96361 0.00136 0.03501 0.00001 ( 1)
  28 E   0.01837 0.92122 0.00392 0.05649 ( 2)
  29 Q   0.88935 0.10976 0.00068 0.00021 ( 1)
  30 L   0.99923 0.00004 0.00073 0.00000 ( 1)
  31 E   0.18943 0.80539 0.00069 0.00450 ( 2)
  32 L   0.23889 0.75465 0.00097 0.00548 ( 2)
  33 L   0.96658 0.02982 0.00333 0.00027 ( 1)
  34 K   0.14642 0.84893 0.00037 0.00428 ( 2)
  35 R   0.68662 0.26677 0.04239 0.00421 ( 1)
  36 G   0.42211 0.57153 0.00134 0.00503 ( 2)
  37 F   0.61340 0.20672 0.16766 0.01221 ( 1)
  38 V   0.61399 0.37916 0.00272 0.00413 ( 1)
  39 E   0.04391 0.93228 0.00298 0.02083 ( 2)
  40 G   0.31369 0.67680 0.00177 0.00774 ( 2)
  41 E   0.97263 0.01382 0.01330 0.00026 ( 1)
  42 G   0.99339 0.00481 0.00178 0.00001 ( 1)
  43 E   0.92871 0.06073 0.00955 0.00101 ( 1)
  44 I   0.94292 0.00681 0.05019 0.00008 ( 1)
  45 M   0.02024 0.97636 0.00003 0.00337 ( 2)
  46 V   0.93991 0.05837 0.00153 0.00019 ( 1)
  47 P   0.90684 0.09233 0.00069 0.00014 ( 1)
  48 E   0.59315 0.40319 0.00169 0.00197 ( 1)
  49 -   0.03989 0.93327 0.00134 0.02550 ( 2)
  50 -   0.07321 0.69038 0.19005 0.04635 ( 2)
  51 -   0.03447 0.91372 0.01662 0.03519 ( 2)
  52 -   0.96784 0.01725 0.01458 0.00034 ( 1)
  53 -   0.99006 0.00655 0.00327 0.00012 ( 1)
  54 -   0.80726 0.16042 0.02697 0.00536 ( 1)
  55 -   0.88925 0.07842 0.02971 0.00262 ( 1)
  56 -   0.00744 0.96024 0.00025 0.03208 ( 2)
  57 -   0.96295 0.00472 0.03217 0.00016 ( 1)
  58 -   0.96456 0.00311 0.03222 0.00010 ( 1)
  59 -   0.96235 0.00532 0.03215 0.00018 ( 1)
  60 -   0.14532 0.82235 0.00485 0.02747 ( 2)
  61 -   0.83672 0.13095 0.02795 0.00437 ( 1)
  62 -   0.80832 0.18496 0.00276 0.00396 ( 1)
  63 -   0.99774 0.00150 0.00074 0.00002 ( 1)
  64 I   0.92882 0.03507 0.03575 0.00036 ( 1)
  65 S   0.00067 0.79559 0.00453 0.19921 ( 2)
  66 Q   0.99652 0.00272 0.00076 0.00001 ( 1)
  67 Q   0.99712 0.00006 0.00282 0.00000 ( 1)
  68 W   0.81692 0.18256 0.00031 0.00021 ( 1)
  69 N   0.43983 0.55769 0.00047 0.00200 ( 2)
  70 A   0.99601 0.00274 0.00125 0.00001 ( 1)
  71 -   0.00209 0.96424 0.00026 0.03341 ( 2)
  72 -   0.66213 0.32586 0.00249 0.00952 ( 1)
  73 T   0.96802 0.03100 0.00090 0.00008 ( 1)
  74 N   0.97388 0.02505 0.00099 0.00009 ( 1)
  75 H   0.59118 0.37897 0.02595 0.00391 ( 1)
  76 S   0.26019 0.73098 0.00128 0.00755 ( 2)
  77 D   0.95827 0.03971 0.00185 0.00017 ( 1)
  78 F   0.97794 0.02121 0.00081 0.00005 ( 1)
  79 N   0.98190 0.01726 0.00080 0.00004 ( 1)
  80 L   0.99208 0.00681 0.00110 0.00001 ( 1)
  81 G   0.44777 0.54985 0.00069 0.00168 ( 2)
  82 Q   0.91310 0.08591 0.00082 0.00018 ( 1)
  83 S   0.92939 0.06803 0.00228 0.00030 ( 1)
  84 R   0.10207 0.88528 0.00081 0.01185 ( 2)
  85 N   0.00121 0.81468 0.01999 0.16412 ( 2)
  86 P   0.96770 0.03147 0.00078 0.00005 ( 1)
  87 D   0.51108 0.46414 0.01598 0.00880 ( 1)
  88 E   0.24919 0.72963 0.00617 0.01501 ( 2)
  89 P   0.06691 0.87150 0.01348 0.04811 ( 2)
  90 S   0.46656 0.53132 0.00055 0.00156 ( 2)
  91 P   0.56343 0.42923 0.00456 0.00277 ( 1)
  92 E   0.57453 0.35487 0.06238 0.00822 ( 1)
  93 D   0.20487 0.78127 0.00165 0.01221 ( 2)
  94 S   0.68212 0.28676 0.02883 0.00229 ( 1)
  95 V   0.03663 0.23370 0.67465 0.05503 ( 3)
  96 H   0.04583 0.92711 0.00249 0.02457 ( 2)
  97 I   0.04752 0.81500 0.09602 0.04145 ( 2)
  98 P   0.96744 0.02848 0.00385 0.00024 ( 1)
  99 A   0.13204 0.79002 0.05095 0.02699 ( 2)
 100 D   0.09033 0.87387 0.00644 0.02935 ( 2)
 101 S   0.30699 0.69179 0.00024 0.00098 ( 2)
 102 C   0.86448 0.09730 0.03707 0.00116 ( 1)
 103 G   0.04064 0.94933 0.00140 0.00864 ( 2)
 104 L   0.09697 0.90053 0.00015 0.00235 ( 2)
 105 H   0.87553 0.12366 0.00055 0.00026 ( 1)
 106 C   0.85359 0.11882 0.02676 0.00083 ( 1)
 107 T   0.30844 0.68416 0.00123 0.00617 ( 2)
 108 E   0.91987 0.06962 0.00935 0.00116 ( 1)
 109 H   0.00751 0.99024 0.00001 0.00225 ( 2)
 110 I   0.98735 0.01173 0.00088 0.00003 ( 1)
 111 -   0.96432 0.00335 0.03222 0.00011 ( 1)
 112 -   0.10211 0.86556 0.00341 0.02892 ( 2)
 113 -   0.07938 0.88830 0.00265 0.02968 ( 2)
 114 -   0.25697 0.71070 0.00858 0.02374 ( 2)
 115 -   0.81582 0.15185 0.02725 0.00507 ( 1)
 116 -   0.94876 0.01891 0.03170 0.00063 ( 1)
 117 -   0.79502 0.17265 0.02656 0.00577 ( 1)
 118 -   0.68852 0.27915 0.02300 0.00933 ( 1)
 119 -   0.94293 0.02474 0.03150 0.00083 ( 1)
 120 -   0.32633 0.64134 0.01090 0.02143 ( 2)
 121 -   0.94424 0.02343 0.03154 0.00078 ( 1)
 122 -   0.95751 0.01016 0.03199 0.00034 ( 1)
 123 -   0.74556 0.22211 0.02491 0.00742 ( 1)
 124 -   0.95027 0.01741 0.03175 0.00058 ( 1)
 125 -   0.43824 0.52943 0.01464 0.01769 ( 2)
 126 -   0.30059 0.66708 0.01004 0.02229 ( 2)
 127 -   0.84198 0.12569 0.02813 0.00420 ( 1)
 128 -   0.74165 0.22602 0.02478 0.00755 ( 1)
 129 -   0.39301 0.57467 0.01313 0.01920 ( 2)
 130 -   0.95029 0.01738 0.03175 0.00058 ( 1)
 131 -   0.93998 0.02769 0.03140 0.00093 ( 1)
 132 -   0.91138 0.05629 0.03045 0.00188 ( 1)
 133 -   0.84872 0.11895 0.02835 0.00397 ( 1)
 134 -   0.93717 0.03051 0.03131 0.00102 ( 1)
 135 -   0.95260 0.01507 0.03182 0.00050 ( 1)
 136 -   0.18528 0.78239 0.00619 0.02614 ( 2)
 137 -   0.11423 0.85344 0.00382 0.02851 ( 2)
 138 -   0.90975 0.05792 0.03039 0.00193 ( 1)
 139 -   0.72333 0.24434 0.02416 0.00816 ( 1)
 140 -   0.94453 0.02314 0.03155 0.00077 ( 1)
 141 -   0.87857 0.08910 0.02935 0.00298 ( 1)
 142 -   0.93753 0.03014 0.03132 0.00101 ( 1)
 143 -   0.12820 0.83948 0.00428 0.02804 ( 2)
 144 -   0.80944 0.15823 0.02704 0.00529 ( 1)
 145 -   0.93671 0.03097 0.03129 0.00103 ( 1)
 146 -   0.23875 0.72892 0.00798 0.02435 ( 2)
 147 -   0.25902 0.70865 0.00865 0.02367 ( 2)
 148 -   0.86550 0.10217 0.02891 0.00341 ( 1)
 149 -   0.54172 0.42595 0.01810 0.01423 ( 1)
 150 -   0.95593 0.01174 0.03194 0.00039 ( 1)
 151 -   0.58620 0.38147 0.01958 0.01274 ( 1)
 152 A   0.77794 0.22053 0.00097 0.00056 ( 1)
 153 I   0.04983 0.04581 0.88927 0.01509 ( 3)
 154 T   0.83603 0.16286 0.00075 0.00036 ( 1)
 155 S   0.98233 0.01667 0.00095 0.00004 ( 1)
 156 T   0.83485 0.16417 0.00066 0.00033 ( 1)
 157 R   0.16449 0.83282 0.00025 0.00244 ( 2)
 158 L   0.00631 0.96331 0.00014 0.03025 ( 2)
 159 V   0.98403 0.00727 0.00858 0.00012 ( 1)
 160 A   0.78435 0.21233 0.00179 0.00152 ( 1)
 161 V   0.00160 0.96607 0.00005 0.03227 ( 2)
 162 T   0.63840 0.35154 0.00512 0.00494 ( 1)
 163 -   0.73903 0.22865 0.02469 0.00764 ( 1)
 164 -   0.07553 0.89214 0.00252 0.02980 ( 2)
 165 -   0.48912 0.47855 0.01634 0.01599 ( 1)
 166 -   0.04405 0.92362 0.00147 0.03086 ( 2)
 167 -   0.94317 0.02451 0.03151 0.00082 ( 1)
 168 -   0.05164 0.91603 0.00173 0.03060 ( 2)
 169 -   0.77088 0.19679 0.02575 0.00657 ( 1)
 170 -   0.47852 0.48916 0.01599 0.01634 ( 2)
 171 -   0.69345 0.27422 0.02317 0.00916 ( 1)
 172 -   0.92201 0.04567 0.03080 0.00153 ( 1)
 173 -   0.67383 0.29384 0.02251 0.00982 ( 1)
 174 -   0.76849 0.19918 0.02567 0.00665 ( 1)
 175 N   0.49092 0.47041 0.02997 0.00871 ( 1)
 176 A   0.91097 0.08759 0.00120 0.00024 ( 1)
 177 D   0.98419 0.01358 0.00217 0.00006 ( 1)
 178 L   0.44712 0.54860 0.00112 0.00316 ( 2)
 179 E   0.99658 0.00059 0.00283 0.00000 ( 1)
 180 R   0.95013 0.04827 0.00146 0.00014 ( 1)
 181 D   0.00195 0.92295 0.00193 0.07317 ( 2)
 182 N   0.01809 0.96718 0.00092 0.01382 ( 2)
 183 -   0.86826 0.09941 0.02901 0.00332 ( 1)
 184 -   0.74556 0.22211 0.02491 0.00742 ( 1)
 185 -   0.72972 0.23795 0.02438 0.00795 ( 1)
 186 -   0.29287 0.67480 0.00978 0.02254 ( 2)
 187 -   0.03961 0.92807 0.00132 0.03100 ( 2)
 188 -   0.72368 0.24399 0.02418 0.00815 ( 1)
 189 -   0.37287 0.59480 0.01246 0.01987 ( 2)
 190 -   0.08420 0.88347 0.00281 0.02951 ( 2)
 191 -   0.93484 0.03283 0.03123 0.00110 ( 1)
 192 -   0.60085 0.36682 0.02007 0.01225 ( 1)
 193 -   0.94614 0.02153 0.03161 0.00072 ( 1)
 194 -   0.93159 0.03608 0.03112 0.00121 ( 1)
 195 -   0.93639 0.03129 0.03128 0.00105 ( 1)
 196 -   0.71409 0.25358 0.02386 0.00847 ( 1)
 197 -   0.96148 0.00619 0.03212 0.00021 ( 1)
 198 -   0.29801 0.66966 0.00996 0.02237 ( 2)
 199 A   0.99511 0.00023 0.00465 0.00000 ( 1)
 200 M   0.99636 0.00235 0.00128 0.00001 ( 1)
 201 -   0.95773 0.00994 0.03200 0.00033 ( 1)
 202 -   0.31344 0.65424 0.01047 0.02186 ( 2)
 203 -   0.86083 0.10685 0.02876 0.00357 ( 1)
 204 -   0.96390 0.00378 0.03220 0.00013 ( 1)
 205 -   0.66164 0.30603 0.02210 0.01022 ( 1)
 206 -   0.61836 0.34931 0.02066 0.01167 ( 1)
 207 Q   0.99057 0.00863 0.00078 0.00002 ( 1)
 208 -   0.82886 0.13882 0.02769 0.00464 ( 1)
 209 -   0.20910 0.75857 0.00699 0.02534 ( 2)
 210 -   0.96442 0.00326 0.03222 0.00011 ( 1)
 211 -   0.96390 0.00378 0.03220 0.00013 ( 1)
 212 -   0.18165 0.78603 0.00607 0.02626 ( 2)
 213 -   0.41718 0.55050 0.01394 0.01839 ( 2)
 214 -   0.76889 0.19878 0.02569 0.00664 ( 1)
 215 -   0.13295 0.83473 0.00444 0.02789 ( 2)
 216 -   0.32611 0.64156 0.01089 0.02143 ( 2)
 217 -   0.78421 0.18346 0.02620 0.00613 ( 1)
 218 -   0.91526 0.05241 0.03058 0.00175 ( 1)
 219 -   0.17524 0.79243 0.00585 0.02647 ( 2)
 220 -   0.19595 0.77173 0.00655 0.02578 ( 2)
 221 -   0.51686 0.45081 0.01727 0.01506 ( 1)
 222 -   0.77465 0.19302 0.02588 0.00645 ( 1)
 223 -   0.47010 0.49757 0.01570 0.01662 ( 2)
 224 -   0.05502 0.91266 0.00184 0.03049 ( 2)
 225 -   0.89338 0.07429 0.02985 0.00248 ( 1)
 226 -   0.18906 0.77861 0.00632 0.02601 ( 2)
 227 -   0.94326 0.02441 0.03151 0.00082 ( 1)
 228 -   0.28548 0.68220 0.00954 0.02279 ( 2)
 229 -   0.07071 0.89696 0.00236 0.02997 ( 2)
 230 -   0.88034 0.08733 0.02941 0.00292 ( 1)
 231 -   0.68895 0.27872 0.02302 0.00931 ( 1)
 232 -   0.14150 0.82617 0.00473 0.02760 ( 2)
 233 -   0.82757 0.14010 0.02765 0.00468 ( 1)
 234 -   0.66120 0.30647 0.02209 0.01024 ( 1)
 235 -   0.74340 0.22428 0.02483 0.00749 ( 1)
 236 -   0.14434 0.82334 0.00482 0.02751 ( 2)
 237 -   0.03464 0.93304 0.00116 0.03117 ( 2)
 238 -   0.29043 0.67725 0.00970 0.02263 ( 2)
 239 -   0.92655 0.04112 0.03095 0.00137 ( 1)
 240 -   0.89870 0.06898 0.03002 0.00230 ( 1)
 241 -   0.37307 0.59460 0.01246 0.01986 ( 2)
 242 -   0.16221 0.80547 0.00542 0.02691 ( 2)
 243 -   0.02376 0.94391 0.00079 0.03153 ( 2)
 244 -   0.05220 0.91547 0.00174 0.03058 ( 2)
 245 -   0.95254 0.01513 0.03182 0.00051 ( 1)
 246 -   0.22575 0.74193 0.00754 0.02479 ( 2)
 247 -   0.73448 0.23319 0.02454 0.00779 ( 1)
 248 -   0.38315 0.58452 0.01280 0.01953 ( 2)
 249 -   0.93995 0.02772 0.03140 0.00093 ( 1)
 250 -   0.93719 0.03048 0.03131 0.00102 ( 1)
 251 -   0.87049 0.09719 0.02908 0.00325 ( 1)
 252 -   0.96077 0.00690 0.03210 0.00023 ( 1)
 253 -   0.95163 0.01604 0.03179 0.00054 ( 1)
 254 -   0.96622 0.00146 0.03228 0.00005 ( 1)
 255 -   0.96204 0.00563 0.03214 0.00019 ( 1)
 256 -   0.96144 0.00623 0.03212 0.00021 ( 1)
 257 -   0.90895 0.05873 0.03037 0.00196 ( 1)
 258 R   0.99725 0.00008 0.00267 0.00000 ( 1)
 259 Y   0.99952 0.00000 0.00047 0.00000 ( 1)
 260 K   0.98914 0.00877 0.00205 0.00004 ( 1)
 261 E   0.99733 0.00051 0.00215 0.00000 ( 1)
 262 K   0.99797 0.00007 0.00196 0.00000 ( 1)
 263 K   0.94701 0.00516 0.04776 0.00007 ( 1)
 264 K   0.99360 0.00061 0.00579 0.00001 ( 1)
 265 T   0.99292 0.00393 0.00313 0.00003 ( 1)
 266 R   0.99938 0.00005 0.00058 0.00000 ( 1)
 267 R   0.93242 0.06595 0.00144 0.00020 ( 1)
 268 Y   0.99944 0.00008 0.00048 0.00000 ( 1)
 269 D   0.77957 0.21778 0.00169 0.00096 ( 1)
 270 K   0.99791 0.00007 0.00202 0.00000 ( 1)
 271 T   0.91001 0.08929 0.00056 0.00014 ( 1)
 272 I   0.99944 0.00000 0.00056 0.00000 ( 1)
 273 R   0.99494 0.00011 0.00495 0.00000 ( 1)
 274 Y   0.99954 0.00000 0.00046 0.00000 ( 1)
 275 E   0.99352 0.00431 0.00214 0.00002 ( 1)
 276 T   0.93902 0.05554 0.00502 0.00042 ( 1)
 277 R   0.99833 0.00002 0.00164 0.00000 ( 1)
 278 K   0.99796 0.00006 0.00198 0.00000 ( 1)
 279 A   0.94389 0.05355 0.00214 0.00042 ( 1)
 280 R   0.98256 0.01565 0.00174 0.00005 ( 1)
 281 A   0.99707 0.00000 0.00292 0.00000 ( 1)
 282 E   0.91662 0.00448 0.07881 0.00008 ( 1)
 283 T   0.72630 0.26891 0.00258 0.00221 ( 1)
 284 R   0.99854 0.00008 0.00138 0.00000 ( 1)
 285 L   0.98386 0.01466 0.00145 0.00004 ( 1)
 286 R   0.99918 0.00014 0.00068 0.00000 ( 1)
 287 V   0.99535 0.00073 0.00391 0.00001 ( 1)
 288 K   0.85496 0.00367 0.14120 0.00017 ( 1)
 289 G   0.99941 0.00004 0.00055 0.00000 ( 1)
 290 R   0.99799 0.00024 0.00177 0.00000 ( 1)
 291 F   0.99911 0.00002 0.00087 0.00000 ( 1)
 292 V   0.99583 0.00253 0.00163 0.00001 ( 1)
 293 K   0.99842 0.00007 0.00151 0.00000 ( 1)
 294 A   0.99392 0.00495 0.00111 0.00001 ( 1)
 295 T   0.65936 0.03094 0.30761 0.00209 ( 1)
 296 D   0.27272 0.68273 0.02893 0.01562 ( 2)
 297 P   0.85114 0.14787 0.00072 0.00027 ( 1)
 298 -   0.95444 0.01323 0.03189 0.00044 ( 1)
 299 -   0.93934 0.02833 0.03138 0.00095 ( 1)
 300 -   0.00181 0.96586 0.00006 0.03227 ( 2)
 301 -   0.04450 0.92317 0.00149 0.03084 ( 2)


lnL = -4007.007945

Bayes Empirical Bayes (BEB) probabilities for 4 classes (class)
(amino acids refer to 1st sequence: AT2G33500_AT2G33500.1_Athaliana_Araport11)

   1 S   0.54031 0.44516 0.00559 0.00894 ( 1)
   2 N   0.96923 0.01852 0.01172 0.00052 ( 1)
   3 E   0.79550 0.18637 0.01314 0.00499 ( 1)
   4 L   0.93356 0.04360 0.02129 0.00155 ( 1)
   5 I   0.97836 0.01464 0.00674 0.00027 ( 1)
   6 V   0.94124 0.04395 0.01374 0.00107 ( 1)
   7 P   0.85387 0.13651 0.00708 0.00255 ( 1)
   8 Y   0.03109 0.83660 0.02468 0.10762 ( 2)
   9 D   0.95364 0.03392 0.01165 0.00078 ( 1)
  10 V   0.12168 0.35190 0.48472 0.04171 ( 3)
  11 S   0.35935 0.51296 0.09173 0.03596 ( 2)
  12 C   0.11409 0.82039 0.01977 0.04575 ( 2)
  13 K   0.94165 0.04129 0.01577 0.00129 ( 1)
  14 K   0.85640 0.12897 0.01150 0.00314 ( 1)
  15 Q   0.64952 0.30012 0.03493 0.01543 ( 1)
  16 S   0.09668 0.78835 0.04627 0.06870 ( 2)
  17 F   0.27061 0.68833 0.01254 0.02852 ( 2)
  18 S   0.86723 0.11981 0.00978 0.00317 ( 1)
  19 F   0.82054 0.15316 0.02061 0.00569 ( 1)
  20 G   0.97654 0.01723 0.00592 0.00031 ( 1)
  21 R   0.80584 0.18055 0.00966 0.00396 ( 1)
  22 S   0.78941 0.18414 0.01959 0.00686 ( 1)
  23 K   0.89462 0.09148 0.01169 0.00220 ( 1)
  24 Q   0.06130 0.92088 0.00059 0.01723 ( 2)
  25 V   0.00331 0.97821 0.00003 0.01845 ( 2)
  26 V   0.19598 0.73995 0.02936 0.03471 ( 2)
  27 F   0.87764 0.00117 0.12115 0.00005 ( 1)
  28 E   0.03382 0.87959 0.00941 0.07718 ( 2)
  29 Q   0.90711 0.08337 0.00802 0.00150 ( 1)
  30 L   0.99072 0.00005 0.00923 0.00000 ( 1)
  31 E   0.23566 0.73768 0.00488 0.02179 ( 2)
  32 L   0.29042 0.68429 0.00526 0.02004 ( 2)
  33 L   0.95976 0.02884 0.01072 0.00068 ( 1)
  34 K   0.18748 0.78954 0.00275 0.02022 ( 2)
  35 R   0.66579 0.22065 0.10430 0.00927 ( 1)
  36 G   0.48399 0.50061 0.00447 0.01093 ( 2)
  37 F   0.60604 0.17771 0.20289 0.01336 ( 1)
  38 V   0.65012 0.33424 0.00753 0.00811 ( 1)
  39 E   0.06259 0.88143 0.00910 0.04688 ( 2)
  40 G   0.37111 0.60403 0.00628 0.01858 ( 2)
  41 E   0.94958 0.01203 0.03783 0.00057 ( 1)
  42 G   0.97892 0.00429 0.01668 0.00011 ( 1)
  43 E   0.92479 0.05070 0.02262 0.00189 ( 1)
  44 I   0.84209 0.00539 0.15228 0.00024 ( 1)
  45 M   0.03800 0.94245 0.00034 0.01921 ( 2)
  46 V   0.93806 0.04696 0.01381 0.00117 ( 1)
  47 P   0.91447 0.07281 0.01119 0.00153 ( 1)
  48 E   0.65180 0.32697 0.01205 0.00918 ( 1)
  49 -   0.06458 0.88023 0.00438 0.05081 ( 2)
  50 -   0.10124 0.63083 0.20807 0.05987 ( 2)
  51 -   0.05737 0.84968 0.03318 0.05978 ( 2)
  52 -   0.93915 0.01428 0.04587 0.00071 ( 1)
  53 -   0.97583 0.00620 0.01768 0.00029 ( 1)
  54 -   0.80589 0.13352 0.05217 0.00841 ( 1)
  55 -   0.87386 0.06555 0.05647 0.00412 ( 1)
  56 -   0.01245 0.92696 0.00082 0.05977 ( 2)
  57 -   0.93471 0.00470 0.06029 0.00029 ( 1)
  58 -   0.93631 0.00310 0.06039 0.00019 ( 1)
  59 -   0.93413 0.00528 0.06025 0.00033 ( 1)
  60 -   0.19023 0.74919 0.01250 0.04809 ( 2)
  61 -   0.83075 0.10866 0.05375 0.00684 ( 1)
  62 -   0.83105 0.14872 0.01275 0.00748 ( 1)
  63 -   0.99092 0.00138 0.00765 0.00005 ( 1)
  64 I   0.85015 0.02621 0.12256 0.00107 ( 1)
  65 S   0.00145 0.81639 0.00655 0.17561 ( 2)
  66 Q   0.98879 0.00245 0.00872 0.00004 ( 1)
  67 Q   0.98899 0.00006 0.01094 0.00000 ( 1)
  68 W   0.85535 0.13723 0.00540 0.00201 ( 1)
  69 N   0.51911 0.46828 0.00377 0.00885 ( 1)
  70 A   0.98554 0.00249 0.01191 0.00006 ( 1)
  71 -   0.00399 0.93393 0.00067 0.06141 ( 2)
  72 -   0.70191 0.27106 0.01083 0.01620 ( 1)
  73 T   0.95825 0.03162 0.00948 0.00065 ( 1)
  74 N   0.96839 0.02424 0.00692 0.00045 ( 1)
  75 H   0.59330 0.28880 0.10537 0.01253 ( 1)
  76 S   0.32201 0.65543 0.00445 0.01811 ( 2)
  77 D   0.94914 0.03828 0.01168 0.00089 ( 1)
  78 F   0.97010 0.02071 0.00879 0.00040 ( 1)
  79 N   0.97475 0.01699 0.00795 0.00031 ( 1)
  80 L   0.97997 0.00696 0.01292 0.00015 ( 1)
  81 G   0.49268 0.48632 0.00798 0.01302 ( 1)
  82 Q   0.91316 0.07696 0.00846 0.00141 ( 1)
  83 S   0.93119 0.05382 0.01373 0.00126 ( 1)
  84 R   0.14892 0.81366 0.00390 0.03352 ( 2)
  85 N   0.00221 0.76103 0.03678 0.19998 ( 2)
  86 P   0.95795 0.03020 0.01122 0.00063 ( 1)
  87 D   0.53565 0.39977 0.04471 0.01987 ( 1)
  88 E   0.29625 0.65166 0.01912 0.03297 ( 2)
  89 P   0.09394 0.82548 0.02198 0.05860 ( 2)
  90 S   0.52437 0.46166 0.00495 0.00903 ( 1)
  91 P   0.57635 0.36768 0.03812 0.01784 ( 1)
  92 E   0.56100 0.29177 0.13147 0.01576 ( 1)
  93 D   0.25303 0.71672 0.00491 0.02535 ( 2)
  94 S   0.61571 0.22143 0.15175 0.01111 ( 1)
  95 V   0.04506 0.22111 0.67800 0.05583 ( 3)
  96 H   0.06214 0.87924 0.00744 0.05118 ( 2)
  97 I   0.05496 0.64181 0.22079 0.08245 ( 2)
  98 P   0.95903 0.02755 0.01276 0.00066 ( 1)
  99 A   0.14515 0.63980 0.14947 0.06558 ( 2)
 100 D   0.11099 0.77558 0.02783 0.08560 ( 2)
 101 S   0.36375 0.61634 0.00541 0.01450 ( 2)
 102 C   0.80215 0.08088 0.11375 0.00322 ( 1)
 103 G   0.05834 0.89678 0.00819 0.03669 ( 2)
 104 L   0.13157 0.84677 0.00190 0.01975 ( 2)
 105 H   0.88407 0.10864 0.00553 0.00177 ( 1)
 106 C   0.76643 0.09531 0.13430 0.00397 ( 1)
 107 T   0.36785 0.61324 0.00438 0.01453 ( 2)
 108 E   0.90925 0.06568 0.02259 0.00248 ( 1)
 109 H   0.01474 0.96925 0.00009 0.01592 ( 2)
 110 I   0.98282 0.00980 0.00720 0.00018 ( 1)
 111 -   0.93641 0.00300 0.06040 0.00019 ( 1)
 112 -   0.13912 0.80030 0.00915 0.05144 ( 2)
 113 -   0.10976 0.82965 0.00722 0.05336 ( 2)
 114 -   0.31152 0.62790 0.02042 0.04017 ( 2)
 115 -   0.80661 0.13280 0.05222 0.00837 ( 1)
 116 -   0.92121 0.01820 0.05944 0.00114 ( 1)
 117 -   0.79029 0.14912 0.05119 0.00940 ( 1)
 118 -   0.70020 0.23921 0.04546 0.01512 ( 1)
 119 -   0.91603 0.02338 0.05912 0.00147 ( 1)
 120 -   0.37896 0.56045 0.02480 0.03579 ( 2)
 121 -   0.91702 0.02239 0.05918 0.00141 ( 1)
 122 -   0.92953 0.00989 0.05997 0.00062 ( 1)
 123 -   0.74817 0.19124 0.04851 0.01207 ( 1)
 124 -   0.92276 0.01665 0.05954 0.00105 ( 1)
 125 -   0.47187 0.46755 0.03081 0.02977 ( 1)
 126 -   0.35134 0.58807 0.02301 0.03758 ( 2)
 127 -   0.83091 0.10850 0.05376 0.00683 ( 1)
 128 -   0.74531 0.19410 0.04833 0.01225 ( 1)
 129 -   0.44396 0.49546 0.02901 0.03158 ( 2)
 130 -   0.92273 0.01669 0.05954 0.00105 ( 1)
 131 -   0.91323 0.02619 0.05894 0.00164 ( 1)
 132 -   0.88708 0.05233 0.05730 0.00329 ( 1)
 133 -   0.83692 0.10250 0.05413 0.00645 ( 1)
 134 -   0.91057 0.02884 0.05878 0.00181 ( 1)
 135 -   0.92497 0.01444 0.05968 0.00091 ( 1)
 136 -   0.22726 0.71215 0.01492 0.04567 ( 2)
 137 -   0.15429 0.78513 0.01014 0.05044 ( 2)
 138 -   0.88537 0.05405 0.05719 0.00340 ( 1)
 139 -   0.72837 0.21104 0.04726 0.01333 ( 1)
 140 -   0.91743 0.02198 0.05921 0.00138 ( 1)
 141 -   0.86217 0.07724 0.05573 0.00486 ( 1)
 142 -   0.91102 0.02840 0.05880 0.00178 ( 1)
 143 -   0.16002 0.77939 0.01052 0.05007 ( 2)
 144 -   0.80305 0.13636 0.05199 0.00859 ( 1)
 145 -   0.91003 0.02938 0.05874 0.00184 ( 1)
 146 -   0.28840 0.65102 0.01891 0.04168 ( 2)
 147 -   0.30803 0.63138 0.02019 0.04040 ( 2)
 148 -   0.85085 0.08856 0.05501 0.00557 ( 1)
 149 -   0.59826 0.34115 0.03895 0.02164 ( 1)
 150 -   0.92755 0.01186 0.05984 0.00074 ( 1)
 151 -   0.61664 0.32278 0.04012 0.02046 ( 1)
 152 A   0.80854 0.17765 0.00986 0.00394 ( 1)
 153 I   0.08911 0.06014 0.83723 0.01352 ( 3)
 154 T   0.85949 0.12946 0.00846 0.00259 ( 1)
 155 S   0.97717 0.01404 0.00852 0.00026 ( 1)
 156 T   0.86277 0.12641 0.00831 0.00251 ( 1)
 157 R   0.23958 0.73889 0.00348 0.01805 ( 2)
 158 L   0.01193 0.94429 0.00037 0.04340 ( 2)
 159 V   0.97552 0.00643 0.01784 0.00021 ( 1)
 160 A   0.82845 0.16208 0.00627 0.00320 ( 1)
 161 V   0.00316 0.93625 0.00021 0.06038 ( 2)
 162 T   0.69703 0.28398 0.01098 0.00801 ( 1)
 163 -   0.74006 0.19936 0.04800 0.01259 ( 1)
 164 -   0.10357 0.83584 0.00682 0.05377 ( 2)
 165 -   0.53473 0.40469 0.03487 0.02572 ( 1)
 166 -   0.06353 0.87588 0.00418 0.05640 ( 2)
 167 -   0.91610 0.02331 0.05912 0.00146 ( 1)
 168 -   0.07383 0.86558 0.00486 0.05573 ( 2)
 169 -   0.76942 0.16999 0.04986 0.01072 ( 1)
 170 -   0.52475 0.41467 0.03422 0.02636 ( 1)
 171 -   0.70262 0.23680 0.04562 0.01497 ( 1)
 172 -   0.89665 0.04276 0.05790 0.00269 ( 1)
 173 -   0.68592 0.25349 0.04455 0.01603 ( 1)
 174 -   0.76813 0.17128 0.04978 0.01080 ( 1)
 175 N   0.55904 0.35236 0.07325 0.01535 ( 1)
 176 A   0.91745 0.06962 0.01136 0.00157 ( 1)
 177 D   0.97519 0.01155 0.01299 0.00027 ( 1)
 178 L   0.53975 0.44488 0.00592 0.00945 ( 1)
 179 E   0.98130 0.00063 0.01805 0.00002 ( 1)
 180 R   0.93929 0.04598 0.01361 0.00112 ( 1)
 181 D   0.00369 0.88764 0.00440 0.10427 ( 2)
 182 N   0.03252 0.92060 0.00483 0.04205 ( 2)
 183 -   0.85305 0.08636 0.05515 0.00543 ( 1)
 184 -   0.74817 0.19124 0.04851 0.01207 ( 1)
 185 -   0.73400 0.20542 0.04761 0.01297 ( 1)
 186 -   0.34300 0.59642 0.02246 0.03812 ( 2)
 187 -   0.05671 0.88271 0.00373 0.05685 ( 2)
 188 -   0.72819 0.21122 0.04724 0.01334 ( 1)
 189 -   0.42352 0.51590 0.02769 0.03290 ( 2)
 190 -   0.11612 0.82330 0.00764 0.05295 ( 2)
 191 -   0.90830 0.03111 0.05863 0.00195 ( 1)
 192 -   0.63509 0.30433 0.04131 0.01928 ( 1)
 193 -   0.91890 0.02051 0.05930 0.00129 ( 1)
