Supplemental results for CODEML (seqf: aligned.fas  treef: AT2G24790_AT2G24790.1_Athaliana_Araport11.treefile)

I	J	ij	2Ns_IJ	pMut_IJ	pSub_IJ	2Ns_JI	pMut_JI	pSub_JI

TTC	TTT	CT	-0.13834	0.01951	0.01819	0.13834	0.01699	0.01819
TTA	TTT	AT	1.40786	0.00735	0.01369	-1.40786	0.03003	0.01369
TTA	TTC	AC	1.54619	0.00480	0.00943	-1.54619	0.02252	0.00943
TTG	TTT	GT	-0.70836	0.03306	0.02272	0.70836	0.01628	0.02272
TTG	TTC	GC	-0.57002	0.02159	0.01602	0.57002	0.01221	0.01602
TTG	TTA	GA	-2.11621	0.05316	0.01541	2.11621	0.00641	0.01541
TCT	TTT	CT	-0.58017	0.03035	0.02239	0.58017	0.01699	0.02239
TCC	TTC	CT	-1.27332	0.04553	0.02253	1.27332	0.01274	0.02253
TCC	TCT	CT	-0.83148	0.04553	0.02919	0.83148	0.01982	0.02919
TCA	TTA	CT	-1.23695	0.01951	0.00987	1.23695	0.00566	0.00987
TCA	TCT	AT	0.75108	0.01653	0.02351	-0.75108	0.03504	0.02351
TCA	TCC	AC	1.58256	0.01080	0.02151	-1.58256	0.05255	0.02151
TCG	TTG	CT	-0.53138	0.04336	0.03285	0.53138	0.02549	0.03285
TCG	TCT	GT	-0.65957	0.03674	0.02594	0.65957	0.01900	0.02594
TCG	TCC	GC	0.17191	0.02399	0.02611	-0.17191	0.02849	0.02611
TCG	TCA	GA	-1.41064	0.05907	0.02689	1.41064	0.01441	0.02689
TAT	TTT	AT	1.69554	0.00551	0.01144	-1.69554	0.03003	0.01144
TAT	TCT	AC	2.27571	0.00360	0.00913	-2.27571	0.03504	0.00913
TAC	TTC	AT	1.12017	0.00735	0.01222	-1.12017	0.02252	0.01222
TAC	TCC	AC	2.39349	0.00480	0.01264	-2.39349	0.05255	0.01264
TAC	TAT	CT	-0.71370	0.00867	0.00594	0.71370	0.00425	0.00594
TGT	TTT	GT	-0.99604	0.04408	0.02572	0.99604	0.01628	0.02572
TGT	TCT	GC	-0.41587	0.02879	0.02322	0.41587	0.01900	0.02322
TGT	TAT	GA	-2.69158	0.07088	0.01387	2.69158	0.00480	0.01387
TGC	TTC	GT	-1.68919	0.06613	0.02530	1.68919	0.01221	0.02530
TGC	TCC	GC	-0.41587	0.04319	0.03483	0.41587	0.02849	0.03483
TGC	TAC	GA	-2.80936	0.10633	0.01915	2.80936	0.00641	0.01915
TGC	TGT	CT	-0.83148	0.07804	0.05004	0.83148	0.03398	0.05004
TGG	TTG	GT	-0.18511	0.02939	0.02675	0.18511	0.02442	0.02675
TGG	TCG	GC	0.34627	0.01919	0.02271	-0.34627	0.02714	0.02271
TGG	TGT	GT	0.10257	0.02939	0.03092	-0.10257	0.03256	0.03092
TGG	TGC	GC	0.93405	0.01919	0.02953	-0.93405	0.04885	0.02953
CTT	TTT	CT	-0.64916	0.03252	0.02310	0.64916	0.01699	0.02310
CTC	TTC	CT	-0.79374	0.02818	0.01846	0.79374	0.01274	0.01846
CTC	CTT	CT	-0.28292	0.02818	0.02438	0.28292	0.02124	0.02438
CTA	TTA	CT	-0.13834	0.00650	0.00606	0.13834	0.00566	0.00606
CTA	CTT	AT	1.91868	0.00551	0.01239	-1.91868	0.03754	0.01239
CTA	CTC	AC	2.20160	0.00360	0.00891	-2.20160	0.03253	0.00891
CTG	TTG	CT	0.85492	0.01084	0.01613	-0.85492	0.02549	0.01613
CTG	CTT	GT	0.79572	0.00918	0.01332	-0.79572	0.02035	0.01332
CTG	CTC	GC	1.07864	0.00600	0.00980	-1.07864	0.01764	0.00980
CTG	CTA	GA	-1.12296	0.01477	0.00800	1.12296	0.00480	0.00800
CCT	TCT	CT	0.26713	0.01518	0.01729	-0.26713	0.01982	0.01729
CCT	CTT	CT	0.33612	0.01518	0.01787	-0.33612	0.02124	0.01787
CCC	TCC	CT	1.51989	0.00650	0.01265	-1.51989	0.02973	0.01265
CCC	CTC	CT	1.04032	0.00650	0.01046	-1.04032	0.01841	0.01046
CCC	CCT	CT	0.42128	0.00650	0.00797	-0.42128	0.00991	0.00797
CCA	TCA	CT	-0.30823	0.01734	0.01481	0.30823	0.01274	0.01481
CCA	CTA	CT	-1.40685	0.01734	0.00791	1.40685	0.00425	0.00791
CCA	CCT	AT	0.17571	0.01469	0.01602	-0.17571	0.01752	0.01602
CCA	CCC	AC	-0.24557	0.00960	0.00847	0.24557	0.00751	0.00847
CCG	TCG	CT	1.18342	0.00867	0.01479	-1.18342	0.02832	0.01479
CCG	CTG	CT	-0.20287	0.00867	0.00782	0.20287	0.00708	0.00782
CCG	CCT	GT	0.25672	0.00735	0.00833	-0.25672	0.00950	0.00833
CCG	CCC	GC	-0.16456	0.00480	0.00441	0.16456	0.00407	0.00441
CCG	CCA	GA	0.08101	0.01181	0.01230	-0.08101	0.01281	0.01230
CAT	TAT	CT	-1.81231	0.02601	0.00920	1.81231	0.00425	0.00920
CAT	CTT	AT	0.53239	0.02204	0.02843	-0.53239	0.03754	0.02843
CAT	CCT	AC	0.19626	0.01440	0.01585	-0.19626	0.01752	0.01585
CAC	TAC	CT	-2.08425	0.04553	0.01348	2.08425	0.00566	0.01348
CAC	CTC	AT	-0.17033	0.03857	0.03538	0.17033	0.03253	0.03538
CAC	CCC	AC	-1.21065	0.02519	0.01295	1.21065	0.00751	0.01295
CAC	CAT	CT	-0.98563	0.04553	0.02672	0.98563	0.01699	0.02672
CAA	CTA	AT	-0.67159	0.01469	0.01031	0.67159	0.00751	0.01031
CAA	CCA	AC	0.73526	0.00960	0.01355	-0.73526	0.02002	0.01355
CAA	CAT	AT	0.71471	0.01469	0.02057	-0.71471	0.03003	0.02057
CAA	CAC	AC	1.70034	0.00960	0.01996	-1.70034	0.05255	0.01996
CAG	CTG	AT	-0.38390	0.01837	0.01507	0.38390	0.01251	0.01507
CAG	CCG	AC	-0.18103	0.01200	0.01094	0.18103	0.01001	0.01094
CAG	CAT	GT	-0.12057	0.01837	0.01728	0.12057	0.01628	0.01728
CAG	CAC	GC	0.86506	0.01200	0.01792	-0.86506	0.02849	0.01792
CAG	CAA	GA	-0.83528	0.02953	0.01890	0.83528	0.01281	0.01890
CGT	TGT	CT	-0.08118	0.03685	0.03538	0.08118	0.03398	0.03538
CGT	CTT	GT	-0.42806	0.03123	0.02502	0.42806	0.02035	0.02502
CGT	CCT	GC	-0.76418	0.02039	0.01358	0.76418	0.00950	0.01358
CGT	CAT	GA	-0.96044	0.05021	0.02990	0.96044	0.01922	0.02990
CGC	TGC	CT	0.75961	0.02385	0.03404	-0.75961	0.05097	0.03404
CGC	CTC	GT	-0.13584	0.02021	0.01886	0.13584	0.01764	0.01886
CGC	CCC	GC	-1.17616	0.01320	0.00692	1.17616	0.00407	0.00692
CGC	CAC	GA	0.03449	0.03249	0.03305	-0.03449	0.03363	0.03305
CGC	CGT	CT	0.00930	0.02385	0.02396	-0.00930	0.02407	0.02396
CGA	CTA	GT	-0.59058	0.00735	0.00539	0.59058	0.00407	0.00539
CGA	CCA	GC	0.81627	0.00480	0.00702	-0.81627	0.01085	0.00702
CGA	CAA	GA	0.08101	0.01181	0.01230	-0.08101	0.01281	0.01230
CGA	CGT	AT	1.75616	0.00735	0.01560	-1.75616	0.04254	0.01560
CGA	CGC	AC	1.74686	0.00480	0.01015	-1.74686	0.02753	0.01015
CGG	TGG	CT	0.55481	0.01301	0.01695	-0.55481	0.02265	0.01695
CGG	CTG	GT	-0.48522	0.01102	0.00856	0.48522	0.00678	0.00856
CGG	CCG	GC	-0.28234	0.00720	0.00623	0.28234	0.00543	0.00623
CGG	CAG	GA	-0.10131	0.01772	0.01684	0.10131	0.01601	0.01684
CGG	CGT	GT	0.73856	0.01102	0.01559	-0.73856	0.02307	0.01559
CGG	CGC	GC	0.72926	0.00720	0.01014	-0.72926	0.01493	0.01014
CGG	CGA	GA	-1.01760	0.01772	0.01021	1.01760	0.00641	0.01021
ATT	TTT	AT	2.79415	0.00184	0.00547	-2.79415	0.03003	0.00547
ATT	CTT	AC	3.44331	0.00120	0.00427	-3.44331	0.03754	0.00427
ATC	TTC	AT	0.30924	0.01653	0.01922	-0.30924	0.02252	0.01922
ATC	CTC	AC	1.10299	0.01080	0.01782	-1.10299	0.03253	0.01782
ATC	ATT	CT	-2.62324	0.01951	0.00400	2.62324	0.00142	0.00400
ATA	TTA	AT	8.90846	0.00000	0.00000	-8.90846	0.01001	0.00001
ATA	CTA	AC	9.04680	0.00000	0.00000	-9.04680	0.00751	0.00001
ATA	ATT	AT	7.52217	0.00000	0.00000	-7.52217	0.00250	0.00001
ATA	ATC	AC	10.14541	0.00000	0.00000	-10.14541	0.02252	0.00001
ATG	TTG	AT	0.63467	0.02388	0.03225	-0.63467	0.04505	0.03225
ATG	CTG	AC	-0.22025	0.01560	0.01394	0.22025	0.01251	0.01394
ATG	ATT	GT	-2.86784	0.02388	0.00413	2.86784	0.00136	0.00413
ATG	ATC	GC	-0.24460	0.01560	0.01377	0.24460	0.01221	0.01377
ATG	ATA	GA	-10.39001	0.03840	0.00001	10.39001	0.00000	0.00000
ACT	TCT	AT	0.86886	0.01469	0.02199	-0.86886	0.03504	0.02199
ACT	CCT	AC	0.60173	0.00960	0.01277	-0.60173	0.01752	0.01277
ACT	ATT	CT	-2.50546	0.01734	0.00386	2.50546	0.00142	0.00386
ACC	TCC	AT	1.96747	0.00735	0.01681	-1.96747	0.05255	0.01681
ACC	CCC	AC	0.44758	0.00480	0.00595	-0.44758	0.00751	0.00595
ACC	ATC	CT	0.38491	0.00867	0.01045	-0.38491	0.01274	0.01045
ACC	ACT	CT	0.26713	0.00867	0.00988	-0.26713	0.01133	0.00988
ACA	TCA	AT	0.89703	0.00918	0.01391	-0.89703	0.02252	0.01391
ACA	CCA	AC	1.20526	0.00600	0.01032	-1.20526	0.02002	0.01032
ACA	ATA	CT	-9.24838	0.01084	0.00001	9.24838	0.00000	0.00000
ACA	ACT	AT	0.77925	0.00918	0.01322	-0.77925	0.02002	0.01322
ACA	ACC	AC	0.51212	0.00600	0.00766	-0.51212	0.01001	0.00766
ACG	TCG	AT	0.30924	0.03674	0.04271	-0.30924	0.05005	0.04271
ACG	CCG	AC	-0.87418	0.02399	0.01501	0.87418	0.01001	0.01501
ACG	ATG	CT	-0.85680	0.04336	0.02740	0.85680	0.01841	0.02740
ACG	ACT	GT	-1.21918	0.03674	0.01878	1.21918	0.01085	0.01878
ACG	ACC	GC	-1.48631	0.02399	0.01043	1.48631	0.00543	0.01043
ACG	ACA	GA	-1.99843	0.05907	0.01851	1.99843	0.00801	0.01851
AAT	TAT	AT	-0.53806	0.01286	0.00971	0.53806	0.00751	0.00971
AAT	CAT	AC	1.27426	0.00840	0.01485	-1.27426	0.03003	0.01485
AAT	ATT	AT	-1.63667	0.01286	0.00509	1.63667	0.00250	0.00509
AAT	ACT	AC	0.86879	0.00840	0.01257	-0.86879	0.02002	0.01257
AAC	TAC	AT	-0.70236	0.02021	0.01393	0.70236	0.01001	0.01393
AAC	CAC	AC	1.38189	0.01320	0.02435	-1.38189	0.05255	0.02435
AAC	ATC	AT	0.10857	0.02021	0.02132	-0.10857	0.02252	0.02132
AAC	ACC	AC	-0.27634	0.01320	0.01146	0.27634	0.01001	0.01146
AAC	AAT	CT	-0.87800	0.02385	0.01489	0.87800	0.00991	0.01489
AAA	CAA	AC	0.10665	0.01799	0.01897	-0.10665	0.02002	0.01897
AAA	ATA	AT	-9.61173	0.02755	0.00002	9.61173	0.00000	0.00000
AAA	ACA	AC	-0.36335	0.01799	0.01492	0.36335	0.01251	0.01492
AAA	AAT	AT	-0.45290	0.02755	0.02178	0.45290	0.01752	0.02178
AAA	AAC	AC	0.42511	0.01799	0.02209	-0.42511	0.02753	0.02209
AAG	CAG	AC	0.20463	0.02039	0.02255	-0.20463	0.02503	0.02255
AAG	ATG	AT	0.04098	0.03123	0.03187	-0.04098	0.03253	0.03187
AAG	ACG	AC	0.89778	0.02039	0.03090	-0.89778	0.05005	0.03090
AAG	AAT	GT	-1.19020	0.03123	0.01625	1.19020	0.00950	0.01625
AAG	AAC	GC	-0.31219	0.02039	0.01738	0.31219	0.01493	0.01738
AAG	AAA	GA	-0.73730	0.05021	0.03395	0.73730	0.02402	0.03395
AGT	TGT	AT	1.40786	0.01469	0.02739	-1.40786	0.06006	0.02739
AGT	CGT	AC	1.48903	0.00960	0.01845	-1.48903	0.04254	0.01845
AGT	ATT	GT	-2.38234	0.01469	0.00356	2.38234	0.00136	0.00356
AGT	ACT	GC	0.12312	0.00960	0.01020	-0.12312	0.01085	0.01020
AGT	AAT	GA	-0.74567	0.02363	0.01590	0.74567	0.01121	0.01590
AGC	TGC	AT	1.40786	0.02204	0.04108	-1.40786	0.09009	0.04108
AGC	CGC	AC	0.64825	0.01440	0.01956	-0.64825	0.02753	0.01956
AGC	ATC	GT	-0.59058	0.02204	0.01617	0.59058	0.01221	0.01617
AGC	ACC	GC	-0.97549	0.01440	0.00850	0.97549	0.00543	0.00850
AGC	AAC	GA	-0.69915	0.03544	0.02448	0.69915	0.01761	0.02448
AGC	AGT	CT	-0.83148	0.02601	0.01668	0.83148	0.01133	0.01668
AGA	CGA	AC	-0.36335	0.01440	0.01194	0.36335	0.01001	0.01194
AGA	ATA	GT	-10.00072	0.02204	0.00001	10.00072	0.00000	0.00000
AGA	ACA	GC	-0.75234	0.01440	0.00965	0.75234	0.00678	0.00965
AGA	AAA	GA	-0.38899	0.03544	0.02899	0.38899	0.02402	0.02899
AGA	AGT	AT	-0.09622	0.02204	0.02100	0.09622	0.02002	0.02100
AGA	AGC	AC	0.73526	0.01440	0.02033	-0.73526	0.03003	0.02033
AGG	TGG	AT	0.77925	0.01837	0.02645	-0.77925	0.04004	0.02645
AGG	CGG	AC	0.22443	0.01200	0.01339	-0.22443	0.01502	0.01339
AGG	ATG	GT	-0.04053	0.01837	0.01800	0.04053	0.01764	0.01800
AGG	ACG	GC	0.81627	0.01200	0.01755	-0.81627	0.02714	0.01755
AGG	AAG	GA	-0.08151	0.02953	0.02835	0.08151	0.02722	0.02835
AGG	AGT	GT	-0.52604	0.01837	0.01396	0.52604	0.01085	0.01396
AGG	AGC	GC	0.30545	0.01200	0.01392	-0.30545	0.01628	0.01392
AGG	AGA	GA	-0.42982	0.02953	0.02364	0.42982	0.01922	0.02364
GTT	TTT	GT	-0.65120	0.03123	0.02216	0.65120	0.01628	0.02216
GTT	CTT	GC	-0.00204	0.02039	0.02037	0.00204	0.02035	0.02037
GTT	ATT	GA	-3.44535	0.05021	0.00570	3.44535	0.00160	0.00570
GTC	TTC	GT	-0.74473	0.02572	0.01732	0.74473	0.01221	0.01732
GTC	CTC	GC	0.04902	0.01680	0.01721	-0.04902	0.01764	0.01721
GTC	ATC	GA	-1.05397	0.04135	0.02332	1.05397	0.01441	0.02332
GTC	GTT	CT	-0.23186	0.03035	0.02697	0.23186	0.02407	0.02697
GTA	TTA	GT	-0.99604	0.01469	0.00857	0.99604	0.00543	0.00857
GTA	CTA	GC	-0.85771	0.00960	0.00606	0.85771	0.00407	0.00606
GTA	ATA	GA	-9.90450	0.02363	0.00001	9.90450	0.00000	0.00000
GTA	GTT	AT	1.06301	0.01469	0.02386	-1.06301	0.04254	0.02386
GTA	GTC	AC	1.29488	0.00960	0.01712	-1.29488	0.03504	0.01712
GTG	TTG	GT	0.02253	0.02388	0.02415	-0.02253	0.02442	0.02415
GTG	CTG	GC	-0.83239	0.01560	0.01000	0.83239	0.00678	0.01000
GTG	ATG	GA	-0.61214	0.03840	0.02784	0.61214	0.02082	0.02784
GTG	GTT	GT	-0.03463	0.02388	0.02347	0.03463	0.02307	0.02347
GTG	GTC	GC	0.19723	0.01560	0.01718	-0.19723	0.01900	0.01718
GTG	GTA	GA	-1.09764	0.03840	0.02110	1.09764	0.01281	0.02110
GCT	TCT	GT	-1.03113	0.05327	0.03044	1.03113	0.01900	0.03044
GCT	CCT	GC	-1.29826	0.03479	0.01696	1.29826	0.00950	0.01696
GCT	ACT	GA	-1.89999	0.08565	0.02862	1.89999	0.01281	0.02862
GCT	GTT	CT	-0.96010	0.06287	0.03745	0.96010	0.02407	0.03745
GCC	TCC	GT	-0.14874	0.03306	0.03067	0.14874	0.02849	0.03067
GCC	CCC	GC	-1.66864	0.02159	0.00837	1.66864	0.00407	0.00837
GCC	ACC	GA	-2.11621	0.05316	0.01541	2.11621	0.00641	0.01541
GCC	GTC	CT	-0.67733	0.03902	0.02729	0.67733	0.01982	0.02729
GCC	GCT	CT	0.05091	0.03902	0.04002	-0.05091	0.04106	0.04002
GCA	TCA	GT	-0.59058	0.02204	0.01617	0.59058	0.01221	0.01617
GCA	CCA	GC	-0.28234	0.01440	0.01246	0.28234	0.01085	0.01246
GCA	ACA	GA	-1.48761	0.03544	0.01539	1.48761	0.00801	0.01539
GCA	GTA	CT	-0.83148	0.02601	0.01668	0.83148	0.01133	0.01668
GCA	GCT	AT	1.19163	0.02204	0.03772	-1.19163	0.07257	0.03772
GCA	GCC	AC	1.14073	0.01440	0.02414	-1.14073	0.04505	0.02414
GCG	TCG	GT	-0.52604	0.04592	0.03490	0.52604	0.02714	0.03490
GCG	CCG	GC	-1.70946	0.02999	0.01133	1.70946	0.00543	0.01133
GCG	ACG	GA	-0.83528	0.07384	0.04724	0.83528	0.03203	0.04724
GCG	GTG	CT	-1.07994	0.05420	0.03010	1.07994	0.01841	0.03010
GCG	GCT	GT	-0.15447	0.04592	0.04247	0.15447	0.03935	0.04247
GCG	GCC	GC	-0.20538	0.02999	0.02702	0.20538	0.02442	0.02702
GCG	GCA	GA	-1.34611	0.07384	0.03497	1.34611	0.01922	0.03497
GAT	TAT	GT	-2.53649	0.05143	0.01121	2.53649	0.00407	0.01121
GAT	CAT	GC	-0.72417	0.03359	0.02288	0.72417	0.01628	0.02288
GAT	AAT	GA	-1.99843	0.08270	0.02591	1.99843	0.01121	0.02591
GAT	GTT	AT	-0.18975	0.05143	0.04671	0.18975	0.04254	0.04671
GAT	GCT	AC	0.77035	0.03359	0.04817	-0.77035	0.07257	0.04817
GAC	TAC	GT	-1.91233	0.03674	0.01218	1.91233	0.00543	0.01218
GAC	CAC	GC	0.17191	0.02399	0.02611	-0.17191	0.02849	0.02611
GAC	AAC	GA	-1.20997	0.05907	0.03037	1.20997	0.01761	0.03037
GAC	GTC	AT	-0.04743	0.03674	0.03587	0.04743	0.03504	0.03587
GAC	GCC	AC	0.62990	0.02399	0.03234	-0.62990	0.04505	0.03234
GAC	GAT	CT	-0.08955	0.04336	0.04145	0.08955	0.03964	0.04145
GAA	CAA	GC	-0.50548	0.01799	0.01383	0.50548	0.01085	0.01383
GAA	AAA	GA	-0.61214	0.04430	0.03212	0.61214	0.02402	0.03212
GAA	GTA	AT	-0.31937	0.02755	0.02339	0.31937	0.02002	0.02339
GAA	GCA	AC	0.51212	0.01799	0.02299	-0.51212	0.03003	0.02299
GAA	GAT	AT	0.93340	0.02755	0.04238	-0.93340	0.07007	0.04238
GAA	GAC	AC	1.02294	0.01799	0.02874	-1.02294	0.05005	0.02874
GAG	CAG	GC	-0.40750	0.02039	0.01652	0.40750	0.01357	0.01652
GAG	AAG	GA	-0.61214	0.05021	0.03640	0.61214	0.02722	0.03640
GAG	GTG	AT	0.04098	0.03123	0.03187	-0.04098	0.03253	0.03187
GAG	GCG	AC	1.12092	0.02039	0.03392	-1.12092	0.06256	0.03392
GAG	GAT	GT	0.19610	0.03123	0.03439	-0.19610	0.03799	0.03439
GAG	GAC	GC	0.28564	0.02039	0.02345	-0.28564	0.02714	0.02345
GAG	GAA	GA	-0.73730	0.05021	0.03395	0.73730	0.02402	0.03395
GGT	TGT	GT	0.67794	0.01653	0.02276	-0.67794	0.03256	0.02276
GGT	CGT	GC	0.75911	0.01080	0.01541	-0.75911	0.02307	0.01541
GGT	AGT	GA	-0.72992	0.02658	0.01805	0.72992	0.01281	0.01805
GGT	GTT	GT	0.33310	0.01653	0.01944	-0.33310	0.02307	0.01944
GGT	GCT	GC	1.29320	0.01080	0.01924	-1.29320	0.03935	0.01924
GGT	GAT	GA	0.52284	0.02658	0.03413	-0.52284	0.04484	0.03413
GGC	TGC	GT	1.48887	0.01102	0.02119	-1.48887	0.04885	0.02119
GGC	CGC	GC	0.72926	0.00720	0.01014	-0.72926	0.01493	0.01014
GGC	AGC	GA	0.08101	0.01772	0.01845	-0.08101	0.01922	0.01845
GGC	GTC	GT	0.54440	0.01102	0.01429	-0.54440	0.01900	0.01429
GGC	GCC	GC	1.22174	0.00720	0.01247	-1.22174	0.02442	0.01247
GGC	GAC	GA	0.59184	0.01772	0.02348	-0.59184	0.03203	0.02348
GGC	GGT	CT	-0.02055	0.01301	0.01287	0.02055	0.01274	0.01287
GGA	CGA	GC	-1.12964	0.01680	0.00906	1.12964	0.00543	0.00906
GGA	AGA	GA	-0.76629	0.04135	0.02751	0.76629	0.01922	0.02751
GGA	GTA	GT	-0.86251	0.02572	0.01620	0.86251	0.01085	0.01620
GGA	GCA	GC	-0.03103	0.01680	0.01654	0.03103	0.01628	0.01654
GGA	GAA	GA	-0.54314	0.04135	0.03113	0.54314	0.02402	0.03113
GGA	GGT	AT	-0.13259	0.02572	0.02405	0.13259	0.02252	0.02405
GGA	GGC	AC	-0.11204	0.01680	0.01587	0.11204	0.01502	0.01587
GGG	TGG	GT	1.37108	0.00551	0.01013	-1.37108	0.02171	0.01013
GGG	CGG	GC	0.81627	0.00360	0.00527	-0.81627	0.00814	0.00527
GGG	AGG	GA	0.59184	0.00886	0.01174	-0.59184	0.01601	0.01174
GGG	GTG	GT	1.16344	0.00551	0.00932	-1.16344	0.01764	0.00932
GGG	GCG	GC	2.24339	0.00360	0.00903	-2.24339	0.03392	0.00903
GGG	GAG	GA	1.12246	0.00886	0.01474	-1.12246	0.02722	0.01474
GGG	GGT	GT	0.79572	0.00551	0.00799	-0.79572	0.01221	0.00799
GGG	GGC	GC	0.81627	0.00360	0.00527	-0.81627	0.00814	0.00527
GGG	GGA	GA	0.92831	0.00886	0.01360	-0.92831	0.02242	0.01360


Histograms
2Ns	FMut	FSub(CodonUsage)	FSubw(after w)

-9.89525	0.01154	0.00001
-8.90572	0.00244	0.00000
-7.91620	0.00022	0.00000
-6.92667	0.00000	0.00000
-5.93715	0.00000	0.00000
-4.94762	0.00000	0.00000
-3.95810	0.00000	0.00000
-2.96857	0.03504	0.00733
-1.97905	0.10668	0.04370
-0.98952	0.36930	0.27110
0.00000	0.30223	0.35574
0.98952	0.15347	0.27110
1.97905	0.01700	0.04370
2.96857	0.00207	0.00733
3.95810	0.00000	0.00000
4.94762	0.00000	0.00000
5.93715	0.00000	0.00000
6.92667	0.00000	0.00000
7.91620	0.00000	0.00000
8.90572	0.00000	0.00000
9.89525	0.00000	0.00000

Proportion of advantageous (S > 0) mutations:
 0.30882

Proportions of good & bad mutations (|S| > 2.0000) among mutations:
0.00512  0.07683

mean |Ns| = 1.00238	mean Ns+ = 0.62215	mean Ns- = -1.17227


MLEs of dN/dS (w) for site classes (K=4)

site class             0        1       2a       2b
proportion       0.60434  0.11526  0.23548  0.04491
background w     0.06035  1.00000  0.06035  1.00000
foreground w     0.06035  1.00000  1.00000  1.00000

Naive Empirical Bayes (NEB) probabilities for 4 classes
(amino acids refer to 1st sequence: AT2G33500_AT2G33500.1_Athaliana_Araport11)

   1 M   0.96343 0.00000 0.03657 0.00000 ( 1)
   2 -   0.69882 0.02079 0.27229 0.00810 ( 1)
   3 -   0.24999 0.46962 0.09741 0.18299 ( 2)
   4 -   0.57056 0.14905 0.22232 0.05808 ( 1)
   5 -   0.65957 0.06004 0.25700 0.02339 ( 1)
   6 -   0.70908 0.01052 0.27629 0.00410 ( 1)
   7 -   0.70129 0.01832 0.27326 0.00714 ( 1)
   8 -   0.62178 0.09783 0.24228 0.03812 ( 1)
   9 -   0.32209 0.39752 0.12550 0.15489 ( 2)
  10 -   0.71538 0.00422 0.27875 0.00165 ( 1)
  11 G   0.40559 0.06144 0.50903 0.02394 ( 3)
  12 T   0.02445 0.14187 0.77840 0.05528 ( 3)
  13 S   0.34487 0.37473 0.13438 0.14601 ( 2)
  14 T   0.01633 0.69289 0.02080 0.26998 ( 2)
  15 T   0.20002 0.27147 0.42273 0.10578 ( 3)
  16 V   0.90825 0.00153 0.08962 0.00060 ( 1)
  17 A   0.00329 0.67990 0.05188 0.26492 ( 2)
  18 C   0.88185 0.00002 0.11812 0.00001 ( 1)
  19 E   0.92616 0.00017 0.07360 0.00007 ( 1)
  20 F   0.32339 0.24538 0.33562 0.09561 ( 3)
  21 C   0.87956 0.00002 0.12041 0.00001 ( 1)
  22 G   0.38684 0.00826 0.60168 0.00322 ( 3)
  23 E   0.02814 0.04821 0.90486 0.01879 ( 3)
  24 R   0.38529 0.01817 0.58946 0.00708 ( 3)
  25 T   0.02541 0.12729 0.79770 0.04960 ( 3)
  26 A   0.90141 0.00003 0.09855 0.00001 ( 1)
  27 V   0.43236 0.05465 0.49170 0.02130 ( 3)
  28 L   0.25374 0.00508 0.73920 0.00198 ( 3)
  29 F   0.73252 0.00000 0.26747 0.00000 ( 1)
  30 C   0.88090 0.00002 0.11907 0.00001 ( 1)
  31 R   0.30993 0.20465 0.40568 0.07974 ( 3)
  32 A   0.90246 0.00003 0.09750 0.00001 ( 1)
  33 D   0.92581 0.00000 0.07419 0.00000 ( 1)
  34 T   0.36770 0.02795 0.59346 0.01089 ( 3)
  35 A   0.89429 0.00003 0.10566 0.00001 ( 1)
  36 K   0.95794 0.00012 0.04189 0.00005 ( 1)
  37 L   0.92842 0.00000 0.07158 0.00000 ( 1)
  38 C   0.87956 0.00002 0.12041 0.00001 ( 1)
  39 L   0.03455 0.03458 0.91740 0.01347 ( 3)
  40 P   0.07223 0.60241 0.09063 0.23473 ( 2)
  41 C   0.87995 0.00002 0.12002 0.00001 ( 1)
  42 D   0.93721 0.00000 0.06278 0.00000 ( 1)
  43 Q   0.76296 0.12148 0.06823 0.04733 ( 1)
  44 H   0.00239 0.66692 0.07082 0.25987 ( 2)
  45 V   0.96505 0.00001 0.03493 0.00000 ( 1)
  46 H   0.92547 0.00000 0.07453 0.00000 ( 1)
  47 S   0.33637 0.17860 0.41544 0.06959 ( 3)
  48 A   0.89040 0.00003 0.10956 0.00001 ( 1)
  49 N   0.96921 0.00000 0.03079 0.00000 ( 1)
  50 L   0.10259 0.01002 0.88348 0.00391 ( 3)
  51 L   0.91884 0.00002 0.08114 0.00001 ( 1)
  52 S   0.89880 0.00233 0.09797 0.00091 ( 1)
  53 R   0.01902 0.38011 0.45276 0.14811 ( 3)
  54 K   0.91139 0.00005 0.08853 0.00002 ( 1)
  55 H   0.92544 0.00000 0.07455 0.00000 ( 1)
  56 V   0.94984 0.00014 0.04996 0.00006 ( 1)
  57 R   0.92198 0.00002 0.07800 0.00001 ( 1)
  58 S   0.92877 0.00044 0.07063 0.00017 ( 1)
  59 Q   0.44094 0.00165 0.55677 0.00064 ( 3)
  60 I   0.92663 0.00003 0.07334 0.00001 ( 1)
  61 C   0.87714 0.00145 0.12084 0.00056 ( 1)
  62 D   0.78487 0.00249 0.21168 0.00097 ( 1)
  63 N   0.34850 0.21427 0.35374 0.08349 ( 3)
  64 C   0.86117 0.00139 0.13690 0.00054 ( 1)
  65 S   0.33270 0.24582 0.32570 0.09578 ( 1)
  66 K   0.65525 0.11611 0.18341 0.04524 ( 1)
  67 E   0.66015 0.13791 0.14820 0.05374 ( 1)
  68 P   0.92679 0.00024 0.07287 0.00010 ( 1)
  69 V   0.64710 0.12692 0.17652 0.04946 ( 1)
  70 S   0.35363 0.02784 0.60768 0.01085 ( 3)
  71 V   0.85579 0.01310 0.12600 0.00511 ( 1)
  72 R   0.31159 0.27647 0.30420 0.10773 ( 1)
  73 C   0.86139 0.00136 0.13672 0.00053 ( 1)
  74 F   0.42593 0.20725 0.28606 0.08076 ( 1)
  75 T   0.71449 0.00199 0.28274 0.00078 ( 1)
  76 D   0.87204 0.00434 0.12193 0.00169 ( 1)
  77 N   0.38934 0.06057 0.52649 0.02360 ( 3)
  78 L   0.42593 0.17733 0.32764 0.06910 ( 1)
  79 V   0.62812 0.05679 0.29296 0.02213 ( 1)
  80 L   0.89393 0.00166 0.10376 0.00065 ( 1)
  81 C   0.86144 0.00114 0.13696 0.00045 ( 1)
  82 Q   0.36300 0.00523 0.62974 0.00204 ( 3)
  83 E   0.57362 0.06883 0.33072 0.02682 ( 1)
  84 C   0.86144 0.00114 0.13696 0.00045 ( 1)
  85 D   0.90086 0.00105 0.09769 0.00041 ( 1)
  86 W   0.70738 0.00138 0.29071 0.00054 ( 1)
  87 D   0.78932 0.04340 0.15037 0.01691 ( 1)
  88 V   0.57077 0.15939 0.20773 0.06211 ( 1)
  89 H   0.90263 0.00051 0.09665 0.00020 ( 1)
  90 G   0.39731 0.24930 0.25625 0.09714 ( 1)
  91 S   0.40385 0.06728 0.50265 0.02622 ( 3)
  92 C   0.49705 0.08804 0.38060 0.03431 ( 1)
  93 S   0.68426 0.04742 0.24985 0.01848 ( 1)
  94 S   0.05690 0.64588 0.04555 0.25167 ( 2)
  95 S   0.88983 0.00171 0.10780 0.00067 ( 1)
  96 A   0.03300 0.65789 0.05277 0.25635 ( 2)
  97 T   0.07328 0.64483 0.03063 0.25126 ( 2)
  98 H   0.90191 0.00034 0.09762 0.00013 ( 1)
  99 E   0.11314 0.62040 0.02472 0.24174 ( 2)
 100 R   0.89813 0.00116 0.10026 0.00045 ( 1)
 101 S   0.14583 0.48642 0.17822 0.18953 ( 2)
 102 A   0.86250 0.01591 0.11539 0.00620 ( 1)
 103 V   0.78767 0.01763 0.18783 0.00687 ( 1)
 104 -   0.88093 0.00779 0.10824 0.00304 ( 1)
 105 -   0.86192 0.02967 0.09686 0.01156 ( 1)
 106 -   0.76275 0.05857 0.15586 0.02282 ( 1)
 107 -   0.65328 0.17507 0.10343 0.06822 ( 1)
 108 -   0.27221 0.30737 0.30066 0.11977 ( 2)
 109 -   0.02335 0.68316 0.02730 0.26619 ( 2)
 110 -   0.01011 0.69912 0.01835 0.27241 ( 2)
 111 -   0.00788 0.71332 0.00086 0.27794 ( 2)
 112 -   0.00028 0.71231 0.00985 0.27755 ( 2)
 113 -   0.79629 0.10098 0.06337 0.03935 ( 1)
 114 -   0.77593 0.04230 0.16528 0.01648 ( 1)
 115 -   0.90341 0.00160 0.09436 0.00062 ( 1)
 116 -   0.32555 0.39406 0.12685 0.15355 ( 2)
 117 -   0.94915 0.00014 0.05066 0.00005 ( 1)
 118 -   0.13942 0.04959 0.79166 0.01932 ( 3)
 119 E   0.94440 0.00071 0.05462 0.00028 ( 1)
 120 G   0.92776 0.00000 0.07224 0.00000 ( 1)
 121 F   0.64435 0.00000 0.35564 0.00000 ( 1)
 122 S   0.09300 0.01232 0.88987 0.00480 ( 3)
 123 -   0.70866 0.01095 0.27613 0.00427 ( 1)
 124 -   0.71614 0.00347 0.27904 0.00135 ( 1)
 125 -   0.70871 0.01090 0.27615 0.00425 ( 1)
 126 -   0.71303 0.00657 0.27783 0.00256 ( 1)
 127 -   0.71711 0.00250 0.27942 0.00097 ( 1)
 128 -   0.71726 0.00234 0.27948 0.00091 ( 1)
 129 -   0.70945 0.01016 0.27644 0.00396 ( 1)
 130 -   0.69622 0.02338 0.27128 0.00911 ( 1)
 131 G   0.71719 0.00242 0.27945 0.00094 ( 1)
 132 C   0.71271 0.00689 0.27771 0.00269 ( 1)
 133 P   0.71716 0.00245 0.27944 0.00095 ( 1)
 134 S   0.71204 0.00757 0.27745 0.00295 ( 1)
 135 V   0.59861 0.12100 0.23325 0.04715 ( 1)
 136 L   0.66119 0.05841 0.25763 0.02276 ( 1)
 137 E   0.71638 0.00323 0.27914 0.00126 ( 1)
 138 L   0.71062 0.00899 0.27689 0.00350 ( 1)
 139 A   0.43142 0.28819 0.16810 0.11229 ( 1)
 140 A   0.70832 0.01128 0.27600 0.00440 ( 1)
 141 V   0.42134 0.29826 0.16418 0.11622 ( 1)
 142 W   0.50760 0.21200 0.19779 0.08261 ( 1)
 143 G   0.71425 0.00535 0.27831 0.00209 ( 1)
 144 I   0.52578 0.19383 0.20487 0.07553 ( 1)
 145 D   0.71416 0.00545 0.27827 0.00212 ( 1)
 146 E   0.54666 0.17295 0.21300 0.06739 ( 1)
 147 L   0.61873 0.10087 0.24109 0.03930 ( 1)
 148 T   0.63738 0.08222 0.24836 0.03204 ( 1)
 149 L   0.71107 0.00854 0.27707 0.00333 ( 1)
 150 D   0.71416 0.00545 0.27827 0.00212 ( 1)
 151 S   0.71259 0.00701 0.27766 0.00273 ( 1)
 152 W   0.71800 0.00161 0.27977 0.00063 ( 1)
 153 G   0.40537 0.31424 0.15795 0.12244 ( 1)
 154 S   0.55587 0.16373 0.21660 0.06380 ( 1)
 155 G   0.68626 0.03335 0.26740 0.01299 ( 1)


lnL = -2122.986552
