7
AT2G33500_AT2G33500.1_Athaliana_Araport11 0.0000000 7.5564163 8.9999984 8.9999983 8.9999983 8.9999982 8.9999983 
AT1G28050_AT1G28050.1_Athaliana_Araport11 7.5564163 0.0000000 8.9999984 8.9999985 8.9999987 8.9999988 8.9999986 
AT2G47890_AT2G47890.1_Athaliana_Araport11 8.9999984 8.9999984 0.0000000 8.9999989 8.9999990 8.9999983 8.9999983 
AT1G73870_AT1G73870.1_Athaliana_Araport11 8.9999983 8.9999985 8.9999989 0.0000000 8.9999984 8.9999990 8.9999982 
AT1G68520_AT1G68520.1_Athaliana_Araport11 8.9999983 8.9999987 8.9999990 8.9999984 0.0000000 8.9999985 8.9999985 
AT1G25440_AT1G25440.1_Athaliana_Araport11 8.9999982 8.9999988 8.9999983 8.9999990 8.9999985 0.0000000 8.9999990 
AT2G24790_AT2G24790.1_Athaliana_Araport11 8.9999983 8.9999986 8.9999983 8.9999982 8.9999985 8.9999990 0.0000000 
