Supplemental results for CODEML (seqf: aligned.fas  treef: AT1G28050_AT1G28050.1_Athaliana_Araport11.treefile)

I	J	ij	2Ns_IJ	pMut_IJ	pSub_IJ	2Ns_JI	pMut_JI	pSub_JI

TTC	TTT	CT	-0.09570	0.02029	0.01933	0.09570	0.01844	0.01933
TTA	TTT	AT	0.71538	0.00716	0.01002	-0.71538	0.01464	0.01002
TTA	TTC	AC	0.81108	0.00623	0.00910	-0.81108	0.01403	0.00910
TTG	TTT	GT	-0.04170	0.01909	0.01869	0.04170	0.01831	0.01869
TTG	TTC	GC	0.05399	0.01662	0.01707	-0.05399	0.01754	0.01707
TTG	TTA	GA	-0.75708	0.02886	0.01930	0.75708	0.01354	0.01930
TCT	TTT	CT	0.26721	0.01411	0.01608	-0.26721	0.01844	0.01608
TCC	TTC	CT	0.28919	0.01323	0.01524	-0.28919	0.01767	0.01524
TCC	TCT	CT	-0.07372	0.01323	0.01275	0.07372	0.01229	0.01275
TCA	TTA	CT	-0.29241	0.01235	0.01063	0.29241	0.00922	0.01063
TCA	TCT	AT	0.15576	0.00835	0.00902	-0.15576	0.00976	0.00902
TCA	TCC	AC	0.22948	0.00727	0.00814	-0.22948	0.00915	0.00814
TCG	TTG	CT	0.43711	0.01588	0.01960	-0.43711	0.02458	0.01960
TCG	TCT	GT	0.12820	0.01074	0.01144	-0.12820	0.01220	0.01144
TCG	TCC	GC	0.20191	0.00935	0.01033	-0.20191	0.01144	0.01033
TCG	TCA	GA	-0.02757	0.01623	0.01601	0.02757	0.01579	0.01601
TAT	TTT	AT	0.63533	0.00775	0.01048	-0.63533	0.01464	0.01048
TAT	TCT	AC	0.36813	0.00675	0.00807	-0.36813	0.00976	0.00807
TAC	TTC	AT	0.51867	0.00835	0.01070	-0.51867	0.01403	0.01070
TAC	TCC	AC	0.22948	0.00727	0.00814	-0.22948	0.00915	0.00814
TAC	TAT	CT	-0.21237	0.01235	0.01108	0.21237	0.00999	0.01108
TGT	TTT	GT	1.02614	0.00656	0.01049	-1.02614	0.01831	0.01049
TGT	TCT	GC	0.75893	0.00571	0.00815	-0.75893	0.01220	0.00815
TGT	TAT	GA	0.39080	0.00992	0.01199	-0.39080	0.01466	0.01199
TGC	TTC	GT	1.30203	0.00477	0.00853	-1.30203	0.01754	0.00853
TGC	TCC	GC	1.01285	0.00416	0.00661	-1.01285	0.01144	0.00661
TGC	TAC	GA	0.78336	0.00722	0.01041	-0.78336	0.01579	0.01041
TGC	TGT	CT	0.18020	0.00706	0.00771	-0.18020	0.00845	0.00771
TGG	TTG	GT	1.31382	0.00656	0.01179	-1.31382	0.02441	0.01179
TGG	TCG	GC	0.87671	0.00571	0.00858	-0.87671	0.01373	0.00858
TGG	TGT	GT	0.24598	0.00656	0.00740	-0.24598	0.00839	0.00740
TGG	TGC	GC	0.06578	0.00571	0.00590	-0.06578	0.00610	0.00590
CTT	TTT	CT	0.14942	0.01588	0.01709	-0.14942	0.01844	0.01709
CTC	TTC	CT	0.91780	0.00706	0.01078	-0.91780	0.01767	0.01078
CTC	CTT	CT	0.67267	0.00706	0.00969	-0.67267	0.01383	0.00969
CTA	TTA	CT	-0.05125	0.00970	0.00946	0.05125	0.00922	0.00946
CTA	CTT	AT	0.51471	0.00656	0.00839	-0.51471	0.01098	0.00839
CTA	CTC	AC	-0.15797	0.00571	0.00527	0.15797	0.00488	0.00527
CTG	TTG	CT	0.84257	0.01058	0.01566	-0.84257	0.02458	0.01566
CTG	CTT	GT	0.65144	0.00716	0.00974	-0.65144	0.01373	0.00974
CTG	CTC	GC	-0.02123	0.00623	0.00617	0.02123	0.00610	0.00617
CTG	CTA	GA	0.13674	0.01082	0.01158	-0.13674	0.01241	0.01158
CCT	TCT	CT	-0.41019	0.01852	0.01498	0.41019	0.01229	0.01498
CCT	CTT	CT	-0.29241	0.01852	0.01595	0.29241	0.01383	0.01595
CCC	TCC	CT	1.47118	0.00265	0.00505	-1.47118	0.01152	0.00505
CCC	CTC	CT	0.84257	0.00265	0.00392	-0.84257	0.00615	0.00392
CCC	CCT	CT	1.80765	0.00265	0.00572	-1.80765	0.01613	0.00572
CCA	TCA	CT	-0.27179	0.01411	0.01228	0.27179	0.01075	0.01228
CCA	CTA	CT	-0.51295	0.01411	0.01080	0.51295	0.00845	0.01080
CCA	CCT	AT	0.29416	0.00954	0.01102	-0.29416	0.01281	0.01102
CCA	CCC	AC	-1.51349	0.00831	0.00355	1.51349	0.00183	0.00355
CCG	TCG	CT	-0.13826	0.01588	0.01480	0.13826	0.01383	0.01480
CCG	CTG	CT	-0.54372	0.01588	0.01195	0.54372	0.00922	0.01195
CCG	CCT	GT	0.40013	0.01074	0.01303	-0.40013	0.01602	0.01303
CCG	CCC	GC	-1.40752	0.00935	0.00426	1.40752	0.00229	0.00426
CCG	CCA	GA	0.10597	0.01623	0.01711	-0.10597	0.01805	0.01711
CAT	TAT	CT	-0.34590	0.01411	0.01181	0.34590	0.00999	0.01181
CAT	CTT	AT	0.14001	0.00954	0.01023	-0.14001	0.01098	0.01023
CAT	CCT	AC	0.43242	0.00831	0.01024	-0.43242	0.01281	0.01024
CAC	TAC	CT	0.42136	0.00706	0.00865	-0.42136	0.01075	0.00865
CAC	CTC	AT	0.02223	0.00477	0.00482	-0.02223	0.00488	0.00482
CAC	CCC	AC	-0.82034	0.00416	0.00268	0.82034	0.00183	0.00268
CAC	CAT	CT	0.55489	0.00706	0.00919	-0.55489	0.01229	0.00919
CAA	CTA	AT	-0.35246	0.00954	0.00796	0.35246	0.00671	0.00796
CAA	CCA	AC	0.16049	0.00831	0.00900	-0.16049	0.00976	0.00900
CAA	CAT	AT	0.02223	0.00954	0.00965	-0.02223	0.00976	0.00965
CAA	CAC	AC	-0.53266	0.00831	0.00629	0.53266	0.00488	0.00629
CAG	CTG	AT	-0.58391	0.01312	0.00966	0.58391	0.00732	0.00966
CAG	CCG	AC	-0.04018	0.01143	0.01120	0.04018	0.01098	0.01120
CAG	CAT	GT	-0.07247	0.01312	0.01265	0.07247	0.01220	0.01265
CAG	CAC	GC	-0.62736	0.01143	0.00822	0.62736	0.00610	0.00822
CAG	CAA	GA	-0.09471	0.01984	0.01892	0.09471	0.01805	0.01892
CGT	TGT	CT	-0.44841	0.01323	0.01049	0.44841	0.00845	0.01049
CGT	CTT	GT	0.42830	0.00895	0.01100	-0.42830	0.01373	0.01100
CGT	CCT	GC	0.72071	0.00779	0.01093	-0.72071	0.01602	0.01093
CGT	CAT	GA	0.28829	0.01353	0.01557	-0.28829	0.01805	0.01557
CGC	TGC	CT	0.55489	0.00353	0.00460	-0.55489	0.00615	0.00460
CGC	CTC	GT	0.93913	0.00239	0.00368	-0.93913	0.00610	0.00368
CGC	CCC	GC	0.09655	0.00208	0.00218	-0.09655	0.00229	0.00218
CGC	CAC	GA	0.91690	0.00361	0.00551	-0.91690	0.00902	0.00551
CGC	CGT	CT	1.18350	0.00353	0.00602	-1.18350	0.01152	0.00602
CGA	CTA	GT	0.34129	0.00596	0.00704	-0.34129	0.00839	0.00704
CGA	CCA	GC	0.85424	0.00519	0.00772	-0.85424	0.01220	0.00772
CGA	CAA	GA	0.69375	0.00902	0.01251	-0.69375	0.01805	0.01251
CGA	CGT	AT	0.42770	0.00596	0.00733	-0.42770	0.00915	0.00733
CGA	CGC	AC	-0.75580	0.00519	0.00348	0.75580	0.00244	0.00348
CGG	TGG	CT	0.06241	0.00794	0.00819	-0.06241	0.00845	0.00819
CGG	CTG	GT	0.53366	0.00537	0.00693	-0.53366	0.00915	0.00693
CGG	CCG	GC	1.07738	0.00467	0.00764	-1.07738	0.01373	0.00764
CGG	CAG	GA	1.11757	0.00812	0.01348	-1.11757	0.02482	0.01348
CGG	CGT	GT	0.75680	0.00537	0.00765	-0.75680	0.01144	0.00765
CGG	CGC	GC	-0.42669	0.00467	0.00375	0.42669	0.00305	0.00375
CGG	CGA	GA	0.32911	0.00812	0.00953	-0.32911	0.01128	0.00953
ATT	TTT	AT	0.20455	0.01193	0.01319	-0.20455	0.01464	0.01319
ATT	CTT	AC	0.05513	0.01039	0.01068	-0.05513	0.01098	0.01068
ATC	TTC	AT	0.16199	0.01193	0.01292	-0.16199	0.01403	0.01292
ATC	CTC	AC	-0.75580	0.01039	0.00695	0.75580	0.00488	0.00695
ATC	ATT	CT	-0.13826	0.01764	0.01645	0.13826	0.01536	0.01645
ATA	TTA	AT	0.02223	0.00716	0.00724	-0.02223	0.00732	0.00724
ATA	CTA	AC	0.07348	0.00623	0.00646	-0.07348	0.00671	0.00646
ATA	ATT	AT	0.53306	0.00716	0.00923	-0.53306	0.01220	0.00923
ATA	ATC	AC	0.67131	0.00623	0.00856	-0.67131	0.01220	0.00856
ATG	TTG	AT	-0.14962	0.02266	0.02101	0.14962	0.01952	0.02101
ATG	CTG	AC	-0.99219	0.01974	0.01154	0.99219	0.00732	0.01154
ATG	ATT	GT	-0.39588	0.02266	0.01847	0.39588	0.01526	0.01847
ATG	ATC	GC	-0.25762	0.01974	0.01730	0.25762	0.01526	0.01730
ATG	ATA	GA	-0.92893	0.03427	0.02078	0.92893	0.01354	0.02078
ACT	TCT	AT	-0.24970	0.01253	0.01103	0.24970	0.00976	0.01103
ACT	CCT	AC	0.16049	0.01091	0.01181	-0.16049	0.01281	0.01181
ACT	ATT	CT	-0.18705	0.01852	0.01684	0.18705	0.01536	0.01684
ACC	TCC	AT	0.33239	0.00656	0.00771	-0.33239	0.00915	0.00771
ACC	CCC	AC	-1.13880	0.00571	0.00306	1.13880	0.00183	0.00306
ACC	ATC	CT	0.45958	0.00970	0.01210	-0.45958	0.01536	0.01210
ACC	ACT	CT	0.50837	0.00970	0.01238	-0.50837	0.01613	0.01238
ACA	TCA	AT	-0.11130	0.00954	0.00902	0.11130	0.00854	0.00902
ACA	CCA	AC	0.16049	0.00831	0.00900	-0.16049	0.00976	0.00900
ACA	ATA	CT	-0.42594	0.01411	0.01132	0.42594	0.00922	0.01132
ACA	ACT	AT	0.29416	0.00954	0.01102	-0.29416	0.01281	0.01102
ACA	ACC	AC	-0.21421	0.00831	0.00745	0.21421	0.00671	0.00745
ACG	TCG	AT	-0.17844	0.01312	0.01199	0.17844	0.01098	0.01199
ACG	CCG	AC	-0.04018	0.01143	0.01120	0.04018	0.01098	0.01120
ACG	ATG	CT	0.40829	0.01941	0.02364	-0.40829	0.02919	0.02364
ACG	ACT	GT	0.19946	0.01312	0.01447	-0.19946	0.01602	0.01447
ACG	ACC	GC	-0.30891	0.01143	0.00975	0.30891	0.00839	0.00975
ACG	ACA	GA	-0.09471	0.01984	0.01892	0.09471	0.01805	0.01892
AAT	TAT	AT	-0.74502	0.01670	0.01124	0.74502	0.00793	0.01124
AAT	CAT	AC	-0.39913	0.01454	0.01183	0.39913	0.00976	0.01183
AAT	ATT	AT	-0.31424	0.01670	0.01421	0.31424	0.01220	0.01421
AAT	ACT	AC	-0.12719	0.01454	0.01364	0.12719	0.01281	0.01364
AAC	TAC	AT	-0.47421	0.01372	0.01072	0.47421	0.00854	0.01072
AAC	CAC	AC	-0.89556	0.01195	0.00739	0.89556	0.00488	0.00739
AAC	ATC	AT	-0.11753	0.01372	0.01293	0.11753	0.01220	0.01293
AAC	ACC	AC	-0.57711	0.01195	0.00883	0.57711	0.00671	0.00883
AAC	AAT	CT	0.05845	0.02029	0.02089	-0.05845	0.02151	0.02089
AAA	CAA	AC	-0.70451	0.01974	0.01360	0.70451	0.00976	0.01360
AAA	ATA	AT	-1.13045	0.02266	0.01222	1.13045	0.00732	0.01222
AAA	ACA	AC	-0.70451	0.01974	0.01360	0.70451	0.00976	0.01360
AAA	AAT	AT	-0.28315	0.02266	0.01961	0.28315	0.01708	0.01961
AAA	AAC	AC	-0.34160	0.01974	0.01656	0.34160	0.01403	0.01656
AAG	CAG	AC	-0.82601	0.03065	0.01971	0.82601	0.01342	0.01971
AAG	ATG	AT	-0.41772	0.03519	0.02835	0.41772	0.02317	0.02835
AAG	ACG	AC	-0.82601	0.03065	0.01971	0.82601	0.01342	0.01971
AAG	AAT	GT	-0.49935	0.03519	0.02713	0.49935	0.02136	0.02713
AAG	AAC	GC	-0.55781	0.03065	0.02289	0.55781	0.01754	0.02289
AAG	AAA	GA	-0.21620	0.05321	0.04767	0.21620	0.04287	0.04767
AGT	TGT	AT	-0.98107	0.01789	0.01053	0.98107	0.00671	0.01053
AGT	CGT	AC	-0.53266	0.01558	0.01180	0.53266	0.00915	0.01180
AGT	ATT	GT	-0.15949	0.01789	0.01650	0.15949	0.01526	0.01650
AGT	ACT	GC	0.02756	0.01558	0.01580	-0.02756	0.01602	0.01580
AGT	AAT	GA	0.15476	0.02706	0.02920	-0.15476	0.03159	0.02920
AGC	TGC	AT	-0.20091	0.00596	0.00539	0.20091	0.00488	0.00539
AGC	CGC	AC	-0.75580	0.00519	0.00348	0.75580	0.00244	0.00348
AGC	ATC	GT	0.93913	0.00596	0.00920	-0.93913	0.01526	0.00920
AGC	ACC	GC	0.47955	0.00519	0.00654	-0.47955	0.00839	0.00654
AGC	AAC	GA	1.05666	0.00902	0.01461	-1.05666	0.02595	0.01461
AGC	AGT	CT	0.96035	0.00882	0.01372	-0.96035	0.02304	0.01372
AGA	CGA	AC	-1.25050	0.02130	0.01069	1.25050	0.00610	0.01069
AGA	ATA	GT	-0.98269	0.02445	0.01438	0.98269	0.00915	0.01438
AGA	ACA	GC	-0.55675	0.02130	0.01592	0.55675	0.01220	0.01592
AGA	AAA	GA	0.14776	0.03698	0.03978	-0.14776	0.04287	0.03978
AGA	AGT	AT	-0.29014	0.02445	0.02108	0.29014	0.01830	0.02108
AGA	AGC	AC	-1.25050	0.02130	0.01069	1.25050	0.00610	0.01069
AGG	TGG	AT	-1.19079	0.02207	0.01148	1.19079	0.00671	0.01148
AGG	CGG	AC	-1.25321	0.01922	0.00963	1.25321	0.00549	0.00963
AGG	ATG	GT	0.27265	0.02207	0.02521	-0.27265	0.02899	0.02521
AGG	ACG	GC	-0.13564	0.01922	0.01794	0.13564	0.01678	0.01794
AGG	AAG	GA	0.69037	0.03337	0.04620	-0.69037	0.06655	0.04620
AGG	AGT	GT	0.03626	0.02207	0.02247	-0.03626	0.02288	0.02247
AGG	AGC	GC	-0.92410	0.01922	0.01169	0.92410	0.00763	0.01169
AGG	AGA	GA	0.32640	0.03337	0.03911	-0.32640	0.04625	0.03911
GTT	TTT	GT	-0.31364	0.02505	0.02133	0.31364	0.01831	0.02133
GTT	CTT	GC	-0.46306	0.02182	0.01715	0.46306	0.01373	0.01715
GTT	ATT	GA	-0.51819	0.03788	0.02891	0.51819	0.02256	0.02891
GTC	TTC	GT	1.18425	0.00537	0.00916	-1.18425	0.01754	0.00916
GTC	CTC	GC	0.26645	0.00467	0.00533	-0.26645	0.00610	0.00533
GTC	ATC	GA	1.02226	0.00812	0.01296	-1.02226	0.02256	0.01296
GTC	GTT	CT	1.40219	0.00794	0.01476	-1.40219	0.03226	0.01476
GTA	TTA	GT	0.33299	0.00656	0.00771	-0.33299	0.00915	0.00771
GTA	CTA	GC	0.38424	0.00571	0.00688	-0.38424	0.00839	0.00688
GTA	ATA	GA	0.31076	0.00992	0.01154	-0.31076	0.01354	0.01154
GTA	GTT	AT	1.36200	0.00656	0.01201	-1.36200	0.02561	0.01201
GTA	GTC	AC	-0.04018	0.00571	0.00560	0.04018	0.00549	0.00560
GTG	TTG	GT	0.12820	0.02147	0.02288	-0.12820	0.02441	0.02288
GTG	CTG	GC	-0.71438	0.01870	0.01281	0.71438	0.00915	0.01281
GTG	ATG	GA	0.27782	0.03247	0.03719	-0.27782	0.04287	0.03719
GTG	GTT	GT	0.40013	0.02147	0.02605	-0.40013	0.03204	0.02605
GTG	GTC	GC	-1.00206	0.01870	0.01087	1.00206	0.00686	0.01087
GTG	GTA	GA	-0.96188	0.03247	0.01932	0.96188	0.01241	0.01932
GCT	TCT	GT	-0.34873	0.01730	0.01446	0.34873	0.01220	0.01446
GCT	CCT	GC	0.06146	0.01506	0.01553	-0.06146	0.01602	0.01553
GCT	ACT	GA	-0.09902	0.02615	0.02488	0.09902	0.02369	0.02488
GCT	GTT	CT	0.23212	0.02558	0.02866	-0.23212	0.03226	0.02866
GCC	TCC	GT	1.00812	0.00418	0.00663	-1.00812	0.01144	0.00663
GCC	CCC	GC	-0.46306	0.00364	0.00286	0.46306	0.00229	0.00286
GCC	ACC	GA	0.67573	0.00631	0.00868	-0.67573	0.01241	0.00868
GCC	GTC	CT	0.11306	0.00617	0.00653	-0.11306	0.00691	0.00653
GCC	GCT	CT	1.28313	0.00617	0.01096	-1.28313	0.02228	0.01096
GCA	TCA	GT	0.40013	0.00716	0.00868	-0.40013	0.01068	0.00868
GCA	CCA	GC	0.67192	0.00623	0.00856	-0.67192	0.01220	0.00856
GCA	ACA	GA	0.51143	0.01082	0.01383	-0.51143	0.01805	0.01383
GCA	GTA	CT	-0.22527	0.01058	0.00944	0.22527	0.00845	0.00944
GCA	GCT	AT	0.90462	0.00716	0.01088	-0.90462	0.01769	0.01088
GCA	GCC	AC	-0.37851	0.00623	0.00513	0.37851	0.00427	0.00513
GCG	TCG	GT	0.93913	0.00537	0.00828	-0.93913	0.01373	0.00828
GCG	CCG	GC	1.07738	0.00467	0.00764	-1.07738	0.01373	0.00764
GCG	ACG	GA	1.11757	0.00812	0.01348	-1.11757	0.02482	0.01348
GCG	GTG	CT	1.24804	0.00794	0.01390	-1.24804	0.02765	0.01390
GCG	GCT	GT	1.41605	0.00537	0.01004	-1.41605	0.02212	0.01004
GCG	GCC	GC	0.13292	0.00467	0.00499	-0.13292	0.00534	0.00499
GCG	GCA	GA	0.51143	0.00812	0.01037	-0.51143	0.01354	0.01037
GAT	TAT	GT	-1.24951	0.03459	0.01737	1.24951	0.00992	0.01737
GAT	CAT	GC	-0.90362	0.03013	0.01854	0.90362	0.01220	0.01854
GAT	AAT	GA	-0.50449	0.05231	0.04022	0.50449	0.03159	0.04022
GAT	GTT	AT	-0.30054	0.03459	0.02966	0.30054	0.02561	0.02966
GAT	GCT	AC	-0.53266	0.03013	0.02281	0.53266	0.01769	0.02281
GAC	TAC	GT	-0.44717	0.01670	0.01324	0.44717	0.01068	0.01324
GAC	CAC	GC	-0.86853	0.01454	0.00913	0.86853	0.00610	0.00913
GAC	AAC	GA	0.02704	0.02525	0.02560	-0.02704	0.02595	0.02560
GAC	GTC	AT	-1.11275	0.01670	0.00910	1.11275	0.00549	0.00910
GAC	GCC	AC	-1.22581	0.01454	0.00741	1.22581	0.00427	0.00741
GAC	GAT	CT	0.58998	0.02470	0.03270	-0.58998	0.04455	0.03270
GAA	CAA	GC	-0.92071	0.03065	0.01867	0.92071	0.01220	0.01867
GAA	AAA	GA	-0.21620	0.05321	0.04767	0.21620	0.04287	0.04767
GAA	GTA	AT	-1.65741	0.03519	0.01374	1.65741	0.00671	0.01374
GAA	GCA	AC	-1.43214	0.03065	0.01377	1.43214	0.00732	0.01377
GAA	GAT	AT	0.00514	0.03519	0.03528	-0.00514	0.03537	0.03528
GAA	GAC	AC	-0.58484	0.03065	0.02255	0.58484	0.01708	0.02255
GAG	CAG	GC	-0.99063	0.04519	0.02644	0.99063	0.01678	0.02644
GAG	AAG	GA	-0.16462	0.07846	0.07218	0.16462	0.06655	0.07218
GAG	GTG	AT	-0.86016	0.05189	0.03273	0.86016	0.02195	0.03273
GAG	GCG	AC	-2.10820	0.04519	0.01317	2.10820	0.00549	0.01317
GAG	GAT	GT	-0.15949	0.05189	0.04786	0.15949	0.04424	0.04786
GAG	GAC	GC	-0.74947	0.04519	0.03035	0.74947	0.02136	0.03035
GAG	GAA	GA	-0.16462	0.07846	0.07218	0.16462	0.06655	0.07218
GGT	TGT	GT	-0.24650	0.01074	0.00947	0.24650	0.00839	0.00947
GGT	CGT	GC	0.20191	0.00935	0.01033	-0.20191	0.01144	0.01033
GGT	AGT	GA	0.73457	0.01623	0.02292	-0.73457	0.03384	0.02292
GGT	GTT	GT	1.09328	0.01074	0.01765	-1.09328	0.03204	0.01765
GGT	GCT	GC	0.86116	0.00935	0.01395	-0.86116	0.02212	0.01395
GGT	GAT	GA	1.39382	0.01623	0.03009	-1.39382	0.06543	0.03009
GGC	TGC	GT	0.24598	0.00477	0.00538	-0.24598	0.00610	0.00538
GGC	CGC	GC	-0.30891	0.00416	0.00355	0.30891	0.00305	0.00355
GGC	AGC	GA	0.44689	0.00722	0.00895	-0.44689	0.01128	0.00895
GGC	GTC	GT	0.36376	0.00477	0.00569	-0.36376	0.00686	0.00569
GGC	GCC	GC	0.25071	0.00416	0.00470	-0.25071	0.00534	0.00470
GGC	GAC	GA	1.47651	0.00722	0.01381	-1.47651	0.03159	0.01381
GGC	GGT	CT	0.67267	0.00706	0.00969	-0.67267	0.01383	0.00969
GGA	CGA	GC	-1.02675	0.02130	0.01220	1.02675	0.00763	0.01220
GGA	AGA	GA	0.22375	0.03698	0.04127	-0.22375	0.04625	0.04127
GGA	GTA	GT	-1.06970	0.02445	0.01366	1.06970	0.00839	0.01366
GGA	GCA	GC	-0.84443	0.02130	0.01356	0.84443	0.00915	0.01356
GGA	GAA	GA	0.58771	0.03698	0.04890	-0.58771	0.06655	0.04890
GGA	GGT	AT	-0.80097	0.02445	0.01595	0.80097	0.01098	0.01595
GGA	GGC	AC	-1.47364	0.02130	0.00933	1.47364	0.00488	0.00933
GGG	TGG	GT	0.07892	0.00775	0.00806	-0.07892	0.00839	0.00806
GGG	CGG	GC	0.01651	0.00675	0.00681	-0.01651	0.00686	0.00681
GGG	AGG	GA	1.26972	0.01172	0.02070	-1.26972	0.04174	0.02070
GGG	GTG	GT	1.26455	0.00775	0.01366	-1.26455	0.02746	0.01366
GGG	GCG	GC	0.01651	0.00675	0.00681	-0.01651	0.00686	0.00681
GGG	GAG	GA	2.12471	0.01172	0.02829	-2.12471	0.09814	0.02829
GGG	GGT	GT	0.57140	0.00775	0.01018	-0.57140	0.01373	0.01018
GGG	GGC	GC	-0.10127	0.00675	0.00642	0.10127	0.00610	0.00642
GGG	GGA	GA	1.37237	0.01172	0.02155	-1.37237	0.04625	0.02155


Histograms
2Ns	FMut	FSub(CodonUsage)	FSubw(after w)

-2.02353	0.01768	0.00554
-1.82118	0.00199	0.00076
-1.61882	0.00434	0.00183
-1.41647	0.03755	0.01845
-1.21412	0.04950	0.02726
-1.01177	0.06651	0.04199
-0.80941	0.06963	0.04898
-0.60706	0.08577	0.06799
-0.40471	0.08908	0.07828
-0.20235	0.15706	0.15348
0.00000	0.10252	0.11086
0.20235	0.12866	0.15348
0.40471	0.05962	0.07828
0.60706	0.04746	0.06799
0.80941	0.03109	0.04898
1.01177	0.02460	0.04199
1.21412	0.01453	0.02726
1.41647	0.00913	0.01845
1.61882	0.00083	0.00183
1.82118	0.00033	0.00076
2.02353	0.00212	0.00554

Proportion of advantageous (S > 0) mutations:
 0.36831

Proportions of good & bad mutations (|S| > 2.0000) among mutations:
0.00212  0.01768

mean |Ns| = 0.57227	mean Ns+ = 0.45185	mean Ns- = -0.64247


MLEs of dN/dS (w) for site classes (K=4)

site class             0        1       2a       2b
proportion       0.55010  0.27124  0.11966  0.05900
background w     0.12535  1.00000  0.12535  1.00000
foreground w     0.12535  1.00000  1.00000  1.00000

Naive Empirical Bayes (NEB) probabilities for 4 classes
(amino acids refer to 1st sequence: AT2G33500_AT2G33500.1_Athaliana_Araport11)

   1 S   0.41266 0.44169 0.04957 0.09607 ( 2)
   2 N   0.88600 0.01615 0.09433 0.00351 ( 1)
   3 E   0.68023 0.18392 0.09585 0.04001 ( 1)
   4 L   0.83488 0.04006 0.11635 0.00871 ( 1)
   5 I   0.89769 0.01268 0.08686 0.00276 ( 1)
   6 V   0.83821 0.03826 0.11521 0.00832 ( 1)
   7 P   0.75274 0.13820 0.07900 0.03006 ( 1)
   8 Y   0.01804 0.78896 0.02139 0.17161 ( 2)
   9 D   0.85697 0.02954 0.10707 0.00643 ( 1)
  10 V   0.07183 0.33438 0.52105 0.07273 ( 3)
  11 S   0.23284 0.47244 0.19196 0.10276 ( 2)
  12 C   0.06173 0.73634 0.04177 0.16016 ( 2)
  13 K   0.84611 0.03603 0.11003 0.00784 ( 1)
  14 K   0.74876 0.12673 0.09694 0.02757 ( 1)
  15 Q   0.54567 0.27653 0.11765 0.06015 ( 1)
  16 S   0.05282 0.73568 0.05148 0.16002 ( 2)
  17 F   0.18853 0.62795 0.04693 0.13659 ( 2)
  18 S   0.76680 0.12349 0.08285 0.02686 ( 1)
  19 F   0.71440 0.13508 0.12113 0.02938 ( 1)
  20 G   0.90032 0.01534 0.08101 0.00334 ( 1)
  21 R   0.69681 0.17674 0.08800 0.03844 ( 1)
  22 S   0.68264 0.16713 0.11387 0.03635 ( 1)
  23 K   0.77413 0.10425 0.09895 0.02268 ( 1)
  24 Q   0.02527 0.79812 0.00300 0.17360 ( 2)
  25 V   0.00104 0.82040 0.00011 0.17845 ( 2)
  26 V   0.10181 0.68626 0.06266 0.14927 ( 2)
  27 F   0.53218 0.00066 0.46702 0.00014 ( 1)
  28 E   0.01413 0.80246 0.00886 0.17455 ( 2)
  29 Q   0.78958 0.09783 0.09130 0.02128 ( 1)
  30 L   0.89575 0.00003 0.10421 0.00001 ( 1)
  31 E   0.15174 0.67735 0.02357 0.14733 ( 2)
  32 L   0.19142 0.64177 0.02721 0.13960 ( 2)
  33 L   0.86678 0.02542 0.10227 0.00553 ( 1)
  34 K   0.11444 0.71488 0.01518 0.15550 ( 2)
  35 R   0.41931 0.17298 0.37008 0.03763 ( 1)
  36 G   0.35181 0.50218 0.03677 0.10923 ( 2)
  37 F   0.39715 0.13960 0.43288 0.03037 ( 3)
  38 V   0.53620 0.33011 0.06188 0.07181 ( 1)
  39 E   0.03342 0.77894 0.01821 0.16943 ( 2)
  40 G   0.25297 0.58582 0.03379 0.12742 ( 2)
  41 E   0.82155 0.00952 0.16687 0.00207 ( 1)
  42 G   0.86941 0.00380 0.12596 0.00083 ( 1)
  43 E   0.81707 0.05087 0.12099 0.01106 ( 1)
  44 I   0.50877 0.00392 0.48645 0.00085 ( 1)
  45 M   0.01493 0.80776 0.00162 0.17570 ( 2)
  46 V   0.82351 0.05186 0.11335 0.01128 ( 1)
  47 P   0.80005 0.07669 0.10658 0.01668 ( 1)
  48 E   0.49218 0.35687 0.07333 0.07762 ( 1)
  49 -   0.02959 0.79135 0.00693 0.17213 ( 2)
  50 -   0.06080 0.69587 0.09197 0.15136 ( 2)
  51 -   0.02677 0.78109 0.02224 0.16990 ( 2)
  52 -   0.78920 0.01298 0.19500 0.00282 ( 1)
  53 -   0.86857 0.00513 0.12519 0.00112 ( 1)
  54 -   0.68808 0.13327 0.14967 0.02899 ( 1)
  55 -   0.75741 0.06393 0.16475 0.01391 ( 1)
  56 -   0.00540 0.81595 0.00117 0.17748 ( 2)
  57 -   0.81781 0.00353 0.17789 0.00077 ( 1)
  58 -   0.81899 0.00235 0.17814 0.00051 ( 1)
  59 -   0.81735 0.00399 0.17779 0.00087 ( 1)
  60 -   0.11669 0.70465 0.02538 0.15327 ( 2)
  61 -   0.71233 0.10902 0.15494 0.02371 ( 1)
  62 -   0.71259 0.15979 0.09287 0.03476 ( 1)
  63 -   0.90338 0.00108 0.09530 0.00024 ( 1)
  64 I   0.54628 0.01949 0.42998 0.00424 ( 1)
  65 S   0.00052 0.81934 0.00193 0.17822 ( 2)
  66 Q   0.89422 0.00206 0.10327 0.00045 ( 1)
  67 Q   0.89409 0.00005 0.10585 0.00001 ( 1)
  68 W   0.73307 0.15819 0.07432 0.03441 ( 1)
  69 N   0.35597 0.50034 0.03486 0.10883 ( 2)
  70 A   0.88566 0.00217 0.11170 0.00047 ( 1)
  71 -   0.00134 0.81987 0.00045 0.17834 ( 2)
  72 -   0.55788 0.30329 0.07286 0.06597 ( 1)
  73 T   0.86437 0.02744 0.10222 0.00597 ( 1)
  74 N   0.88659 0.02217 0.08641 0.00482 ( 1)
  75 H   0.35709 0.24450 0.34523 0.05318 ( 1)
  76 S   0.21478 0.62420 0.02525 0.13577 ( 2)
  77 D   0.85289 0.03326 0.10661 0.00723 ( 1)
  78 F   0.87962 0.01775 0.09877 0.00386 ( 1)
  79 N   0.88675 0.01470 0.09535 0.00320 ( 1)
  80 L   0.87454 0.00543 0.11885 0.00118 ( 1)
  81 G   0.36343 0.48043 0.05164 0.10450 ( 2)
  82 Q   0.81305 0.07555 0.09497 0.01643 ( 1)
  83 S   0.81817 0.05376 0.11638 0.01169 ( 1)
  84 R   0.07723 0.74869 0.01123 0.16285 ( 2)
  85 N   0.00080 0.81299 0.00938 0.17684 ( 2)
  86 P   0.85673 0.02650 0.11101 0.00576 ( 1)
  87 D   0.41665 0.36330 0.14103 0.07902 ( 1)
  88 E   0.21066 0.60135 0.05719 0.13080 ( 2)
  89 P   0.05117 0.74983 0.03589 0.16310 ( 2)
  90 S   0.39629 0.45876 0.04516 0.09979 ( 2)
  91 P   0.46096 0.33287 0.13377 0.07240 ( 1)
  92 E   0.35700 0.23762 0.35369 0.05169 ( 1)
  93 D   0.16458 0.66852 0.02149 0.14541 ( 2)
  94 S   0.37518 0.16909 0.41895 0.03678 ( 3)
  95 V   0.04438 0.34770 0.53228 0.07563 ( 3)
  96 H   0.03852 0.77786 0.01442 0.16920 ( 2)
  97 I   0.03028 0.64190 0.18820 0.13962 ( 2)
  98 P   0.85783 0.02420 0.11270 0.00526 ( 1)
  99 A   0.09246 0.59043 0.18869 0.12843 ( 2)
 100 D   0.07865 0.72570 0.03779 0.15785 ( 2)
 101 S   0.24572 0.59080 0.03498 0.12851 ( 2)
 102 C   0.49309 0.05792 0.43639 0.01260 ( 1)
 103 G   0.02877 0.77983 0.02178 0.16962 ( 2)
 104 L   0.07572 0.75047 0.01057 0.16324 ( 2)
 105 H   0.79227 0.10924 0.07474 0.02376 ( 1)
 106 C   0.46703 0.06904 0.44892 0.01502 ( 1)
 107 T   0.24918 0.59199 0.03006 0.12877 ( 2)
 108 E   0.80665 0.05873 0.12185 0.01277 ( 1)
 109 H   0.00524 0.81663 0.00050 0.17763 ( 2)
 110 I   0.89911 0.00996 0.08876 0.00217 ( 1)
 111 -   0.81887 0.00247 0.17812 0.00054 ( 1)
 112 -   0.07907 0.74227 0.01720 0.16146 ( 2)
 113 -   0.06046 0.76089 0.01315 0.16550 ( 2)
 114 -   0.21146 0.60989 0.04600 0.13266 ( 2)
 115 -   0.69182 0.12953 0.15048 0.02817 ( 1)
 116 -   0.80634 0.01501 0.17539 0.00326 ( 1)
 117 -   0.67695 0.14439 0.14725 0.03141 ( 1)
 118 -   0.58521 0.23614 0.12729 0.05136 ( 1)
 119 -   0.80139 0.01996 0.17431 0.00434 ( 1)
 120 -   0.26688 0.55446 0.05805 0.12060 ( 2)
 121 -   0.80273 0.01861 0.17461 0.00405 ( 1)
 122 -   0.81351 0.00784 0.17695 0.00170 ( 1)
 123 -   0.63414 0.18721 0.13793 0.04072 ( 1)
 124 -   0.80744 0.01391 0.17563 0.00303 ( 1)
 125 -   0.36612 0.45522 0.07964 0.09902 ( 2)
 126 -   0.24389 0.57746 0.05305 0.12561 ( 2)
 127 -   0.71656 0.10478 0.15586 0.02279 ( 1)
 128 -   0.62442 0.19692 0.13582 0.04283 ( 1)
 129 -   0.32498 0.49636 0.07069 0.10797 ( 2)
 130 -   0.80746 0.01388 0.17564 0.00302 ( 1)
 131 -   0.79944 0.02190 0.17389 0.00476 ( 1)
 132 -   0.77592 0.04543 0.16877 0.00988 ( 1)
 133 -   0.72023 0.10111 0.15666 0.02199 ( 1)
 134 -   0.79694 0.02441 0.17335 0.00531 ( 1)
 135 -   0.80937 0.01198 0.17605 0.00260 ( 1)
 136 -   0.14558 0.67577 0.03166 0.14699 ( 2)
 137 -   0.08859 0.73276 0.01927 0.15939 ( 2)
 138 -   0.77458 0.04676 0.16848 0.01017 ( 1)
 139 -   0.61281 0.20854 0.13330 0.04536 ( 1)
 140 -   0.80279 0.01855 0.17462 0.00404 ( 1)
 141 -   0.74736 0.07398 0.16256 0.01609 ( 1)
 142 -   0.79754 0.02380 0.17348 0.00518 ( 1)
 143 -   0.09548 0.72587 0.02077 0.15789 ( 2)
 144 -   0.68801 0.13334 0.14965 0.02900 ( 1)
 145 -   0.79676 0.02458 0.17331 0.00535 ( 1)
 146 -   0.19292 0.62842 0.04196 0.13669 ( 2)
 147 -   0.20579 0.61556 0.04476 0.13389 ( 2)
 148 -   0.73595 0.08540 0.16008 0.01858 ( 1)
 149 -   0.46935 0.35199 0.10209 0.07656 ( 1)
 150 -   0.81187 0.00947 0.17660 0.00206 ( 1)
 151 -   0.49544 0.32590 0.10777 0.07089 ( 1)
 152 A   0.67493 0.19699 0.08524 0.04285 ( 1)
 153 I   0.08966 0.09507 0.79460 0.02068 ( 3)
 154 T   0.73929 0.14241 0.08733 0.03098 ( 1)
 155 S   0.88666 0.01240 0.09824 0.00270 ( 1)
 156 T   0.74979 0.13351 0.08765 0.02904 ( 1)
 157 R   0.13357 0.69664 0.01826 0.15153 ( 2)
 158 L   0.00442 0.81719 0.00064 0.17775 ( 2)
 159 V   0.87502 0.00610 0.11756 0.00133 ( 1)
 160 A   0.69181 0.19730 0.06797 0.04292 ( 1)
 161 V   0.00114 0.82021 0.00025 0.17841 ( 2)
 162 T   0.54465 0.31857 0.06749 0.06929 ( 1)
 163 -   0.62936 0.19198 0.13690 0.04176 ( 1)
 164 -   0.05578 0.76557 0.01213 0.16652 ( 2)
 165 -   0.40995 0.41139 0.08917 0.08948 ( 2)
 166 -   0.03217 0.78918 0.00700 0.17166 ( 2)
 167 -   0.80198 0.01936 0.17444 0.00421 ( 1)
 168 -   0.03890 0.78245 0.00846 0.17019 ( 2)
 169 -   0.65447 0.16687 0.14236 0.03630 ( 1)
 170 -   0.39977 0.42158 0.08696 0.09170 ( 2)
 171 -   0.58663 0.23471 0.12760 0.05105 ( 1)
 172 -   0.78443 0.03692 0.17063 0.00803 ( 1)
 173 -   0.57023 0.25112 0.12403 0.05462 ( 1)
 174 -   0.65183 0.16952 0.14178 0.03687 ( 1)
 175 N   0.35010 0.34522 0.22958 0.07509 ( 1)
 176 A   0.80632 0.07464 0.10281 0.01624 ( 1)
 177 D   0.87341 0.01101 0.11318 0.00239 ( 1)
 178 L   0.37385 0.47661 0.04587 0.10367 ( 2)
 179 E   0.86992 0.00041 0.12958 0.00009 ( 1)
 180 R   0.83693 0.03995 0.11444 0.00869 ( 1)
 181 D   0.00127 0.81853 0.00216 0.17804 ( 2)
 182 N   0.01238 0.80403 0.00870 0.17489 ( 2)
 183 -   0.73850 0.08285 0.16063 0.01802 ( 1)
 184 -   0.63414 0.18721 0.13793 0.04072 ( 1)
 185 -   0.62037 0.20097 0.13494 0.04371 ( 1)
 186 -   0.23944 0.58190 0.05208 0.12657 ( 2)
 187 -   0.02922 0.79213 0.00636 0.17230 ( 2)
 188 -   0.61358 0.20777 0.13346 0.04519 ( 1)
 189 -   0.30355 0.51780 0.06603 0.11263 ( 2)
 190 -   0.06413 0.75722 0.01395 0.16471 ( 2)
 191 -   0.79519 0.02615 0.17297 0.00569 ( 1)
 192 -   0.50664 0.31471 0.11020 0.06845 ( 1)
 193 -   0.80404 0.01731 0.17489 0.00376 ( 1)
 194 -   0.79268 0.02866 0.17242 0.00623 ( 1)
 195 -   0.79650 0.02485 0.17325 0.00541 ( 1)
 196 -   0.60166 0.21969 0.13087 0.04779 ( 1)
 197 -   0.81663 0.00471 0.17763 0.00103 ( 1)
 198 -   0.24169 0.57965 0.05257 0.12608 ( 2)
 199 A   0.90292 0.00018 0.09687 0.00004 ( 1)
 200 M   0.89989 0.00181 0.09791 0.00039 ( 1)
 201 -   0.81359 0.00776 0.17697 0.00169 ( 1)
 202 -   0.25373 0.56761 0.05519 0.12346 ( 2)
 203 -   0.73222 0.08913 0.15927 0.01939 ( 1)
 204 -   0.81854 0.00281 0.17804 0.00061 ( 1)
 205 -   0.56336 0.25798 0.12254 0.05612 ( 1)
 206 -   0.52243 0.29891 0.11364 0.06502 ( 1)
 207 Q   0.88812 0.00727 0.10302 0.00158 ( 1)
 208 -   0.70770 0.11364 0.15394 0.02472 ( 1)
 209 -   0.16551 0.65584 0.03600 0.14265 ( 2)
 210 -   0.81889 0.00246 0.17812 0.00053 ( 1)
 211 -   0.81854 0.00281 0.17804 0.00061 ( 1)
 212 -   0.14211 0.67923 0.03091 0.14774 ( 2)
 213 -   0.34160 0.47975 0.07430 0.10435 ( 2)
 214 -   0.65324 0.16811 0.14209 0.03657 ( 1)
 215 -   0.10398 0.71737 0.02262 0.15604 ( 2)
 216 -   0.26038 0.56097 0.05664 0.12202 ( 2)
 217 -   0.66408 0.15727 0.14445 0.03421 ( 1)
 218 -   0.77925 0.04209 0.16950 0.00916 ( 1)
 219 -   0.14045 0.68090 0.03055 0.14811 ( 2)
 220 -   0.15748 0.66387 0.03425 0.14440 ( 2)
 221 -   0.43189 0.38946 0.09394 0.08471 ( 1)
 222 -   0.65827 0.16308 0.14318 0.03547 ( 1)
 223 -   0.39015 0.43119 0.08486 0.09379 ( 2)
 224 -   0.04107 0.78028 0.00893 0.16972 ( 2)
 225 -   0.75879 0.06255 0.16505 0.01361 ( 1)
 226 -   0.14833 0.67301 0.03226 0.14639 ( 2)
 227 -   0.80164 0.01970 0.17437 0.00429 ( 1)
 228 -   0.22353 0.59781 0.04862 0.13003 ( 2)
 229 -   0.05327 0.76807 0.01159 0.16707 ( 2)
 230 -   0.74971 0.07164 0.16307 0.01558 ( 1)
 231 -   0.57739 0.24395 0.12559 0.05306 ( 1)
 232 -   0.11098 0.71036 0.02414 0.15452 ( 2)
 233 -   0.70238 0.11896 0.15278 0.02588 ( 1)
 234 -   0.56295 0.25840 0.12245 0.05621 ( 1)
 235 -   0.63123 0.19012 0.13730 0.04135 ( 1)
 236 -   0.11349 0.70785 0.02469 0.15397 ( 2)
 237 -   0.02495 0.79640 0.00543 0.17323 ( 2)
 238 -   0.23165 0.58969 0.05039 0.12827 ( 2)
 239 -   0.78774 0.03360 0.17135 0.00731 ( 1)
 240 -   0.76335 0.05799 0.16604 0.01261 ( 1)
 241 -   0.30457 0.51678 0.06625 0.11241 ( 2)
 242 -   0.12544 0.69590 0.02729 0.15137 ( 2)
 243 -   0.01749 0.80385 0.00381 0.17485 ( 2)
 244 -   0.03851 0.78284 0.00838 0.17028 ( 2)
 245 -   0.80950 0.01184 0.17608 0.00258 ( 1)
 246 -   0.18148 0.63987 0.03947 0.13918 ( 2)
 247 -   0.61948 0.20187 0.13475 0.04391 ( 1)
 248 -   0.31143 0.50992 0.06774 0.11092 ( 2)
 249 -   0.79942 0.02193 0.17389 0.00477 ( 1)
 250 -   0.79657 0.02477 0.17327 0.00539 ( 1)
 251 -   0.74154 0.07981 0.16130 0.01736 ( 1)
 252 -   0.81618 0.00516 0.17753 0.00112 ( 1)
 253 -   0.80908 0.01227 0.17599 0.00267 ( 1)
 254 -   0.82022 0.00112 0.17841 0.00024 ( 1)
 255 -   0.81707 0.00427 0.17773 0.00093 ( 1)
 256 -   0.81670 0.00465 0.17764 0.00101 ( 1)
 257 -   0.77382 0.04752 0.16832 0.01034 ( 1)
 258 R   0.89742 0.00006 0.10250 0.00001 ( 1)
 259 Y   0.89401 0.00000 0.10598 0.00000 ( 1)
 260 K   0.87939 0.00674 0.11239 0.00147 ( 1)
 261 E   0.87750 0.00036 0.12207 0.00008 ( 1)
 262 K   0.88677 0.00005 0.11317 0.00001 ( 1)
 263 K   0.56142 0.00278 0.43520 0.00060 ( 1)
 264 K   0.88458 0.00044 0.11489 0.00010 ( 1)
 265 T   0.89113 0.00339 0.10474 0.00074 ( 1)
 266 R   0.89841 0.00004 0.10154 0.00001 ( 1)
 267 R   0.82510 0.05097 0.11284 0.01109 ( 1)
 268 Y   0.90711 0.00005 0.09283 0.00001 ( 1)
 269 D   0.69026 0.18231 0.08778 0.03965 ( 1)
 270 K   0.88674 0.00005 0.11320 0.00001 ( 1)
 271 T   0.80620 0.07832 0.09845 0.01704 ( 1)
 272 I   0.92269 0.00000 0.07731 0.00000 ( 1)
 273 R   0.88402 0.00008 0.11588 0.00002 ( 1)
 274 Y   0.90727 0.00000 0.09273 0.00000 ( 1)
 275 E   0.87424 0.00340 0.12162 0.00074 ( 1)
 276 T   0.79728 0.03878 0.15550 0.00844 ( 1)
 277 R   0.88910 0.00002 0.11087 0.00000 ( 1)
 278 K   0.88677 0.00004 0.11318 0.00001 ( 1)
 279 A   0.86318 0.04420 0.08300 0.00961 ( 1)
 280 R   0.86666 0.01163 0.11918 0.00253 ( 1)
 281 A   0.89481 0.00000 0.10519 0.00000 ( 1)
 282 E   0.50375 0.00224 0.49352 0.00049 ( 1)
 283 T   0.63782 0.23446 0.07672 0.05100 ( 1)
 284 R   0.88952 0.00005 0.11041 0.00001 ( 1)
 285 L   0.86569 0.01166 0.12012 0.00254 ( 1)
 286 R   0.89701 0.00010 0.10287 0.00002 ( 1)
 287 V   0.89415 0.00055 0.10518 0.00012 ( 1)
 288 K   0.60582 0.00229 0.39139 0.00050 ( 1)
 289 G   0.90402 0.00003 0.09595 0.00001 ( 1)
 290 R   0.87927 0.00017 0.12052 0.00004 ( 1)
 291 F   0.89894 0.00001 0.10104 0.00000 ( 1)
 292 V   0.88010 0.00200 0.11747 0.00043 ( 1)
 293 K   0.89082 0.00005 0.10912 0.00001 ( 1)
 294 A   0.88608 0.00373 0.10937 0.00081 ( 1)
 295 T   0.39372 0.01901 0.58314 0.00413 ( 3)
 296 D   0.18531 0.51530 0.18731 0.11208 ( 2)
 297 P   0.75058 0.12493 0.09731 0.02717 ( 1)
 298 -   0.81068 0.01066 0.17634 0.00232 ( 1)
 299 -   0.79864 0.02270 0.17372 0.00494 ( 1)
 300 -   0.00126 0.82009 0.00027 0.17838 ( 2)
 301 -   0.03393 0.78742 0.00738 0.17128 ( 2)


lnL = -4007.281649
