Supplemental results for CODEML (seqf: aligned.fas  treef: AT1G73870_AT1G73870.1_Athaliana_Araport11.treefile)

I	J	ij	2Ns_IJ	pMut_IJ	pSub_IJ	2Ns_JI	pMut_JI	pSub_JI

TTC	TTT	CT	-0.06722	0.01945	0.01881	0.06722	0.01819	0.01881
TTA	TTT	AT	0.73464	0.00705	0.00995	-0.73464	0.01469	0.00995
TTA	TTC	AC	0.80186	0.00632	0.00918	-0.80186	0.01408	0.00918
TTG	TTT	GT	-0.02634	0.01880	0.01855	0.02634	0.01831	0.01855
TTG	TTC	GC	0.04088	0.01684	0.01719	-0.04088	0.01754	0.01719
TTG	TTA	GA	-0.76098	0.02821	0.01883	0.76098	0.01318	0.01883
TCT	TTT	CT	0.29569	0.01353	0.01563	-0.29569	0.01819	0.01563
TCC	TTC	CT	0.31767	0.01269	0.01481	-0.31767	0.01743	0.01481
TCC	TCT	CT	-0.04524	0.01269	0.01240	0.04524	0.01213	0.01240
TCA	TTA	CT	-0.26393	0.01184	0.01035	0.26393	0.00909	0.01035
TCA	TCT	AT	0.17503	0.00822	0.00896	-0.17503	0.00980	0.00896
TCA	TCC	AC	0.22027	0.00737	0.00821	-0.22027	0.00918	0.00821
TCG	TTG	CT	0.46559	0.01522	0.01904	-0.46559	0.02425	0.01904
TCG	TCT	GT	0.14356	0.01057	0.01135	-0.14356	0.01220	0.01135
TCG	TCC	GC	0.18880	0.00947	0.01040	-0.18880	0.01144	0.01040
TCG	TCA	GA	-0.03147	0.01587	0.01562	0.03147	0.01538	0.01562
TAT	TTT	AT	0.65460	0.00764	0.01041	-0.65460	0.01469	0.01041
TAT	TCT	AC	0.35892	0.00684	0.00814	-0.35892	0.00980	0.00814
TAC	TTC	AT	0.53793	0.00822	0.01063	-0.53793	0.01408	0.01063
TAC	TCC	AC	0.22027	0.00737	0.00821	-0.22027	0.00918	0.00821
TAC	TAT	CT	-0.18389	0.01184	0.01079	0.18389	0.00985	0.01079
TGT	TTT	GT	1.04150	0.00646	0.01040	-1.04150	0.01831	0.01040
TGT	TCT	GC	0.74581	0.00579	0.00821	-0.74581	0.01220	0.00821
TGT	TAT	GA	0.38690	0.00970	0.01169	-0.38690	0.01428	0.01169
TGC	TTC	GT	1.31740	0.00470	0.00845	-1.31740	0.01754	0.00845
TGC	TCC	GC	0.99973	0.00421	0.00666	-0.99973	0.01144	0.00666
TGC	TAC	GA	0.77946	0.00705	0.01016	-0.77946	0.01538	0.01016
TGC	TGT	CT	0.20868	0.00677	0.00750	-0.20868	0.00834	0.00750
TGG	TTG	GT	1.32918	0.00646	0.01168	-1.32918	0.02441	0.01168
TGG	TCG	GC	0.86360	0.00579	0.00864	-0.86360	0.01373	0.00864
TGG	TGT	GT	0.26134	0.00646	0.00734	-0.26134	0.00839	0.00734
TGG	TGC	GC	0.05267	0.00579	0.00594	-0.05267	0.00610	0.00594
CTT	TTT	CT	0.17790	0.01522	0.01662	-0.17790	0.01819	0.01662
CTC	TTC	CT	0.94627	0.00677	0.01046	-0.94627	0.01743	0.01046
CTC	CTT	CT	0.70115	0.00677	0.00941	-0.70115	0.01364	0.00941
CTA	TTA	CT	-0.02277	0.00930	0.00920	0.02277	0.00909	0.00920
CTA	CTT	AT	0.53397	0.00646	0.00834	-0.53397	0.01102	0.00834
CTA	CTC	AC	-0.16718	0.00579	0.00532	0.16718	0.00490	0.00532
CTG	TTG	CT	0.87105	0.01015	0.01520	-0.87105	0.02425	0.01520
CTG	CTT	GT	0.66681	0.00705	0.00966	-0.66681	0.01373	0.00966
CTG	CTC	GC	-0.03434	0.00632	0.00621	0.03434	0.00610	0.00621
CTG	CTA	GA	0.13283	0.01058	0.01130	-0.13283	0.01208	0.01130
CCT	TCT	CT	-0.38171	0.01776	0.01459	0.38171	0.01213	0.01459
CCT	CTT	CT	-0.26393	0.01776	0.01552	0.26393	0.01364	0.01552
CCC	TCC	CT	1.49966	0.00254	0.00490	-1.49966	0.01137	0.00490
CCC	CTC	CT	0.87105	0.00254	0.00380	-0.87105	0.00606	0.00380
CCC	CCT	CT	1.83613	0.00254	0.00554	-1.83613	0.01591	0.00554
CCA	TCA	CT	-0.24331	0.01353	0.01195	0.24331	0.01061	0.01195
CCA	CTA	CT	-0.48447	0.01353	0.01052	0.48447	0.00834	0.01052
CCA	CCT	AT	0.31343	0.00940	0.01095	-0.31343	0.01286	0.01095
CCA	CCC	AC	-1.52270	0.00842	0.00358	1.52270	0.00184	0.00358
CCG	TCG	CT	-0.10978	0.01522	0.01440	0.10978	0.01364	0.01440
CCG	CTG	CT	-0.51524	0.01522	0.01164	0.51524	0.00909	0.01164
CCG	CCT	GT	0.41549	0.01057	0.01292	-0.41549	0.01602	0.01292
CCG	CCC	GC	-1.42064	0.00947	0.00429	1.42064	0.00229	0.00429
CCG	CCA	GA	0.10206	0.01587	0.01669	-0.10206	0.01757	0.01669
CAT	TAT	CT	-0.31742	0.01353	0.01150	0.31742	0.00985	0.01150
CAT	CTT	AT	0.15928	0.00940	0.01017	-0.15928	0.01102	0.01017
CAT	CCT	AC	0.42321	0.00842	0.01033	-0.42321	0.01286	0.01033
CAC	TAC	CT	0.44984	0.00677	0.00840	-0.44984	0.01061	0.00840
CAC	CTC	AT	0.04150	0.00470	0.00480	-0.04150	0.00490	0.00480
CAC	CCC	AC	-0.82955	0.00421	0.00270	0.82955	0.00184	0.00270
CAC	CAT	CT	0.58337	0.00677	0.00893	-0.58337	0.01213	0.00893
CAA	CTA	AT	-0.33320	0.00940	0.00792	0.33320	0.00673	0.00792
CAA	CCA	AC	0.15128	0.00842	0.00907	-0.15128	0.00980	0.00907
CAA	CAT	AT	0.04150	0.00940	0.00959	-0.04150	0.00980	0.00959
CAA	CAC	AC	-0.54187	0.00842	0.00634	0.54187	0.00490	0.00634
CAG	CTG	AT	-0.56464	0.01292	0.00962	0.56464	0.00735	0.00962
CAG	CCG	AC	-0.04939	0.01158	0.01129	0.04939	0.01102	0.01129
CAG	CAT	GT	-0.05711	0.01292	0.01256	0.05711	0.01220	0.01256
CAG	CAC	GC	-0.64048	0.01158	0.00826	0.64048	0.00610	0.00826
CAG	CAA	GA	-0.09861	0.01940	0.01845	0.09861	0.01757	0.01845
CGT	TGT	CT	-0.41993	0.01269	0.01021	0.41993	0.00834	0.01021
CGT	CTT	GT	0.44366	0.00881	0.01091	-0.44366	0.01373	0.01091
CGT	CCT	GC	0.70759	0.00789	0.01101	-0.70759	0.01602	0.01101
CGT	CAT	GA	0.28438	0.01322	0.01519	-0.28438	0.01757	0.01519
CGC	TGC	CT	0.58337	0.00338	0.00447	-0.58337	0.00606	0.00447
CGC	CTC	GT	0.95449	0.00235	0.00365	-0.95449	0.00610	0.00365
CGC	CCC	GC	0.08344	0.00211	0.00219	-0.08344	0.00229	0.00219
CGC	CAC	GA	0.91299	0.00353	0.00538	-0.91299	0.00879	0.00538
CGC	CGT	CT	1.21198	0.00338	0.00584	-1.21198	0.01137	0.00584
CGA	CTA	GT	0.35665	0.00587	0.00698	-0.35665	0.00839	0.00698
CGA	CCA	GC	0.84113	0.00526	0.00778	-0.84113	0.01220	0.00778
CGA	CAA	GA	0.68985	0.00882	0.01220	-0.68985	0.01757	0.01220
CGA	CGT	AT	0.44696	0.00587	0.00728	-0.44696	0.00918	0.00728
CGA	CGC	AC	-0.76501	0.00526	0.00350	0.76501	0.00245	0.00350
CGG	TGG	CT	0.09089	0.00761	0.00796	-0.09089	0.00834	0.00796
CGG	CTG	GT	0.54903	0.00529	0.00687	-0.54903	0.00915	0.00687
CGG	CCG	GC	1.06427	0.00474	0.00770	-1.06427	0.01373	0.00770
CGG	CAG	GA	1.11366	0.00793	0.01316	-1.11366	0.02416	0.01316
CGG	CGT	GT	0.77217	0.00529	0.00759	-0.77217	0.01144	0.00759
CGG	CGC	GC	-0.43981	0.00474	0.00377	0.43981	0.00305	0.00377
CGG	CGA	GA	0.32521	0.00793	0.00929	-0.32521	0.01098	0.00929
ATT	TTT	AT	0.22382	0.01175	0.01311	-0.22382	0.01469	0.01311
ATT	CTT	AC	0.04592	0.01053	0.01077	-0.04592	0.01102	0.01077
ATC	TTC	AT	0.18126	0.01175	0.01284	-0.18126	0.01408	0.01284
ATC	CTC	AC	-0.76501	0.01053	0.00701	0.76501	0.00490	0.00701
ATC	ATT	CT	-0.10978	0.01692	0.01600	0.10978	0.01516	0.01600
ATA	TTA	AT	0.04150	0.00705	0.00720	-0.04150	0.00735	0.00720
ATA	CTA	AC	0.06426	0.00632	0.00652	-0.06426	0.00673	0.00652
ATA	ATT	AT	0.55232	0.00705	0.00917	-0.55232	0.01224	0.00917
ATA	ATC	AC	0.66210	0.00632	0.00864	-0.66210	0.01224	0.00864
ATG	TTG	AT	-0.13035	0.02232	0.02090	0.13035	0.01959	0.02090
ATG	CTG	AC	-1.00140	0.02000	0.01163	1.00140	0.00735	0.01163
ATG	ATT	GT	-0.38051	0.02232	0.01834	0.38051	0.01526	0.01834
ATG	ATC	GC	-0.27073	0.02000	0.01741	0.27073	0.01526	0.01741
ATG	ATA	GA	-0.93283	0.03350	0.02027	0.93283	0.01318	0.02027
ACT	TCT	AT	-0.23044	0.01233	0.01097	0.23044	0.00980	0.01097
ACT	CCT	AC	0.15128	0.01105	0.01191	-0.15128	0.01286	0.01191
ACT	ATT	CT	-0.15857	0.01776	0.01639	0.15857	0.01516	0.01639
ACC	TCC	AT	0.35165	0.00646	0.00766	-0.35165	0.00918	0.00766
ACC	CCC	AC	-1.14801	0.00579	0.00309	1.14801	0.00184	0.00309
ACC	ATC	CT	0.48806	0.00930	0.01176	-0.48806	0.01516	0.01176
ACC	ACT	CT	0.53685	0.00930	0.01202	-0.53685	0.01591	0.01202
ACA	TCA	AT	-0.09203	0.00940	0.00897	0.09203	0.00857	0.00897
ACA	CCA	AC	0.15128	0.00842	0.00907	-0.15128	0.00980	0.00907
ACA	ATA	CT	-0.39746	0.01353	0.01102	0.39746	0.00909	0.01102
ACA	ACT	AT	0.31343	0.00940	0.01095	-0.31343	0.01286	0.01095
ACA	ACC	AC	-0.22342	0.00842	0.00751	0.22342	0.00673	0.00751
ACG	TCG	AT	-0.15917	0.01292	0.01192	0.15917	0.01102	0.01192
ACG	CCG	AC	-0.04939	0.01158	0.01129	0.04939	0.01102	0.01129
ACG	ATG	CT	0.43677	0.01861	0.02297	-0.43677	0.02880	0.02297
ACG	ACT	GT	0.21482	0.01292	0.01436	-0.21482	0.01602	0.01436
ACG	ACC	GC	-0.32203	0.01158	0.00981	0.32203	0.00839	0.00981
ACG	ACA	GA	-0.09861	0.01940	0.01845	0.09861	0.01757	0.01845
AAT	TAT	AT	-0.72576	0.01645	0.01119	0.72576	0.00796	0.01119
AAT	CAT	AC	-0.40834	0.01474	0.01193	0.40834	0.00980	0.01193
AAT	ATT	AT	-0.29497	0.01645	0.01414	0.29497	0.01224	0.01414
AAT	ACT	AC	-0.13641	0.01474	0.01375	0.13641	0.01286	0.01375
AAC	TAC	AT	-0.45494	0.01351	0.01067	0.45494	0.00857	0.01067
AAC	CAC	AC	-0.90478	0.01210	0.00744	0.90478	0.00490	0.00744
AAC	ATC	AT	-0.09826	0.01351	0.01286	0.09826	0.01224	0.01286
AAC	ACC	AC	-0.58632	0.01210	0.00890	0.58632	0.00673	0.00890
AAC	AAT	CT	0.08693	0.01945	0.02031	-0.08693	0.02122	0.02031
AAA	CAA	AC	-0.71372	0.02000	0.01370	0.71372	0.00980	0.01370
AAA	ATA	AT	-1.11118	0.02232	0.01217	1.11118	0.00735	0.01217
AAA	ACA	AC	-0.71372	0.02000	0.01370	0.71372	0.00980	0.01370
AAA	AAT	AT	-0.26388	0.02232	0.01950	0.26388	0.01714	0.01950
AAA	AAC	AC	-0.35082	0.02000	0.01670	0.35082	0.01408	0.01670
AAG	CAG	AC	-0.83522	0.03105	0.01987	0.83522	0.01347	0.01987
AAG	ATG	AT	-0.39845	0.03465	0.02821	0.39845	0.02327	0.02821
AAG	ACG	AC	-0.83522	0.03105	0.01987	0.83522	0.01347	0.01987
AAG	AAT	GT	-0.48399	0.03465	0.02694	0.48399	0.02136	0.02694
AAG	AAC	GC	-0.57092	0.03105	0.02303	0.57092	0.01754	0.02303
AAG	AAA	GA	-0.22011	0.05201	0.04650	0.22011	0.04174	0.04650
AGT	TGT	AT	-0.96180	0.01762	0.01048	0.96180	0.00673	0.01048
AGT	CGT	AC	-0.54187	0.01579	0.01190	0.54187	0.00918	0.01190
AGT	ATT	GT	-0.14412	0.01762	0.01638	0.14412	0.01526	0.01638
AGT	ACT	GC	0.01445	0.01579	0.01590	-0.01445	0.01602	0.01590
AGT	AAT	GA	0.15085	0.02645	0.02849	-0.15085	0.03075	0.02849
AGC	TGC	AT	-0.18165	0.00587	0.00536	0.18165	0.00490	0.00536
AGC	CGC	AC	-0.76501	0.00526	0.00350	0.76501	0.00245	0.00350
AGC	ATC	GT	0.95449	0.00587	0.00912	-0.95449	0.01526	0.00912
AGC	ACC	GC	0.46643	0.00526	0.00659	-0.46643	0.00839	0.00659
AGC	AAC	GA	1.05275	0.00882	0.01426	-1.05275	0.02526	0.01426
AGC	AGT	CT	0.98883	0.00846	0.01332	-0.98883	0.02274	0.01332
AGA	CGA	AC	-1.25971	0.02158	0.01077	1.25971	0.00612	0.01077
AGA	ATA	GT	-0.96732	0.02408	0.01428	0.96732	0.00915	0.01428
AGA	ACA	GC	-0.56986	0.02158	0.01601	0.56986	0.01220	0.01601
AGA	AAA	GA	0.14386	0.03615	0.03881	-0.14386	0.04174	0.03881
AGA	AGT	AT	-0.27088	0.02408	0.02097	0.27088	0.01837	0.02097
AGA	AGC	AC	-1.25971	0.02158	0.01077	1.25971	0.00612	0.01077
AGG	TGG	AT	-1.17152	0.02173	0.01143	1.17152	0.00673	0.01143
AGG	CGG	AC	-1.26242	0.01947	0.00970	1.26242	0.00551	0.00970
AGG	ATG	GT	0.28801	0.02173	0.02501	-0.28801	0.02899	0.02501
AGG	ACG	GC	-0.14875	0.01947	0.01806	0.14875	0.01678	0.01806
AGG	AAG	GA	0.68647	0.03262	0.04509	-0.68647	0.06480	0.04509
AGG	AGT	GT	0.05162	0.02173	0.02230	-0.05162	0.02288	0.02230
AGG	AGC	GC	-0.93721	0.01947	0.01175	0.93721	0.00763	0.01175
AGG	AGA	GA	0.32250	0.03262	0.03816	-0.32250	0.04503	0.03816
GTT	TTT	GT	-0.29827	0.02467	0.02117	0.29827	0.01831	0.02117
GTT	CTT	GC	-0.47618	0.02210	0.01726	0.47618	0.01373	0.01726
GTT	ATT	GA	-0.52209	0.03703	0.02820	0.52209	0.02197	0.02820
GTC	TTC	GT	1.19961	0.00529	0.00908	-1.19961	0.01754	0.00908
GTC	CTC	GC	0.25334	0.00474	0.00536	-0.25334	0.00610	0.00536
GTC	ATC	GA	1.01835	0.00793	0.01265	-1.01835	0.02197	0.01265
GTC	GTT	CT	1.43067	0.00761	0.01431	-1.43067	0.03183	0.01431
GTA	TTA	GT	0.34835	0.00646	0.00765	-0.34835	0.00915	0.00765
GTA	CTA	GC	0.37112	0.00579	0.00693	-0.37112	0.00839	0.00693
GTA	ATA	GA	0.30686	0.00970	0.01126	-0.30686	0.01318	0.01126
GTA	GTT	AT	1.38127	0.00646	0.01192	-1.38127	0.02571	0.01192
GTA	GTC	AC	-0.04939	0.00579	0.00565	0.04939	0.00551	0.00565
GTG	TTG	GT	0.14356	0.02114	0.02270	-0.14356	0.02441	0.02270
GTG	CTG	GC	-0.72749	0.01895	0.01288	0.72749	0.00915	0.01288
GTG	ATG	GA	0.27391	0.03174	0.03628	-0.27391	0.04174	0.03628
GTG	GTT	GT	0.41549	0.02114	0.02584	-0.41549	0.03204	0.02584
GTG	GTC	GC	-1.01517	0.01895	0.01093	1.01517	0.00686	0.01093
GTG	GTA	GA	-0.96578	0.03174	0.01884	0.96578	0.01208	0.01884
GCT	TCT	GT	-0.33336	0.01703	0.01435	0.33336	0.01220	0.01435
GCT	CCT	GC	0.04835	0.01526	0.01563	-0.04835	0.01602	0.01563
GCT	ACT	GA	-0.10293	0.02557	0.02427	0.10293	0.02307	0.02427
GCT	GTT	CT	0.26060	0.02453	0.02786	-0.26060	0.03183	0.02786
GCC	TCC	GT	1.02348	0.00411	0.00657	-1.02348	0.01144	0.00657
GCC	CCC	GC	-0.47618	0.00368	0.00288	0.47618	0.00229	0.00288
GCC	ACC	GA	0.67183	0.00617	0.00847	-0.67183	0.01208	0.00847
GCC	GTC	CT	0.14154	0.00592	0.00635	-0.14154	0.00682	0.00635
GCC	GCT	CT	1.31161	0.00592	0.01063	-1.31161	0.02198	0.01063
GCA	TCA	GT	0.41549	0.00705	0.00861	-0.41549	0.01068	0.00861
GCA	CCA	GC	0.65880	0.00632	0.00862	-0.65880	0.01220	0.00862
GCA	ACA	GA	0.50753	0.01058	0.01349	-0.50753	0.01757	0.01349
GCA	GTA	CT	-0.19679	0.01015	0.00918	0.19679	0.00834	0.00918
GCA	GCT	AT	0.92389	0.00705	0.01080	-0.92389	0.01775	0.01080
GCA	GCC	AC	-0.38772	0.00632	0.00517	0.38772	0.00429	0.00517
GCG	TCG	GT	0.95449	0.00529	0.00820	-0.95449	0.01373	0.00820
GCG	CCG	GC	1.06427	0.00474	0.00770	-1.06427	0.01373	0.00770
GCG	ACG	GA	1.11366	0.00793	0.01316	-1.11366	0.02416	0.01316
GCG	GTG	CT	1.27652	0.00761	0.01348	-1.27652	0.02728	0.01348
GCG	GCT	GT	1.43141	0.00529	0.00994	-1.43141	0.02212	0.00994
GCG	GCC	GC	0.11981	0.00474	0.00503	-0.11981	0.00534	0.00503
GCG	GCA	GA	0.50753	0.00793	0.01012	-0.50753	0.01318	0.01012
GAT	TAT	GT	-1.23415	0.03407	0.01726	1.23415	0.00992	0.01726
GAT	CAT	GC	-0.91673	0.03052	0.01864	0.91673	0.01220	0.01864
GAT	AAT	GA	-0.50839	0.05113	0.03923	0.50839	0.03075	0.03923
GAT	GTT	AT	-0.28128	0.03407	0.02950	0.28128	0.02571	0.02950
GAT	GCT	AC	-0.54187	0.03052	0.02300	0.54187	0.01775	0.02300
GAC	TAC	GT	-0.43180	0.01645	0.01315	0.43180	0.01068	0.01315
GAC	CAC	GC	-0.88164	0.01474	0.00918	0.88164	0.00610	0.00918
GAC	AAC	GA	0.02314	0.02468	0.02497	-0.02314	0.02526	0.02497
GAC	GTC	AT	-1.09348	0.01645	0.00906	1.09348	0.00551	0.00906
GAC	GCC	AC	-1.23502	0.01474	0.00746	1.23502	0.00429	0.00746
GAC	GAT	CT	0.61846	0.02368	0.03175	-0.61846	0.04395	0.03175
GAA	CAA	GC	-0.93383	0.03105	0.01878	0.93383	0.01220	0.01878
GAA	AAA	GA	-0.22011	0.05201	0.04650	0.22011	0.04174	0.04650
GAA	GTA	AT	-1.63814	0.03465	0.01369	1.63814	0.00673	0.01369
GAA	GCA	AC	-1.44136	0.03105	0.01387	1.44136	0.00735	0.01387
GAA	GAT	AT	0.02440	0.03465	0.03508	-0.02440	0.03551	0.03508
GAA	GAC	AC	-0.59406	0.03105	0.02274	0.59406	0.01714	0.02274
GAG	CAG	GC	-1.00374	0.04579	0.02659	1.00374	0.01678	0.02659
GAG	AAG	GA	-0.16852	0.07670	0.07042	0.16852	0.06480	0.07042
GAG	GTG	AT	-0.84089	0.05110	0.03259	0.84089	0.02204	0.03259
GAG	GCG	AC	-2.11741	0.04579	0.01326	2.11741	0.00551	0.01326
GAG	GAT	GT	-0.14412	0.05110	0.04751	0.14412	0.04424	0.04751
GAG	GAC	GC	-0.76258	0.04579	0.03053	0.76258	0.02136	0.03053
GAG	GAA	GA	-0.16852	0.07670	0.07042	0.16852	0.06480	0.07042
GGT	TGT	GT	-0.23113	0.01057	0.00940	0.23113	0.00839	0.00940
GGT	CGT	GC	0.18880	0.00947	0.01040	-0.18880	0.01144	0.01040
GGT	AGT	GA	0.73067	0.01587	0.02237	-0.73067	0.03295	0.02237
GGT	GTT	GT	1.10864	0.01057	0.01749	-1.10864	0.03204	0.01749
GGT	GCT	GC	0.84805	0.00947	0.01405	-0.84805	0.02212	0.01405
GGT	GAT	GA	1.38992	0.01587	0.02937	-1.38992	0.06371	0.02937
GGC	TGC	GT	0.26134	0.00470	0.00534	-0.26134	0.00610	0.00534
GGC	CGC	GC	-0.32203	0.00421	0.00357	0.32203	0.00305	0.00357
GGC	AGC	GA	0.44299	0.00705	0.00873	-0.44299	0.01098	0.00873
GGC	GTC	GT	0.37913	0.00470	0.00565	-0.37913	0.00686	0.00565
GGC	GCC	GC	0.23759	0.00421	0.00473	-0.23759	0.00534	0.00473
GGC	GAC	GA	1.47261	0.00705	0.01348	-1.47261	0.03075	0.01348
GGC	GGT	CT	0.70115	0.00677	0.00941	-0.70115	0.01364	0.00941
GGA	CGA	GC	-1.03987	0.02158	0.01227	1.03987	0.00763	0.01227
GGA	AGA	GA	0.21985	0.03615	0.04026	-0.21985	0.04503	0.04026
GGA	GTA	GT	-1.05433	0.02408	0.01358	1.05433	0.00839	0.01358
GGA	GCA	GC	-0.85754	0.02158	0.01363	0.85754	0.00915	0.01363
GGA	GAA	GA	0.58381	0.03615	0.04772	-0.58381	0.06480	0.04772
GGA	GGT	AT	-0.78170	0.02408	0.01588	0.78170	0.01102	0.01588
GGA	GGC	AC	-1.48285	0.02158	0.00940	1.48285	0.00490	0.00940
GGG	TGG	GT	0.09429	0.00764	0.00800	-0.09429	0.00839	0.00800
GGG	CGG	GC	0.00340	0.00684	0.00685	-0.00340	0.00686	0.00685
GGG	AGG	GA	1.26581	0.01146	0.02021	-1.26581	0.04064	0.02021
GGG	GTG	GT	1.27991	0.00764	0.01354	-1.27991	0.02746	0.01354
GGG	GCG	GC	0.00340	0.00684	0.00685	-0.00340	0.00686	0.00685
GGG	GAG	GA	2.12080	0.01146	0.02762	-2.12080	0.09556	0.02762
GGG	GGT	GT	0.58677	0.00764	0.01009	-0.58677	0.01373	0.01009
GGG	GGC	GC	-0.11439	0.00684	0.00646	0.11439	0.00610	0.00646
GGG	GGA	GA	1.36847	0.01146	0.02104	-1.36847	0.04503	0.02104


Histograms
2Ns	FMut	FSub(CodonUsage)	FSubw(after w)

-2.01981	0.01763	0.00552
-1.81783	0.00199	0.00075
-1.61585	0.00537	0.00233
-1.41387	0.04174	0.02062
-1.21189	0.04439	0.02455
-1.00991	0.07292	0.04612
-0.80793	0.06930	0.04916
-0.60594	0.08568	0.06813
-0.40396	0.08452	0.07456
-0.20198	0.15639	0.15310
0.00000	0.10195	0.11032
0.20198	0.12840	0.15310
0.40396	0.05690	0.07456
0.60594	0.04761	0.06813
0.80793	0.03137	0.04916
1.00991	0.02702	0.04612
1.21189	0.01310	0.02455
1.41387	0.01023	0.02062
1.61585	0.00107	0.00233
1.81783	0.00032	0.00075
2.01981	0.00212	0.00552

Proportion of advantageous (S > 0) mutations:
 0.36779

Proportions of good & bad mutations (|S| > 2.0000) among mutations:
0.00212  0.01763

mean |Ns| = 0.57481	mean Ns+ = 0.45317	mean Ns- = -0.64557


MLEs of dN/dS (w) for site classes (K=4)

site class             0        1       2a       2b
proportion       0.61743  0.28587  0.06609  0.03060
background w     0.13067  1.00000  0.13067  1.00000
foreground w     0.13067  1.00000  1.00000  1.00000

Naive Empirical Bayes (NEB) probabilities for 4 classes
(amino acids refer to 1st sequence: AT2G33500_AT2G33500.1_Athaliana_Araport11)

   1 S   0.48044 0.42286 0.05143 0.04526 ( 1)
   2 N   0.88956 0.01374 0.09522 0.00147 ( 1)
   3 E   0.73439 0.16892 0.07861 0.01808 ( 1)
   4 L   0.86908 0.03423 0.09303 0.00366 ( 1)
   5 I   0.89268 0.01063 0.09555 0.00114 ( 1)
   6 V   0.86819 0.03512 0.09293 0.00376 ( 1)
   7 P   0.78189 0.12142 0.08369 0.01300 ( 1)
   8 Y   0.02228 0.88103 0.00239 0.09431 ( 2)
   9 D   0.87694 0.02637 0.09387 0.00282 ( 1)
  10 V   0.22300 0.68031 0.02387 0.07282 ( 2)
  11 S   0.34560 0.55771 0.03699 0.05970 ( 2)
  12 C   0.08779 0.81552 0.00940 0.08729 ( 2)
  13 K   0.87032 0.03299 0.09316 0.00353 ( 1)
  14 K   0.79032 0.11298 0.08460 0.01209 ( 1)
  15 Q   0.59539 0.30792 0.06373 0.03296 ( 1)
  16 S   0.08128 0.82203 0.00870 0.08799 ( 2)
  17 F   0.21056 0.69275 0.02254 0.07415 ( 2)
  18 S   0.80073 0.10258 0.08571 0.01098 ( 1)
  19 F   0.75449 0.14882 0.08076 0.01593 ( 1)
  20 G   0.89055 0.01276 0.09532 0.00137 ( 1)
  21 R   0.74283 0.16048 0.07951 0.01718 ( 1)
  22 S   0.72287 0.18044 0.07738 0.01931 ( 1)
  23 K   0.77723 0.09424 0.11844 0.01009 ( 1)
  24 Q   0.04181 0.85320 0.01367 0.09133 ( 2)
  25 V   0.00151 0.90144 0.00057 0.09649 ( 2)
  26 V   0.12998 0.73813 0.05288 0.07901 ( 2)
  27 F   0.96989 0.00104 0.02896 0.00011 ( 1)
  28 E   0.01831 0.88314 0.00402 0.09453 ( 2)
  29 Q   0.40487 0.04084 0.54991 0.00437 ( 3)
  30 L   0.96965 0.00003 0.03032 0.00000 ( 1)
  31 E   0.19247 0.71084 0.02060 0.07609 ( 2)
  32 L   0.24209 0.66122 0.02591 0.07078 ( 2)
  33 L   0.88103 0.02228 0.09431 0.00239 ( 1)
  34 K   0.15204 0.75127 0.01627 0.08042 ( 2)
  35 R   0.68760 0.21571 0.07360 0.02309 ( 1)
  36 G   0.42769 0.47561 0.04578 0.05091 ( 2)
  37 F   0.70368 0.19963 0.07532 0.02137 ( 1)
  38 V   0.59432 0.30899 0.06362 0.03307 ( 1)
  39 E   0.04497 0.85834 0.00481 0.09188 ( 2)
  40 G   0.32116 0.58215 0.03438 0.06231 ( 2)
  41 E   0.93966 0.01244 0.04656 0.00133 ( 1)
  42 G   0.95921 0.00386 0.03652 0.00041 ( 1)
  43 E   0.89559 0.04923 0.04991 0.00527 ( 1)
  44 I   0.79516 0.00473 0.19960 0.00051 ( 1)
  45 M   0.01984 0.86561 0.02190 0.09266 ( 2)
  46 V   0.90145 0.05199 0.04099 0.00557 ( 1)
  47 P   0.86293 0.07137 0.05806 0.00764 ( 1)
  48 E   0.54770 0.35449 0.05987 0.03794 ( 1)
  49 -   0.03414 0.81165 0.06733 0.08688 ( 2)
  50 -   0.09968 0.80677 0.00720 0.08636 ( 2)
  51 -   0.03538 0.86470 0.00736 0.09256 ( 2)
  52 -   0.95804 0.01359 0.02692 0.00145 ( 1)
  53 -   0.95865 0.00602 0.03468 0.00064 ( 1)
  54 -   0.79285 0.15318 0.03757 0.01640 ( 1)
  55 -   0.89719 0.07475 0.02006 0.00800 ( 1)
  56 -   0.00635 0.89091 0.00738 0.09536 ( 2)
  57 -   0.95868 0.00434 0.03652 0.00046 ( 1)
  58 -   0.96141 0.00296 0.03530 0.00032 ( 1)
  59 -   0.95535 0.00489 0.03923 0.00052 ( 1)
  60 -   0.12777 0.75351 0.03806 0.08066 ( 2)
  61 -   0.80172 0.12155 0.06372 0.01301 ( 1)
  62 -   0.76963 0.16904 0.04323 0.01809 ( 1)
  63 -   0.95797 0.00115 0.04075 0.00012 ( 1)
  64 I   0.92448 0.02855 0.04391 0.00306 ( 1)
  65 S   0.00075 0.90246 0.00019 0.09660 ( 2)
  66 Q   0.74865 0.00162 0.24956 0.00017 ( 1)
  67 Q   0.76879 0.00004 0.23117 0.00000 ( 1)
  68 W   0.66613 0.11370 0.20800 0.01217 ( 1)
  69 N   0.40771 0.42574 0.12098 0.04557 ( 2)
  70 A   0.97226 0.00203 0.02549 0.00022 ( 1)
  71 -   0.00193 0.89930 0.00251 0.09626 ( 2)
  72 -   0.63313 0.30441 0.02988 0.03258 ( 1)
  73 T   0.93165 0.02541 0.04022 0.00272 ( 1)
  74 N   0.93565 0.01954 0.04271 0.00209 ( 1)
  75 H   0.54692 0.27685 0.14660 0.02963 ( 1)
  76 S   0.28491 0.61989 0.02885 0.06635 ( 2)
  77 D   0.87340 0.02991 0.09349 0.00320 ( 1)
  78 F   0.88790 0.01541 0.09504 0.00165 ( 1)
  79 N   0.89084 0.01247 0.09536 0.00133 ( 1)
  80 L   0.94728 0.00524 0.04692 0.00056 ( 1)
  81 G   0.43607 0.48426 0.02784 0.05184 ( 2)
  82 Q   0.86916 0.06444 0.05951 0.00690 ( 1)
  83 S   0.91247 0.05143 0.03059 0.00551 ( 1)
  84 R   0.10237 0.80575 0.00564 0.08625 ( 2)
  85 N   0.00168 0.90159 0.00022 0.09651 ( 2)
  86 P   0.87973 0.02358 0.09417 0.00252 ( 1)
  87 D   0.48895 0.41436 0.05234 0.04435 ( 1)
  88 E   0.23710 0.66621 0.02538 0.07131 ( 2)
  89 P   0.07107 0.83224 0.00761 0.08908 ( 2)
  90 S   0.46653 0.43678 0.04994 0.04675 ( 1)
  91 P   0.51388 0.38943 0.05501 0.04168 ( 1)
  92 E   0.59821 0.30510 0.06403 0.03266 ( 1)
  93 D   0.21193 0.69138 0.02269 0.07401 ( 2)
  94 S   0.67071 0.23260 0.07179 0.02490 ( 1)
  95 V   0.14144 0.76187 0.01514 0.08155 ( 2)
  96 H   0.04604 0.85727 0.00493 0.09176 ( 2)
  97 I   0.05913 0.84418 0.00633 0.09036 ( 2)
  98 P   0.88174 0.02157 0.09438 0.00231 ( 1)
  99 A   0.13766 0.76565 0.01474 0.08196 ( 2)
 100 D   0.07884 0.82447 0.00844 0.08825 ( 2)
 101 S   0.30728 0.59603 0.03289 0.06380 ( 2)
 102 C   0.83036 0.07295 0.08888 0.00781 ( 1)
 103 G   0.04435 0.85895 0.00475 0.09194 ( 2)
 104 L   0.10269 0.80062 0.01099 0.08570 ( 2)
 105 H   0.81405 0.08926 0.08714 0.00955 ( 1)
 106 C   0.81388 0.08943 0.08712 0.00957 ( 1)
 107 T   0.31547 0.58784 0.03377 0.06292 ( 2)
 108 E   0.84837 0.05494 0.09081 0.00588 ( 1)
 109 H   0.00755 0.88472 0.01303 0.09470 ( 2)
 110 I   0.94984 0.00965 0.03948 0.00103 ( 1)
 111 -   0.96913 0.00311 0.02743 0.00033 ( 1)
 112 -   0.08678 0.75959 0.07232 0.08131 ( 2)
 113 -   0.07026 0.78675 0.05877 0.08421 ( 2)
 114 -   0.17458 0.50126 0.27051 0.05365 ( 2)
 115 -   0.81345 0.14273 0.02854 0.01528 ( 1)
 116 -   0.95436 0.01720 0.02659 0.00184 ( 1)
 117 -   0.78022 0.16570 0.03635 0.01774 ( 1)
 118 -   0.58741 0.23433 0.15319 0.02508 ( 1)
 119 -   0.93638 0.02343 0.03768 0.00251 ( 1)
 120 -   0.23073 0.47360 0.24498 0.05069 ( 2)
 121 -   0.93835 0.02143 0.03793 0.00229 ( 1)
 122 -   0.96281 0.00933 0.02686 0.00100 ( 1)
 123 -   0.66878 0.19559 0.11470 0.02094 ( 1)
 124 -   0.95090 0.01610 0.03127 0.00172 ( 1)
 125 -   0.42264 0.49745 0.02666 0.05325 ( 2)
 126 -   0.27100 0.60952 0.05424 0.06524 ( 2)
 127 -   0.75024 0.11183 0.12596 0.01197 ( 1)
 128 -   0.73197 0.20437 0.04178 0.02188 ( 1)
 129 -   0.28472 0.43381 0.23503 0.04644 ( 2)
 130 -   0.95041 0.01568 0.03223 0.00168 ( 1)
 131 -   0.93425 0.02546 0.03757 0.00273 ( 1)
 132 -   0.89536 0.05157 0.04755 0.00552 ( 1)
 133 -   0.77155 0.10498 0.11224 0.01124 ( 1)
 134 -   0.92601 0.02805 0.04294 0.00300 ( 1)
 135 -   0.95334 0.01394 0.03123 0.00149 ( 1)
 136 -   0.16764 0.70386 0.05316 0.07534 ( 2)
 137 -   0.09879 0.74288 0.07880 0.07952 ( 2)
 138 -   0.89626 0.05286 0.04522 0.00566 ( 1)
 139 -   0.64669 0.21270 0.11784 0.02277 ( 1)
 140 -   0.94379 0.02134 0.03258 0.00228 ( 1)
 141 -   0.78546 0.07649 0.12986 0.00819 ( 1)
 142 -   0.92762 0.02777 0.04164 0.00297 ( 1)
 143 -   0.13502 0.77195 0.01041 0.08263 ( 2)
 144 -   0.79936 0.15088 0.03360 0.01615 ( 1)
 145 -   0.93052 0.02830 0.03815 0.00303 ( 1)
 146 -   0.17114 0.52564 0.24696 0.05626 ( 2)
 147 -   0.19683 0.54601 0.19872 0.05845 ( 2)
 148 -   0.79575 0.09075 0.10379 0.00971 ( 1)
 149 -   0.55219 0.38581 0.02070 0.04130 ( 1)
 150 -   0.94636 0.01077 0.04171 0.00115 ( 1)
 151 -   0.42291 0.27017 0.27800 0.02892 ( 1)
 152 A   0.76017 0.18637 0.03351 0.01995 ( 1)
 153 I   0.50866 0.42040 0.02594 0.04500 ( 1)
 154 T   0.76287 0.12871 0.09465 0.01378 ( 1)
 155 S   0.94301 0.01105 0.04475 0.00118 ( 1)
 156 T   0.79545 0.12730 0.06362 0.01363 ( 1)
 157 R   0.14089 0.67933 0.10707 0.07272 ( 2)
 158 L   0.00599 0.88594 0.01323 0.09483 ( 2)
 159 V   0.95996 0.00558 0.03387 0.00060 ( 1)
 160 A   0.40741 0.09337 0.48923 0.00999 ( 3)
 161 V   0.00131 0.90149 0.00071 0.09650 ( 2)
 162 T   0.65884 0.27525 0.03644 0.02946 ( 1)
 163 -   0.73185 0.21705 0.02786 0.02323 ( 1)
 164 -   0.07409 0.82482 0.01280 0.08829 ( 2)
 165 -   0.36517 0.36131 0.23485 0.03868 ( 1)
 166 -   0.04167 0.85549 0.01126 0.09157 ( 2)
 167 -   0.93922 0.02231 0.03608 0.00239 ( 1)
 168 -   0.04484 0.82162 0.04559 0.08795 ( 2)
 169 -   0.76139 0.18574 0.03298 0.01988 ( 1)
 170 -   0.35929 0.37266 0.22816 0.03989 ( 2)
 171 -   0.67831 0.25625 0.03801 0.02743 ( 1)
 172 -   0.90975 0.04153 0.04427 0.00445 ( 1)
 173 -   0.65561 0.27522 0.03971 0.02946 ( 1)
 174 -   0.68354 0.16831 0.13014 0.01802 ( 1)
 175 N   0.23598 0.19848 0.54430 0.02125 ( 3)
 176 A   0.88406 0.06900 0.03955 0.00739 ( 1)
 177 D   0.80802 0.00949 0.18148 0.00102 ( 1)
 178 L   0.35129 0.38837 0.21877 0.04157 ( 2)
 179 E   0.95427 0.00046 0.04522 0.00005 ( 1)
 180 R   0.86646 0.03685 0.09275 0.00394 ( 1)
 181 D   0.00234 0.90063 0.00063 0.09640 ( 2)
 182 N   0.01832 0.88328 0.00385 0.09455 ( 2)
 183 -   0.80433 0.08827 0.09796 0.00945 ( 1)
 184 -   0.66878 0.19559 0.11470 0.02094 ( 1)
 185 -   0.65155 0.20793 0.11826 0.02226 ( 1)
 186 -   0.26382 0.61864 0.05133 0.06622 ( 2)
 187 -   0.03766 0.85967 0.01065 0.09202 ( 2)
 188 -   0.71162 0.23018 0.03356 0.02464 ( 1)
 189 -   0.34184 0.53261 0.06854 0.05701 ( 2)
 190 -   0.07244 0.79335 0.04929 0.08492 ( 2)
 191 -   0.92025 0.03042 0.04608 0.00326 ( 1)
 192 -   0.44750 0.27600 0.24695 0.02954 ( 1)
 193 -   0.94475 0.01961 0.03353 0.00210 ( 1)
 194 -   0.92168 0.03320 0.04157 0.00355 ( 1)
 195 -   0.92940 0.02882 0.03869 0.00308 ( 1)
 196 -   0.70428 0.22788 0.04344 0.02439 ( 1)
 197 -   0.97010 0.00569 0.02360 0.00061 ( 1)
 198 -   0.27316 0.60527 0.05678 0.06479 ( 2)
 199 A   0.95675 0.00018 0.04306 0.00002 ( 1)
 200 M   0.96125 0.00170 0.03686 0.00018 ( 1)
 201 -   0.96513 0.00889 0.02502 0.00095 ( 1)
 202 -   0.23848 0.50940 0.19759 0.05453 ( 2)
 203 -   0.78450 0.09604 0.10917 0.01028 ( 1)
 204 -   0.97512 0.00357 0.02092 0.00038 ( 1)
 205 -   0.56649 0.25628 0.14980 0.02743 ( 1)
 206 -   0.46383 0.26883 0.23856 0.02878 ( 1)
 207 Q   0.87068 0.00679 0.12181 0.00073 ( 1)
 208 -   0.82882 0.12808 0.02940 0.01371 ( 1)
 209 -   0.18940 0.72179 0.01155 0.07726 ( 2)
 210 -   0.95981 0.00311 0.03674 0.00033 ( 1)
 211 -   0.97512 0.00357 0.02092 0.00038 ( 1)
 212 -   0.16082 0.70204 0.06199 0.07515 ( 2)
 213 -   0.38559 0.50146 0.05928 0.05368 ( 2)
 214 -   0.75375 0.18857 0.03749 0.02018 ( 1)
 215 -   0.12538 0.75479 0.03904 0.08079 ( 2)
 216 -   0.24708 0.49528 0.20462 0.05302 ( 2)
 217 -   0.76780 0.17837 0.03474 0.01909 ( 1)
 218 -   0.89815 0.04790 0.04883 0.00513 ( 1)
 219 -   0.15499 0.72978 0.03711 0.07812 ( 2)
 220 -   0.13811 0.56627 0.23500 0.06061 ( 2)
 221 -   0.50761 0.41271 0.03550 0.04418 ( 1)
 222 -   0.68195 0.16410 0.13639 0.01757 ( 1)
 223 -   0.42837 0.44892 0.07465 0.04805 ( 2)
 224 -   0.04940 0.85025 0.00934 0.09101 ( 2)
 225 -   0.90329 0.06605 0.02359 0.00707 ( 1)
 226 -   0.18589 0.72265 0.01410 0.07735 ( 2)
 227 -   0.93832 0.02309 0.03612 0.00247 ( 1)
 228 -   0.29825 0.62073 0.01458 0.06644 ( 2)
 229 -   0.06084 0.80829 0.04435 0.08652 ( 2)
 230 -   0.78527 0.07513 0.13156 0.00804 ( 1)
 231 -   0.69258 0.24581 0.03530 0.02631 ( 1)
 232 -   0.11236 0.65668 0.16067 0.07029 ( 2)
 233 -   0.82838 0.12616 0.03195 0.01350 ( 1)
 234 -   0.56566 0.25643 0.15046 0.02745 ( 1)
 235 -   0.72836 0.21346 0.03534 0.02285 ( 1)
 236 -   0.11460 0.65695 0.15813 0.07032 ( 2)
 237 -   0.03327 0.86635 0.00764 0.09273 ( 2)
 238 -   0.27552 0.64359 0.01200 0.06889 ( 2)
 239 -   0.85544 0.03648 0.10418 0.00390 ( 1)
 240 -   0.89643 0.06583 0.03069 0.00705 ( 1)
 241 -   0.33683 0.53712 0.06856 0.05749 ( 2)
 242 -   0.13544 0.69280 0.09760 0.07416 ( 2)
 243 -   0.02037 0.85508 0.03302 0.09153 ( 2)
 244 -   0.04850 0.85223 0.00805 0.09122 ( 2)
 245 -   0.94536 0.01378 0.03939 0.00148 ( 1)
 246 -   0.21215 0.70153 0.01123 0.07509 ( 2)
 247 -   0.73627 0.20637 0.03527 0.02209 ( 1)
 248 -   0.28725 0.43210 0.23439 0.04625 ( 2)
 249 -   0.93600 0.02546 0.03581 0.00273 ( 1)
 250 -   0.94085 0.02846 0.02765 0.00305 ( 1)
 251 -   0.83423 0.08850 0.06780 0.00947 ( 1)
 252 -   0.95219 0.00634 0.04079 0.00068 ( 1)
 253 -   0.93546 0.01467 0.04830 0.00157 ( 1)
 254 -   0.97818 0.00134 0.02034 0.00014 ( 1)
 255 -   0.95819 0.00512 0.03615 0.00055 ( 1)
 256 -   0.95366 0.00576 0.03996 0.00062 ( 1)
 257 -   0.88182 0.05609 0.05608 0.00600 ( 1)
 258 R   0.96274 0.00006 0.03719 0.00001 ( 1)
 259 Y   0.97093 0.00000 0.02907 0.00000 ( 1)
 260 K   0.81116 0.00607 0.18212 0.00065 ( 1)
 261 E   0.95119 0.00039 0.04837 0.00004 ( 1)
 262 K   0.96341 0.00005 0.03653 0.00001 ( 1)
 263 K   0.95584 0.00409 0.03963 0.00044 ( 1)
 264 K   0.95579 0.00047 0.04369 0.00005 ( 1)
 265 T   0.96629 0.00330 0.03006 0.00035 ( 1)
 266 R   0.96408 0.00004 0.03588 0.00000 ( 1)
 267 R   0.89445 0.05257 0.04736 0.00563 ( 1)
 268 Y   0.96495 0.00005 0.03499 0.00001 ( 1)
 269 D   0.76518 0.17247 0.04388 0.01846 ( 1)
 270 K   0.96353 0.00005 0.03641 0.00001 ( 1)
 271 T   0.87963 0.07316 0.03937 0.00783 ( 1)
 272 I   0.98214 0.00000 0.01786 0.00000 ( 1)
 273 R   0.95851 0.00008 0.04140 0.00001 ( 1)
 274 Y   0.97673 0.00000 0.02327 0.00000 ( 1)
 275 E   0.94752 0.00349 0.04861 0.00037 ( 1)
 276 T   0.89364 0.04738 0.05391 0.00507 ( 1)
 277 R   0.97190 0.00002 0.02808 0.00000 ( 1)
 278 K   0.96602 0.00004 0.03393 0.00000 ( 1)
 279 A   0.88618 0.04164 0.06773 0.00446 ( 1)
 280 R   0.95705 0.01166 0.03004 0.00125 ( 1)
 281 A   0.96984 0.00000 0.03016 0.00000 ( 1)
 282 E   0.94783 0.00360 0.04819 0.00038 ( 1)
 283 T   0.60339 0.18638 0.19028 0.01995 ( 1)
 284 R   0.95897 0.00006 0.04096 0.00001 ( 1)
 285 L   0.95200 0.01171 0.03503 0.00125 ( 1)
 286 R   0.96595 0.00010 0.03394 0.00001 ( 1)
 287 V   0.95617 0.00059 0.04318 0.00006 ( 1)
 288 K   0.96232 0.00338 0.03394 0.00036 ( 1)
 289 G   0.97244 0.00003 0.02753 0.00000 ( 1)
 290 R   0.96842 0.00018 0.03137 0.00002 ( 1)
 291 F   0.96556 0.00001 0.03442 0.00000 ( 1)
 292 V   0.95803 0.00207 0.03968 0.00022 ( 1)
 293 K   0.96353 0.00005 0.03641 0.00001 ( 1)
 294 A   0.95739 0.00361 0.03861 0.00039 ( 1)
 295 T   0.91438 0.03737 0.04425 0.00400 ( 1)
 296 D   0.29859 0.60984 0.02630 0.06528 ( 2)
 297 P   0.81976 0.12314 0.04392 0.01318 ( 1)
 298 -   0.89241 0.01089 0.09552 0.00117 ( 1)
 299 -   0.87946 0.02385 0.09414 0.00255 ( 1)
 300 -   0.00147 0.89629 0.00630 0.09594 ( 2)
 301 -   0.03546 0.80759 0.07051 0.08645 ( 2)


lnL = -4007.961817
