Supplemental results for CODEML (seqf: aligned.fas  treef: AT2G47890_AT2G47890.1_Athaliana_Araport11.treefile)

I	J	ij	2Ns_IJ	pMut_IJ	pSub_IJ	2Ns_JI	pMut_JI	pSub_JI

TTC	TTT	CT	-0.08967	0.01960	0.01873	0.08967	0.01792	0.01873
TTA	TTT	AT	0.70088	0.00688	0.00957	-0.70088	0.01386	0.00957
TTA	TTC	AC	0.79056	0.00603	0.00872	-0.79056	0.01328	0.00872
TTG	TTT	GT	-0.00185	0.01834	0.01832	0.00185	0.01831	0.01832
TTG	TTC	GC	0.08782	0.01607	0.01678	-0.08782	0.01754	0.01678
TTG	TTA	GA	-0.70273	0.02748	0.01895	0.70273	0.01361	0.01895
TCT	TTT	CT	0.27323	0.01363	0.01558	-0.27323	0.01792	0.01558
TCC	TTC	CT	0.29521	0.01278	0.01476	-0.29521	0.01717	0.01476
TCC	TCT	CT	-0.06770	0.01278	0.01235	0.06770	0.01195	0.01235
TCA	TTA	CT	-0.28638	0.01193	0.01030	0.28638	0.00896	0.01030
TCA	TCT	AT	0.14127	0.00802	0.00860	-0.14127	0.00924	0.00860
TCA	TCC	AC	0.20896	0.00703	0.00779	-0.20896	0.00866	0.00779
TCG	TTG	CT	0.44313	0.01534	0.01899	-0.44313	0.02389	0.01899
TCG	TCT	GT	0.16805	0.01032	0.01121	-0.16805	0.01220	0.01121
TCG	TCC	GC	0.23574	0.00904	0.01015	-0.23574	0.01144	0.01015
TCG	TCA	GA	0.02678	0.01546	0.01567	-0.02678	0.01588	0.01567
TAT	TTT	AT	0.62084	0.00745	0.01000	-0.62084	0.01386	0.01000
TAT	TCT	AC	0.34761	0.00653	0.00773	-0.34761	0.00924	0.00773
TAC	TTC	AT	0.50417	0.00802	0.01022	-0.50417	0.01328	0.01022
TAC	TCC	AC	0.20896	0.00703	0.00779	-0.20896	0.00866	0.00779
TAC	TAT	CT	-0.20634	0.01193	0.01074	0.20634	0.00971	0.01074
TGT	TTT	GT	1.06599	0.00630	0.01025	-1.06599	0.01831	0.01025
TGT	TCT	GC	0.79276	0.00552	0.00800	-0.79276	0.01220	0.00800
TGT	TAT	GA	0.44515	0.00945	0.01170	-0.44515	0.01474	0.01170
TGC	TTC	GT	1.34188	0.00459	0.00833	-1.34188	0.01754	0.00833
TGC	TCC	GC	1.04667	0.00402	0.00648	-1.04667	0.01144	0.00648
TGC	TAC	GA	0.83771	0.00687	0.01014	-0.83771	0.01588	0.01014
TGC	TGT	CT	0.18622	0.00682	0.00747	-0.18622	0.00821	0.00747
TGG	TTG	GT	1.35367	0.00630	0.01151	-1.35367	0.02441	0.01151
TGG	TCG	GC	0.91054	0.00552	0.00841	-0.91054	0.01373	0.00841
TGG	TGT	GT	0.28583	0.00630	0.00725	-0.28583	0.00839	0.00725
TGG	TGC	GC	0.09961	0.00552	0.00580	-0.09961	0.00610	0.00580
CTT	TTT	CT	0.15545	0.01534	0.01656	-0.15545	0.01792	0.01656
CTC	TTC	CT	0.92382	0.00682	0.01044	-0.92382	0.01717	0.01044
CTC	CTT	CT	0.67870	0.00682	0.00939	-0.67870	0.01344	0.00939
CTA	TTA	CT	-0.04522	0.00937	0.00916	0.04522	0.00896	0.00916
CTA	CTT	AT	0.50021	0.00630	0.00801	-0.50021	0.01040	0.00801
CTA	CTC	AC	-0.17848	0.00552	0.00505	0.17848	0.00462	0.00505
CTG	TTG	CT	0.84860	0.01023	0.01517	-0.84860	0.02389	0.01517
CTG	CTT	GT	0.69130	0.00688	0.00953	-0.69130	0.01373	0.00953
CTG	CTC	GC	0.01260	0.00603	0.00606	-0.01260	0.00610	0.00606
CTG	CTA	GA	0.19109	0.01031	0.01132	-0.19109	0.01247	0.01132
CCT	TCT	CT	-0.40417	0.01790	0.01452	0.40417	0.01195	0.01452
CCT	CTT	CT	-0.28638	0.01790	0.01545	0.28638	0.01344	0.01545
CCC	TCC	CT	1.47720	0.00256	0.00489	-1.47720	0.01120	0.00489
CCC	CTC	CT	0.84860	0.00256	0.00379	-0.84860	0.00597	0.00379
CCC	CCT	CT	1.81368	0.00256	0.00554	-1.81368	0.01568	0.00554
CCA	TCA	CT	-0.26577	0.01363	0.01190	0.26577	0.01045	0.01190
CCA	CTA	CT	-0.50693	0.01363	0.01047	0.50693	0.00821	0.01047
CCA	CCT	AT	0.27967	0.00917	0.01051	-0.27967	0.01213	0.01051
CCA	CCC	AC	-1.53401	0.00803	0.00339	1.53401	0.00173	0.00339
CCG	TCG	CT	-0.13223	0.01534	0.01435	0.13223	0.01344	0.01435
CCG	CTG	CT	-0.53770	0.01534	0.01158	0.53770	0.00896	0.01158
CCG	CCT	GT	0.43998	0.01032	0.01275	-0.43998	0.01602	0.01275
CCG	CCC	GC	-1.37369	0.00904	0.00421	1.37369	0.00229	0.00421
CCG	CCA	GA	0.16031	0.01546	0.01673	-0.16031	0.01815	0.01673
CAT	TAT	CT	-0.33987	0.01363	0.01145	0.33987	0.00971	0.01145
CAT	CTT	AT	0.12552	0.00917	0.00976	-0.12552	0.01040	0.00976
CAT	CCT	AC	0.41190	0.00803	0.00980	-0.41190	0.01213	0.00980
CAC	TAC	CT	0.42738	0.00682	0.00838	-0.42738	0.01045	0.00838
CAC	CTC	AT	0.00773	0.00459	0.00460	-0.00773	0.00462	0.00460
CAC	CCC	AC	-0.84086	0.00402	0.00256	0.84086	0.00173	0.00256
CAC	CAT	CT	0.56091	0.00682	0.00891	-0.56091	0.01195	0.00891
CAA	CTA	AT	-0.36696	0.00917	0.00759	0.36696	0.00635	0.00759
CAA	CCA	AC	0.13997	0.00803	0.00861	-0.13997	0.00924	0.00861
CAA	CAT	AT	0.00773	0.00917	0.00921	-0.00773	0.00924	0.00921
CAA	CAC	AC	-0.55318	0.00803	0.00602	0.55318	0.00462	0.00602
CAG	CTG	AT	-0.59840	0.01261	0.00921	0.59840	0.00693	0.00921
CAG	CCG	AC	-0.06070	0.01105	0.01072	0.06070	0.01040	0.01072
CAG	CAT	GT	-0.03262	0.01261	0.01240	0.03262	0.01220	0.01240
CAG	CAC	GC	-0.59353	0.01105	0.00809	0.59353	0.00610	0.00809
CAG	CAA	GA	-0.04036	0.01889	0.01851	0.04036	0.01815	0.01851
CGT	TGT	CT	-0.44239	0.01278	0.01016	0.44239	0.00821	0.01016
CGT	CTT	GT	0.46815	0.00860	0.01077	-0.46815	0.01373	0.01077
CGT	CCT	GC	0.75454	0.00753	0.01073	-0.75454	0.01602	0.01073
CGT	CAT	GA	0.34264	0.01288	0.01521	-0.34264	0.01815	0.01521
CGC	TGC	CT	0.56091	0.00341	0.00445	-0.56091	0.00597	0.00445
CGC	CTC	GT	0.97898	0.00229	0.00359	-0.97898	0.00610	0.00359
CGC	CCC	GC	0.13038	0.00201	0.00214	-0.13038	0.00229	0.00214
CGC	CAC	GA	0.97124	0.00344	0.00537	-0.97124	0.00907	0.00537
CGC	CGT	CT	1.18952	0.00341	0.00583	-1.18952	0.01120	0.00583
CGA	CTA	GT	0.38114	0.00573	0.00689	-0.38114	0.00839	0.00689
CGA	CCA	GC	0.88807	0.00502	0.00758	-0.88807	0.01220	0.00758
CGA	CAA	GA	0.74810	0.00859	0.01220	-0.74810	0.01815	0.01220
CGA	CGT	AT	0.41320	0.00573	0.00700	-0.41320	0.00866	0.00700
CGA	CGC	AC	-0.77632	0.00502	0.00332	0.77632	0.00231	0.00332
CGG	TGG	CT	0.06844	0.00767	0.00793	-0.06844	0.00821	0.00793
CGG	CTG	GT	0.57351	0.00516	0.00678	-0.57351	0.00915	0.00678
CGG	CCG	GC	1.11121	0.00452	0.00749	-1.11121	0.01373	0.00749
CGG	CAG	GA	1.17192	0.00773	0.01312	-1.17192	0.02495	0.01312
CGG	CGT	GT	0.79666	0.00516	0.00748	-0.79666	0.01144	0.00748
CGG	CGC	GC	-0.39286	0.00452	0.00369	0.39286	0.00305	0.00369
CGG	CGA	GA	0.38346	0.00773	0.00931	-0.38346	0.01134	0.00931
ATT	TTT	AT	0.19006	0.01146	0.01259	-0.19006	0.01386	0.01259
ATT	CTT	AC	0.03461	0.01004	0.01022	-0.03461	0.01040	0.01022
ATC	TTC	AT	0.14750	0.01146	0.01233	-0.14750	0.01328	0.01233
ATC	CTC	AC	-0.77632	0.01004	0.00664	0.77632	0.00462	0.00664
ATC	ATT	CT	-0.13223	0.01704	0.01594	0.13223	0.01493	0.01594
ATA	TTA	AT	0.00773	0.00688	0.00690	-0.00773	0.00693	0.00690
ATA	CTA	AC	0.05296	0.00603	0.00619	-0.05296	0.00635	0.00619
ATA	ATT	AT	0.51856	0.00688	0.00881	-0.51856	0.01155	0.00881
ATA	ATC	AC	0.65079	0.00603	0.00820	-0.65079	0.01155	0.00820
ATG	TTG	AT	-0.16412	0.02178	0.02004	0.16412	0.01848	0.02004
ATG	CTG	AC	-1.01271	0.01908	0.01102	1.01271	0.00693	0.01102
ATG	ATT	GT	-0.35602	0.02178	0.01813	0.35602	0.01526	0.01813
ATG	ATC	GC	-0.22379	0.01908	0.01703	0.22379	0.01526	0.01703
ATG	ATA	GA	-0.87458	0.03263	0.02042	0.87458	0.01361	0.02042
ACT	TCT	AT	-0.26420	0.01204	0.01052	0.26420	0.00924	0.01052
ACT	CCT	AC	0.13997	0.01055	0.01130	-0.13997	0.01213	0.01130
ACT	ATT	CT	-0.18102	0.01790	0.01632	0.18102	0.01493	0.01632
ACC	TCC	AT	0.31789	0.00630	0.00736	-0.31789	0.00866	0.00736
ACC	CCC	AC	-1.15931	0.00552	0.00293	1.15931	0.00173	0.00293
ACC	ATC	CT	0.46560	0.00937	0.01172	-0.46560	0.01493	0.01172
ACC	ACT	CT	0.51439	0.00937	0.01199	-0.51439	0.01568	0.01199
ACA	TCA	AT	-0.12580	0.00917	0.00861	0.12580	0.00809	0.00861
ACA	CCA	AC	0.13997	0.00803	0.00861	-0.13997	0.00924	0.00861
ACA	ATA	CT	-0.41992	0.01363	0.01097	0.41992	0.00896	0.01097
ACA	ACT	AT	0.27967	0.00917	0.01051	-0.27967	0.01213	0.01051
ACA	ACC	AC	-0.23472	0.00803	0.00713	0.23472	0.00635	0.00713
ACG	TCG	AT	-0.19294	0.01261	0.01143	0.19294	0.01040	0.01143
ACG	CCG	AC	-0.06070	0.01105	0.01072	0.06070	0.01040	0.01072
ACG	ATG	CT	0.41431	0.01875	0.02290	-0.41431	0.02837	0.02290
ACG	ACT	GT	0.23931	0.01261	0.01418	-0.23931	0.01602	0.01418
ACG	ACC	GC	-0.27508	0.01105	0.00960	0.27508	0.00839	0.00960
ACG	ACA	GA	-0.04036	0.01889	0.01851	0.04036	0.01815	0.01851
AAT	TAT	AT	-0.75952	0.01605	0.01072	0.75952	0.00751	0.01072
AAT	CAT	AC	-0.41965	0.01406	0.01132	0.41965	0.00924	0.01132
AAT	ATT	AT	-0.32874	0.01605	0.01355	0.32874	0.01155	0.01355
AAT	ACT	AC	-0.14771	0.01406	0.01305	0.14771	0.01213	0.01305
AAC	TAC	AT	-0.48870	0.01318	0.01022	0.48870	0.00809	0.01022
AAC	CAC	AC	-0.91608	0.01155	0.00706	0.91608	0.00462	0.00706
AAC	ATC	AT	-0.13203	0.01318	0.01233	0.13203	0.01155	0.01233
AAC	ACC	AC	-0.59763	0.01155	0.00844	0.59763	0.00635	0.00844
AAC	AAT	CT	0.06448	0.01960	0.02024	-0.06448	0.02090	0.02024
AAA	CAA	AC	-0.72503	0.01908	0.01299	0.72503	0.00924	0.01299
AAA	ATA	AT	-1.14494	0.02178	0.01164	1.14494	0.00693	0.01164
AAA	ACA	AC	-0.72503	0.01908	0.01299	0.72503	0.00924	0.01299
AAA	AAT	AT	-0.29765	0.02178	0.01870	0.29765	0.01617	0.01870
AAA	AAC	AC	-0.36212	0.01908	0.01583	0.36212	0.01328	0.01583
AAG	CAG	AC	-0.84653	0.02963	0.01884	0.84653	0.01271	0.01884
AAG	ATG	AT	-0.43222	0.03382	0.02703	0.43222	0.02195	0.02703
AAG	ACG	AC	-0.84653	0.02963	0.01884	0.84653	0.01271	0.01884
AAG	AAT	GT	-0.45950	0.03382	0.02664	0.45950	0.02136	0.02664
AAG	AAC	GC	-0.52398	0.02963	0.02254	0.52398	0.01754	0.02254
AAG	AAA	GA	-0.16185	0.05067	0.04668	0.16185	0.04310	0.04668
AGT	TGT	AT	-0.99557	0.01719	0.01003	0.99557	0.00635	0.01003
AGT	CGT	AC	-0.55318	0.01506	0.01128	0.55318	0.00866	0.01128
AGT	ATT	GT	-0.11963	0.01719	0.01619	0.11963	0.01526	0.01619
AGT	ACT	GC	0.06139	0.01506	0.01553	-0.06139	0.01602	0.01553
AGT	AAT	GA	0.20910	0.02576	0.02855	-0.20910	0.03175	0.02855
AGC	TGC	AT	-0.21541	0.00573	0.00514	0.21541	0.00462	0.00514
AGC	CGC	AC	-0.77632	0.00502	0.00332	0.77632	0.00231	0.00332
AGC	ATC	GT	0.97898	0.00573	0.00899	-0.97898	0.01526	0.00899
AGC	ACC	GC	0.51338	0.00502	0.00642	-0.51338	0.00839	0.00642
AGC	AAC	GA	1.11101	0.00859	0.01422	-1.11101	0.02608	0.01422
AGC	AGT	CT	0.96638	0.00852	0.01329	-0.96638	0.02240	0.01329
AGA	CGA	AC	-1.27102	0.02059	0.01020	1.27102	0.00578	0.01020
AGA	ATA	GT	-0.94283	0.02350	0.01414	0.94283	0.00915	0.01414
AGA	ACA	GC	-0.52292	0.02059	0.01567	0.52292	0.01220	0.01567
AGA	AAA	GA	0.20211	0.03521	0.03889	-0.20211	0.04310	0.03889
AGA	AGT	AT	-0.30464	0.02350	0.02010	0.30464	0.01733	0.02010
AGA	AGC	AC	-1.27102	0.02059	0.01020	1.27102	0.00578	0.01020
AGG	TGG	AT	-1.20529	0.02121	0.01093	1.20529	0.00635	0.01093
AGG	CGG	AC	-1.27372	0.01858	0.00919	1.27372	0.00520	0.00919
AGG	ATG	GT	0.31250	0.02121	0.02469	-0.31250	0.02899	0.02469
AGG	ACG	GC	-0.10181	0.01858	0.01765	0.10181	0.01678	0.01765
AGG	AAG	GA	0.74472	0.03177	0.04506	-0.74472	0.06691	0.04506
AGG	AGT	GT	0.07611	0.02121	0.02202	-0.07611	0.02288	0.02202
AGG	AGC	GC	-0.89027	0.01858	0.01152	0.89027	0.00763	0.01152
AGG	AGA	GA	0.38075	0.03177	0.03821	-0.38075	0.04650	0.03821
GTT	TTT	GT	-0.27378	0.02407	0.02093	0.27378	0.01831	0.02093
GTT	CTT	GC	-0.42923	0.02109	0.01689	0.42923	0.01373	0.01689
GTT	ATT	GA	-0.46384	0.03607	0.02835	0.46384	0.02268	0.02835
GTC	TTC	GT	1.22410	0.00516	0.00894	-1.22410	0.01754	0.00894
GTC	CTC	GC	0.30028	0.00452	0.00523	-0.30028	0.00610	0.00523
GTC	ATC	GA	1.07660	0.00773	0.01262	-1.07660	0.02268	0.01262
GTC	GTT	CT	1.40821	0.00767	0.01430	-1.40821	0.03136	0.01430
GTA	TTA	GT	0.37284	0.00630	0.00755	-0.37284	0.00915	0.00755
GTA	CTA	GC	0.41807	0.00552	0.00676	-0.41807	0.00839	0.00676
GTA	ATA	GA	0.36511	0.00945	0.01128	-0.36511	0.01361	0.01128
GTA	GTT	AT	1.34751	0.00630	0.01148	-1.34751	0.02426	0.01148
GTA	GTC	AC	-0.06070	0.00552	0.00536	0.06070	0.00520	0.00536
GTG	TTG	GT	0.16805	0.02063	0.02242	-0.16805	0.02441	0.02242
GTG	CTG	GC	-0.68055	0.01808	0.01262	0.68055	0.00915	0.01262
GTG	ATG	GA	0.33216	0.03092	0.03633	-0.33216	0.04310	0.03633
GTG	GTT	GT	0.43998	0.02063	0.02550	-0.43998	0.03204	0.02550
GTG	GTC	GC	-0.96823	0.01808	0.01072	0.96823	0.00686	0.01072
GTG	GTA	GA	-0.90753	0.03092	0.01898	0.90753	0.01247	0.01898
GCT	TCT	GT	-0.30887	0.01662	0.01419	0.30887	0.01220	0.01419
GCT	CCT	GC	0.09529	0.01456	0.01527	-0.09529	0.01602	0.01527
GCT	ACT	GA	-0.04468	0.02490	0.02435	0.04468	0.02382	0.02435
GCT	GTT	CT	0.23814	0.02471	0.02777	-0.23814	0.03136	0.02777
GCC	TCC	GT	1.04797	0.00401	0.00647	-1.04797	0.01144	0.00647
GCC	CCC	GC	-0.42923	0.00352	0.00281	0.42923	0.00229	0.00281
GCC	ACC	GA	0.73008	0.00601	0.00847	-0.73008	0.01247	0.00847
GCC	GTC	CT	0.11908	0.00597	0.00633	-0.11908	0.00672	0.00633
GCC	GCT	CT	1.28915	0.00597	0.01061	-1.28915	0.02165	0.01061
GCA	TCA	GT	0.43998	0.00688	0.00850	-0.43998	0.01068	0.00850
GCA	CCA	GC	0.70575	0.00603	0.00840	-0.70575	0.01220	0.00840
GCA	ACA	GA	0.56578	0.01031	0.01349	-0.56578	0.01815	0.01349
GCA	GTA	CT	-0.21925	0.01023	0.00915	0.21925	0.00821	0.00915
GCA	GCT	AT	0.89012	0.00688	0.01039	-0.89012	0.01675	0.01039
GCA	GCC	AC	-0.39903	0.00603	0.00490	0.39903	0.00404	0.00490
GCG	TCG	GT	0.97898	0.00516	0.00809	-0.97898	0.01373	0.00809
GCG	CCG	GC	1.11121	0.00452	0.00749	-1.11121	0.01373	0.00749
GCG	ACG	GA	1.17192	0.00773	0.01312	-1.17192	0.02495	0.01312
GCG	GTG	CT	1.25406	0.00767	0.01346	-1.25406	0.02688	0.01346
GCG	GCT	GT	1.45590	0.00516	0.00979	-1.45590	0.02212	0.00979
GCG	GCC	GC	0.16675	0.00452	0.00491	-0.16675	0.00534	0.00491
GCG	GCA	GA	0.56578	0.00773	0.01012	-0.56578	0.01361	0.01012
GAT	TAT	GT	-1.20966	0.03324	0.01709	1.20966	0.00992	0.01709
GAT	CAT	GC	-0.86979	0.02912	0.01827	0.86979	0.01220	0.01827
GAT	AAT	GA	-0.45014	0.04981	0.03944	0.45014	0.03175	0.03944
GAT	GTT	AT	-0.31504	0.03324	0.02828	0.31504	0.02426	0.02828
GAT	GCT	AC	-0.55318	0.02912	0.02181	0.55318	0.01675	0.02181
GAC	TAC	GT	-0.40731	0.01605	0.01300	0.40731	0.01068	0.01300
GAC	CAC	GC	-0.83470	0.01406	0.00900	0.83470	0.00610	0.00900
GAC	AAC	GA	0.08139	0.02405	0.02504	-0.08139	0.02608	0.02504
GAC	GTC	AT	-1.12724	0.01605	0.00867	1.12724	0.00520	0.00867
GAC	GCC	AC	-1.24633	0.01406	0.00707	1.24633	0.00404	0.00707
GAC	GAT	CT	0.59600	0.02386	0.03167	-0.59600	0.04330	0.03167
GAA	CAA	GC	-0.88688	0.02963	0.01841	0.88688	0.01220	0.01841
GAA	AAA	GA	-0.16185	0.05067	0.04668	0.16185	0.04310	0.04668
GAA	GTA	AT	-1.67191	0.03382	0.01308	1.67191	0.00635	0.01308
GAA	GCA	AC	-1.45266	0.02963	0.01314	1.45266	0.00693	0.01314
GAA	GAT	AT	-0.00936	0.03382	0.03366	0.00936	0.03350	0.03366
GAA	GAC	AC	-0.60536	0.02963	0.02156	0.60536	0.01617	0.02156
GAG	CAG	GC	-0.95680	0.04369	0.02607	0.95680	0.01678	0.02607
GAG	AAG	GA	-0.11027	0.07471	0.07067	0.11027	0.06691	0.07067
GAG	GTG	AT	-0.87465	0.04986	0.03120	0.87465	0.02079	0.03120
GAG	GCG	AC	-2.12871	0.04369	0.01256	2.12871	0.00520	0.01256
GAG	GAT	GT	-0.11963	0.04986	0.04694	0.11963	0.04424	0.04694
GAG	GAC	GC	-0.71564	0.04369	0.02990	0.71564	0.02136	0.02990
GAG	GAA	GA	-0.11027	0.07471	0.07067	0.11027	0.06691	0.07067
GGT	TGT	GT	-0.20664	0.01032	0.00929	0.20664	0.00839	0.00929
GGT	CGT	GC	0.23574	0.00904	0.01015	-0.23574	0.01144	0.01015
GGT	AGT	GA	0.78892	0.01546	0.02235	-0.78892	0.03402	0.02235
GGT	GTT	GT	1.13313	0.01032	0.01724	-1.13313	0.03204	0.01724
GGT	GCT	GC	0.89499	0.00904	0.01368	-0.89499	0.02212	0.01368
GGT	GAT	GA	1.44817	0.01546	0.02926	-1.44817	0.06578	0.02926
GGC	TGC	GT	0.28583	0.00459	0.00527	-0.28583	0.00610	0.00527
GGC	CGC	GC	-0.27508	0.00402	0.00349	0.27508	0.00305	0.00349
GGC	AGC	GA	0.50124	0.00687	0.00874	-0.50124	0.01134	0.00874
GGC	GTC	GT	0.40362	0.00459	0.00557	-0.40362	0.00686	0.00557
GGC	GCC	GC	0.28453	0.00402	0.00462	-0.28453	0.00534	0.00462
GGC	GAC	GA	1.53086	0.00687	0.01342	-1.53086	0.03175	0.01342
GGC	GGT	CT	0.67870	0.00682	0.00939	-0.67870	0.01344	0.00939
GGA	CGA	GC	-0.99292	0.02059	0.01203	0.99292	0.00763	0.01203
GGA	AGA	GA	0.27810	0.03521	0.04033	-0.27810	0.04650	0.04033
GGA	GTA	GT	-1.02984	0.02350	0.01344	1.02984	0.00839	0.01344
GGA	GCA	GC	-0.81060	0.02059	0.01336	0.81060	0.00915	0.01336
GGA	GAA	GA	0.64206	0.03521	0.04771	-0.64206	0.06691	0.04771
GGA	GGT	AT	-0.81547	0.02350	0.01521	0.81547	0.01040	0.01521
GGA	GGC	AC	-1.49416	0.02059	0.00890	1.49416	0.00462	0.00890
GGG	TGG	GT	0.11878	0.00745	0.00790	-0.11878	0.00839	0.00790
GGG	CGG	GC	0.05034	0.00653	0.00669	-0.05034	0.00686	0.00669
GGG	AGG	GA	1.32407	0.01116	0.02014	-1.32407	0.04196	0.02014
GGG	GTG	GT	1.30440	0.00745	0.01334	-1.30440	0.02746	0.01334
GGG	GCG	GC	0.05034	0.00653	0.00669	-0.05034	0.00686	0.00669
GGG	GAG	GA	2.17906	0.01116	0.02743	-2.17906	0.09867	0.02743
GGG	GGT	GT	0.61125	0.00745	0.00996	-0.61125	0.01373	0.00996
GGG	GGC	GC	-0.06744	0.00653	0.00631	0.06744	0.00610	0.00631
GGG	GGA	GA	1.42672	0.01116	0.02096	-1.42672	0.04650	0.02096


Histograms
2Ns	FMut	FSub(CodonUsage)	FSubw(after w)

-2.07529	0.01804	0.00550
-1.86776	0.00199	0.00076
-1.66023	0.00429	0.00180
-1.45270	0.03807	0.01839
-1.24517	0.04993	0.02716
-1.03765	0.05040	0.03130
-0.83012	0.08517	0.05914
-0.62259	0.07412	0.05789
-0.41506	0.11045	0.09681
-0.20753	0.14625	0.14386
0.00000	0.10592	0.11480
0.20753	0.12084	0.14386
0.41506	0.07324	0.09681
0.62259	0.03976	0.05789
0.83012	0.03702	0.05914
1.03765	0.01805	0.03130
1.24517	0.01431	0.02716
1.45270	0.00897	0.01839
1.66023	0.00081	0.00180
1.86776	0.00032	0.00076
2.07529	0.00207	0.00550

Proportion of advantageous (S > 0) mutations:
 0.36694

Proportions of good & bad mutations (|S| > 2.0000) among mutations:
0.00207  0.01804

mean |Ns| = 0.58002	mean Ns+ = 0.45425	mean Ns- = -0.65292


MLEs of dN/dS (w) for site classes (K=4)

site class             0        1       2a       2b
proportion       0.57139  0.26871  0.10875  0.05114
background w     0.13145  1.00000  0.13145  1.00000
foreground w     0.13145  1.00000 158.91098 158.91098

Naive Empirical Bayes (NEB) probabilities for 4 classes
(amino acids refer to 1st sequence: AT2G33500_AT2G33500.1_Athaliana_Araport11)

   1 S   0.21003 0.33815 0.38852 0.06330 ( 3)
   2 N   0.96971 0.01954 0.00935 0.00140 ( 1)
   3 E   0.63511 0.21922 0.11914 0.02653 ( 1)
   4 L   0.92763 0.04355 0.02367 0.00515 ( 1)
   5 I   0.97689 0.01347 0.00862 0.00102 ( 1)
   6 V   0.93311 0.05048 0.01351 0.00290 ( 1)
   7 P   0.67856 0.16549 0.13547 0.02048 ( 1)
   8 Y   0.01441 0.73850 0.02399 0.22309 ( 2)
   9 D   0.94635 0.03646 0.01452 0.00267 ( 1)
  10 V   0.19106 0.69430 0.00978 0.10486 ( 2)
  11 S   0.26266 0.64280 0.03693 0.05761 ( 2)
  12 C   0.04697 0.70812 0.10448 0.14042 ( 2)
  13 K   0.93093 0.04382 0.02102 0.00423 ( 1)
  14 K   0.72063 0.15133 0.10749 0.02055 ( 1)
  15 Q   0.59177 0.35643 0.01611 0.03569 ( 1)
  16 S   0.05024 0.74470 0.06200 0.14306 ( 2)
  17 F   0.14955 0.63894 0.09212 0.11939 ( 2)
  18 S   0.74818 0.12623 0.11047 0.01511 ( 1)
  19 F   0.77895 0.18458 0.01698 0.01949 ( 1)
  20 G   0.97274 0.01333 0.01258 0.00134 ( 1)
  21 R   0.61643 0.19666 0.15825 0.02866 ( 1)
  22 S   0.72826 0.22719 0.01904 0.02551 ( 1)
  23 K   0.82958 0.13286 0.02323 0.01434 ( 1)
  24 Q   0.02018 0.75994 0.05632 0.16356 ( 2)
  25 V   0.00102 0.82551 0.00077 0.17270 ( 2)
  26 V   0.07580 0.83807 0.01575 0.07038 ( 2)
  27 F   0.63175 0.00151 0.36652 0.00022 ( 1)
  28 E   0.01243 0.81438 0.01384 0.15935 ( 2)
  29 Q   0.84593 0.13759 0.00954 0.00693 ( 1)
  30 L   0.99057 0.00005 0.00938 0.00000 ( 1)
  31 E   0.05066 0.31342 0.50972 0.12620 ( 3)
  32 L   0.07912 0.31008 0.50005 0.11075 ( 3)
  33 L   0.95114 0.03139 0.01499 0.00247 ( 1)
  34 K   0.02818 0.22081 0.63047 0.12054 ( 3)
  35 R   0.69248 0.27639 0.01356 0.01757 ( 1)
  36 G   0.15779 0.27237 0.50414 0.06569 ( 3)
  37 F   0.71090 0.25911 0.01085 0.01914 ( 1)
  38 V   0.32608 0.23300 0.37484 0.06609 ( 3)
  39 E   0.02049 0.61134 0.14722 0.22095 ( 2)
  40 G   0.10879 0.31154 0.49301 0.08666 ( 3)
  41 E   0.96876 0.01443 0.01558 0.00123 ( 1)
  42 G   0.92333 0.00411 0.07162 0.00093 ( 1)
  43 E   0.90480 0.07025 0.02053 0.00442 ( 1)
  44 I   0.97917 0.00764 0.01240 0.00079 ( 1)
  45 M   0.00982 0.80940 0.01012 0.17066 ( 2)
  46 V   0.61107 0.06753 0.30885 0.01255 ( 1)
  47 P   0.87638 0.11080 0.00873 0.00408 ( 1)
  48 E   0.51499 0.43991 0.01184 0.03325 ( 1)
  49 -   0.02769 0.83725 0.00774 0.12732 ( 2)
  50 -   0.08517 0.72821 0.01223 0.17439 ( 2)
  51 -   0.01704 0.70073 0.09430 0.18794 ( 2)
  52 -   0.72782 0.02121 0.24886 0.00211 ( 1)
  53 -   0.96431 0.00861 0.02621 0.00087 ( 1)
  54 -   0.70287 0.13724 0.13378 0.02612 ( 1)
  55 -   0.77494 0.06516 0.14750 0.01240 ( 1)
  56 -   0.00640 0.83370 0.00122 0.15868 ( 2)
  57 -   0.83630 0.00380 0.15918 0.00072 ( 1)
  58 -   0.83748 0.00262 0.15940 0.00050 ( 1)
  59 -   0.83582 0.00428 0.15909 0.00081 ( 1)
  60 -   0.12549 0.71461 0.02388 0.13601 ( 2)
  61 -   0.73133 0.10877 0.13920 0.02070 ( 1)
  62 -   0.78162 0.18933 0.01204 0.01700 ( 1)
  63 -   0.99442 0.00197 0.00353 0.00009 ( 1)
  64 I   0.57532 0.03795 0.38099 0.00573 ( 1)
  65 S   0.00033 0.80740 0.00276 0.18952 ( 2)
  66 Q   0.99080 0.00342 0.00565 0.00013 ( 1)
  67 Q   0.99496 0.00008 0.00496 0.00000 ( 1)
  68 W   0.71527 0.12483 0.13614 0.02376 ( 1)
  69 N   0.39443 0.44567 0.07507 0.08483 ( 2)
  70 A   0.83821 0.00189 0.15954 0.00036 ( 1)
  71 -   0.00157 0.83853 0.00030 0.15960 ( 2)
  72 -   0.56278 0.27733 0.10711 0.05278 ( 1)
  73 T   0.81735 0.02275 0.15557 0.00433 ( 1)
  74 N   0.77715 0.03201 0.18720 0.00363 ( 1)
  75 H   0.59132 0.37699 0.00585 0.02584 ( 1)
  76 S   0.19036 0.45950 0.21569 0.13445 ( 2)
  77 D   0.93069 0.04063 0.02422 0.00446 ( 1)
  78 F   0.96890 0.02244 0.00751 0.00114 ( 1)
  79 N   0.97266 0.01830 0.00793 0.00112 ( 1)
  80 L   0.98386 0.00772 0.00813 0.00029 ( 1)
  81 G   0.02116 0.06663 0.87684 0.03537 ( 3)
  82 Q   0.84698 0.07707 0.06750 0.00845 ( 1)
  83 S   0.89508 0.07784 0.02333 0.00375 ( 1)
  84 R   0.07693 0.69882 0.06217 0.16208 ( 2)
  85 N   0.00120 0.89711 0.00008 0.10162 ( 2)
  86 P   0.95356 0.03713 0.00781 0.00150 ( 1)
  87 D   0.45845 0.46381 0.03024 0.04750 ( 2)
  88 E   0.17772 0.64012 0.07284 0.10932 ( 2)
  89 P   0.03666 0.67196 0.11032 0.18106 ( 2)
  90 S   0.17053 0.26010 0.49625 0.07312 ( 3)
  91 P   0.52560 0.42913 0.01653 0.02874 ( 1)
  92 E   0.58518 0.36708 0.01857 0.02916 ( 1)
  93 D   0.04532 0.23204 0.60310 0.11953 ( 3)
  94 S   0.65291 0.30705 0.01466 0.02538 ( 1)
  95 V   0.13633 0.76073 0.00366 0.09928 ( 2)
  96 H   0.02273 0.65233 0.10584 0.21910 ( 2)
  97 I   0.04384 0.85326 0.00811 0.09480 ( 2)
  98 P   0.95511 0.03067 0.01189 0.00232 ( 1)
  99 A   0.12486 0.79613 0.00687 0.07214 ( 2)
 100 D   0.07358 0.84192 0.00562 0.07887 ( 2)
 101 S   0.14652 0.44808 0.33310 0.07230 ( 2)
 102 C   0.87449 0.10720 0.00848 0.00982 ( 1)
 103 G   0.01895 0.59474 0.17518 0.21113 ( 2)
 104 L   0.01765 0.27137 0.58807 0.12291 ( 3)
 105 H   0.68980 0.12858 0.16399 0.01763 ( 1)
 106 C   0.85182 0.12878 0.00826 0.01114 ( 1)
 107 T   0.10595 0.29894 0.51152 0.08359 ( 3)
 108 E   0.90319 0.07016 0.02122 0.00543 ( 1)
 109 H   0.00393 0.81258 0.00922 0.17426 ( 2)
 110 I   0.93100 0.01151 0.05636 0.00113 ( 1)
 111 -   0.86205 0.00331 0.13410 0.00054 ( 1)
 112 -   0.08932 0.75078 0.01700 0.14290 ( 2)
 113 -   0.07075 0.76935 0.01347 0.14643 ( 2)
 114 -   0.23018 0.60992 0.04381 0.11609 ( 2)
 115 -   0.71346 0.12664 0.13580 0.02410 ( 1)
 116 -   0.82486 0.01524 0.15700 0.00290 ( 1)
 117 -   0.69543 0.14467 0.13236 0.02754 ( 1)
 118 -   0.60564 0.23446 0.11527 0.04463 ( 1)
 119 -   0.81936 0.02074 0.15595 0.00395 ( 1)
 120 -   0.28383 0.55627 0.05402 0.10588 ( 2)
 121 -   0.82094 0.01916 0.15625 0.00365 ( 1)
 122 -   0.83192 0.00819 0.15834 0.00156 ( 1)
 123 -   0.65472 0.18538 0.12462 0.03528 ( 1)
 124 -   0.82573 0.01437 0.15716 0.00274 ( 1)
 125 -   0.38510 0.45500 0.07330 0.08660 ( 2)
 126 -   0.26508 0.57502 0.05045 0.10945 ( 2)
 127 -   0.73490 0.10520 0.13988 0.02002 ( 1)
 128 -   0.64929 0.19081 0.12358 0.03632 ( 1)
 129 -   0.34764 0.49246 0.06617 0.09373 ( 2)
 130 -   0.82585 0.01425 0.15719 0.00271 ( 1)
 131 -   0.81761 0.02249 0.15562 0.00428 ( 1)
 132 -   0.79413 0.04598 0.15115 0.00875 ( 1)
 133 -   0.74005 0.10005 0.14086 0.01904 ( 1)
 134 -   0.81491 0.02519 0.15510 0.00480 ( 1)
 135 -   0.82766 0.01244 0.15753 0.00237 ( 1)
 136 -   0.15996 0.68014 0.03045 0.12945 ( 2)
 137 -   0.10106 0.73905 0.01923 0.14066 ( 2)
 138 -   0.79276 0.04734 0.15089 0.00901 ( 1)
 139 -   0.63519 0.20492 0.12090 0.03900 ( 1)
 140 -   0.82096 0.01914 0.15626 0.00364 ( 1)
 141 -   0.76745 0.07265 0.14607 0.01383 ( 1)
 142 -   0.81538 0.02472 0.15519 0.00471 ( 1)
 143 -   0.11320 0.72690 0.02155 0.13835 ( 2)
 144 -   0.70638 0.13372 0.13445 0.02545 ( 1)
 145 -   0.81492 0.02518 0.15511 0.00479 ( 1)
 146 -   0.20881 0.63129 0.03974 0.12016 ( 2)
 147 -   0.22448 0.61562 0.04273 0.11717 ( 2)
 148 -   0.75427 0.08583 0.14356 0.01634 ( 1)
 149 -   0.10298 0.12387 0.74301 0.03014 ( 3)
 150 -   0.96483 0.01096 0.02247 0.00174 ( 1)
 151 -   0.57468 0.36875 0.01237 0.04419 ( 1)
 152 A   0.72804 0.22728 0.02493 0.01976 ( 1)
 153 I   0.45621 0.47582 0.01235 0.05561 ( 2)
 154 T   0.79102 0.19123 0.00774 0.01001 ( 1)
 155 S   0.95972 0.01668 0.02246 0.00114 ( 1)
 156 T   0.80692 0.17185 0.01078 0.01045 ( 1)
 157 R   0.13220 0.79156 0.00342 0.07282 ( 2)
 158 L   0.00503 0.89411 0.00111 0.09975 ( 2)
 159 V   0.74378 0.01035 0.24490 0.00097 ( 1)
 160 A   0.76121 0.19610 0.02237 0.02032 ( 1)
 161 V   0.00037 0.74949 0.01010 0.24004 ( 2)
 162 T   0.60759 0.26979 0.07500 0.04763 ( 1)
 163 -   0.64781 0.19229 0.12330 0.03660 ( 1)
 164 -   0.06480 0.77530 0.01233 0.14757 ( 2)
 165 -   0.43623 0.40387 0.08303 0.07687 ( 1)
 166 -   0.03825 0.80185 0.00728 0.15262 ( 2)
 167 -   0.82020 0.01990 0.15611 0.00379 ( 1)
 168 -   0.04566 0.79444 0.00869 0.15121 ( 2)
 169 -   0.67597 0.16413 0.12866 0.03124 ( 1)
 170 -   0.42355 0.41655 0.08062 0.07928 ( 1)
 171 -   0.60736 0.23274 0.11560 0.04430 ( 1)
 172 -   0.80240 0.03770 0.15272 0.00718 ( 1)
 173 -   0.59196 0.24814 0.11267 0.04723 ( 1)
 174 -   0.67215 0.16795 0.12793 0.03197 ( 1)
 175 N   0.45486 0.42745 0.04856 0.06913 ( 1)
 176 A   0.30075 0.04125 0.64573 0.01227 ( 3)
 177 D   0.55948 0.01166 0.42670 0.00217 ( 1)
 178 L   0.37621 0.55530 0.01198 0.05651 ( 2)
 179 E   0.98026 0.00064 0.01907 0.00003 ( 1)
 180 R   0.92303 0.05036 0.02192 0.00468 ( 1)
 181 D   0.00194 0.83782 0.00038 0.15986 ( 2)
 182 N   0.01537 0.84460 0.00351 0.13652 ( 2)
 183 -   0.75689 0.08321 0.14406 0.01584 ( 1)
 184 -   0.65472 0.18538 0.12462 0.03528 ( 1)
 185 -   0.64162 0.19848 0.12212 0.03778 ( 1)
 186 -   0.25913 0.58097 0.04932 0.11058 ( 2)
 187 -   0.03431 0.80579 0.00653 0.15337 ( 2)
 188 -   0.63486 0.20524 0.12084 0.03906 ( 1)
 189 -   0.32502 0.51508 0.06186 0.09804 ( 2)
 190 -   0.07452 0.76558 0.01418 0.14572 ( 2)
 191 -   0.81299 0.02712 0.15474 0.00516 ( 1)
 192 -   0.52883 0.31127 0.10065 0.05925 ( 1)
 193 -   0.82230 0.01780 0.15651 0.00339 ( 1)
 194 -   0.81086 0.02924 0.15433 0.00557 ( 1)
 195 -   0.81444 0.02566 0.15502 0.00488 ( 1)
 196 -   0.62618 0.21392 0.11918 0.04072 ( 1)
 197 -   0.83510 0.00500 0.15895 0.00095 ( 1)
 198 -   0.26376 0.57634 0.05020 0.10970 ( 2)
 199 A   0.99184 0.00029 0.00786 0.00001 ( 1)
 200 M   0.55047 0.00196 0.44722 0.00035 ( 1)
 201 -   0.83198 0.00812 0.15835 0.00155 ( 1)
 202 -   0.27342 0.56668 0.05204 0.10786 ( 2)
 203 -   0.75112 0.08898 0.14296 0.01694 ( 1)
 204 -   0.83710 0.00300 0.15933 0.00057 ( 1)
 205 -   0.58465 0.25545 0.11128 0.04862 ( 1)
 206 -   0.54991 0.29019 0.10467 0.05523 ( 1)
 207 Q   0.00745 0.00029 0.99210 0.00015 ( 3)
 208 -   0.72389 0.11621 0.13778 0.02212 ( 1)
 209 -   0.17631 0.66379 0.03356 0.12634 ( 2)
 210 -   0.83734 0.00276 0.15937 0.00052 ( 1)
 211 -   0.83710 0.00300 0.15933 0.00057 ( 1)
 212 -   0.15868 0.68142 0.03020 0.12970 ( 2)
 213 -   0.36635 0.47375 0.06973 0.09017 ( 2)
 214 -   0.67460 0.16550 0.12840 0.03150 ( 1)
 215 -   0.11872 0.72138 0.02260 0.13730 ( 2)
 216 -   0.27864 0.56146 0.05303 0.10686 ( 2)
 217 -   0.68307 0.15703 0.13001 0.02989 ( 1)
 218 -   0.79721 0.04289 0.15174 0.00816 ( 1)
 219 -   0.15377 0.68633 0.02927 0.13063 ( 2)
 220 -   0.17307 0.66703 0.03294 0.12696 ( 2)
 221 -   0.45363 0.38647 0.08634 0.07356 ( 1)
 222 -   0.67924 0.16086 0.12928 0.03062 ( 1)
 223 -   0.41192 0.42818 0.07840 0.08150 ( 2)
 224 -   0.04806 0.79204 0.00915 0.15075 ( 2)
 225 -   0.77954 0.06056 0.14837 0.01153 ( 1)
 226 -   0.16621 0.67389 0.03164 0.12826 ( 2)
 227 -   0.81968 0.02042 0.15601 0.00389 ( 1)
 228 -   0.25092 0.58918 0.04776 0.11214 ( 2)
 229 -   0.06135 0.77875 0.01168 0.14822 ( 2)
 230 -   0.76858 0.07152 0.14629 0.01361 ( 1)
 231 -   0.60628 0.23382 0.11539 0.04450 ( 1)
 232 -   0.12413 0.71597 0.02363 0.13627 ( 2)
 233 -   0.72435 0.11575 0.13787 0.02203 ( 1)
 234 -   0.58433 0.25577 0.11122 0.04868 ( 1)
 235 -   0.65327 0.18683 0.12434 0.03556 ( 1)
 236 -   0.12667 0.71343 0.02411 0.13579 ( 2)
 237 -   0.03025 0.80985 0.00576 0.15414 ( 2)
 238 -   0.24913 0.59097 0.04742 0.11248 ( 2)
 239 -   0.80621 0.03389 0.15345 0.00645 ( 1)
 240 -   0.78163 0.05847 0.14877 0.01113 ( 1)
 241 -   0.32417 0.51593 0.06170 0.09820 ( 2)
 242 -   0.14126 0.69884 0.02689 0.13301 ( 2)
 243 -   0.02039 0.81971 0.00388 0.15602 ( 2)
 244 -   0.04534 0.79476 0.00863 0.15127 ( 2)
 245 -   0.82802 0.01208 0.15760 0.00230 ( 1)
 246 -   0.20044 0.63966 0.03815 0.12175 ( 2)
 247 -   0.64580 0.19430 0.12292 0.03698 ( 1)
 248 -   0.33959 0.50051 0.06464 0.09526 ( 2)
 249 -   0.81752 0.02258 0.15560 0.00430 ( 1)
 250 -   0.81503 0.02507 0.15513 0.00477 ( 1)
 251 -   0.76020 0.07991 0.14469 0.01521 ( 1)
 252 -   0.83461 0.00549 0.15885 0.00105 ( 1)
 253 -   0.82716 0.01294 0.15744 0.00246 ( 1)
 254 -   0.83892 0.00118 0.15967 0.00023 ( 1)
 255 -   0.83564 0.00446 0.15905 0.00085 ( 1)
 256 -   0.83508 0.00502 0.15894 0.00096 ( 1)
 257 -   0.79066 0.04944 0.15049 0.00941 ( 1)
 258 R   0.98531 0.00009 0.01460 0.00001 ( 1)
 259 Y   0.99652 0.00000 0.00347 0.00000 ( 1)
 260 K   0.96541 0.00898 0.02482 0.00078 ( 1)
 261 E   0.98100 0.00053 0.01844 0.00003 ( 1)
 262 K   0.98679 0.00007 0.01313 0.00000 ( 1)
 263 K   0.93585 0.00565 0.05810 0.00041 ( 1)
 264 K   0.98209 0.00061 0.01726 0.00005 ( 1)
 265 T   0.60695 0.00475 0.38740 0.00090 ( 1)
 266 R   0.98933 0.00005 0.01062 0.00000 ( 1)
 267 R   0.90201 0.06887 0.02313 0.00599 ( 1)
 268 Y   0.98754 0.00010 0.01235 0.00001 ( 1)
 269 D   0.70136 0.20442 0.07255 0.02167 ( 1)
 270 K   0.97692 0.00008 0.02300 0.00001 ( 1)
 271 T   0.05468 0.01441 0.92784 0.00306 ( 3)
 272 I   0.98783 0.00000 0.01216 0.00000 ( 1)
 273 R   0.98535 0.00011 0.01454 0.00001 ( 1)
 274 Y   0.99680 0.00000 0.00320 0.00000 ( 1)
 275 E   0.97612 0.00476 0.01882 0.00030 ( 1)
 276 T   0.91867 0.06439 0.01311 0.00383 ( 1)
 277 R   0.98180 0.00002 0.01818 0.00000 ( 1)
 278 K   0.98537 0.00006 0.01457 0.00000 ( 1)
 279 A   0.71042 0.05585 0.22559 0.00814 ( 1)
 280 R   0.87315 0.01308 0.11099 0.00278 ( 1)
 281 A   0.98747 0.00000 0.01253 0.00000 ( 1)
 282 E   0.96139 0.00492 0.03325 0.00043 ( 1)
 283 T   0.50824 0.29083 0.16909 0.03184 ( 1)
 284 R   0.98935 0.00008 0.01056 0.00000 ( 1)
 285 L   0.36739 0.00796 0.62271 0.00194 ( 3)
 286 R   0.93551 0.00015 0.06432 0.00002 ( 1)
 287 V   0.97988 0.00071 0.01934 0.00007 ( 1)
 288 K   0.83150 0.00498 0.16305 0.00047 ( 1)
 289 G   0.98550 0.00004 0.01446 0.00000 ( 1)
 290 R   0.97686 0.00021 0.02290 0.00003 ( 1)
 291 F   0.98802 0.00002 0.01195 0.00000 ( 1)
 292 V   0.87136 0.00219 0.12605 0.00040 ( 1)
 293 K   0.98076 0.00007 0.01917 0.00001 ( 1)
 294 A   0.97354 0.00409 0.02192 0.00045 ( 1)
 295 T   0.74585 0.06504 0.18235 0.00676 ( 1)
 296 D   0.27327 0.67310 0.00380 0.04982 ( 2)
 297 P   0.78114 0.18346 0.02047 0.01493 ( 1)
 298 -   0.82947 0.01063 0.15788 0.00202 ( 1)
 299 -   0.81691 0.02319 0.15548 0.00441 ( 1)
 300 -   0.00154 0.83856 0.00029 0.15961 ( 2)
 301 -   0.03720 0.80290 0.00708 0.15282 ( 2)


lnL = -4002.749617

Bayes Empirical Bayes (BEB) probabilities for 4 classes (class)
(amino acids refer to 1st sequence: AT2G33500_AT2G33500.1_Athaliana_Araport11)

   1 S   0.23643 0.29016 0.41509 0.05832 ( 3)
   2 N   0.96316 0.01953 0.01551 0.00181 ( 1)
   3 E   0.64530 0.18983 0.13816 0.02671 ( 1)
   4 L   0.92254 0.04269 0.02924 0.00553 ( 1)
   5 I   0.97103 0.01361 0.01398 0.00138 ( 1)
   6 V   0.92066 0.04852 0.02646 0.00435 ( 1)
   7 P   0.68710 0.14367 0.14982 0.01941 ( 1)
   8 Y   0.02292 0.73441 0.02900 0.21367 ( 2)
   9 D   0.93721 0.03558 0.02377 0.00345 ( 1)
  10 V   0.24158 0.64409 0.01407 0.10026 ( 2)
  11 S   0.31165 0.56349 0.05650 0.06837 ( 2)
  12 C   0.06707 0.65453 0.13676 0.14165 ( 2)
  13 K   0.92284 0.04270 0.02955 0.00491 ( 1)
  14 K   0.73260 0.13344 0.11415 0.01981 ( 1)
  15 Q   0.62508 0.31792 0.02087 0.03613 ( 1)
  16 S   0.07223 0.69546 0.08328 0.14902 ( 2)
  17 F   0.18578 0.57592 0.12120 0.11710 ( 2)
  18 S   0.73918 0.10894 0.13608 0.01580 ( 1)
  19 F   0.79030 0.16360 0.02564 0.02047 ( 1)
  20 G   0.96850 0.01356 0.01628 0.00165 ( 1)
  21 R   0.62611 0.17078 0.17557 0.02754 ( 1)
  22 S   0.74681 0.20057 0.02740 0.02522 ( 1)
  23 K   0.85631 0.10050 0.03106 0.01213 ( 1)
  24 Q   0.03742 0.72116 0.07871 0.16271 ( 2)
  25 V   0.00259 0.82113 0.00167 0.17461 ( 2)
  26 V   0.12622 0.75575 0.03280 0.08524 ( 2)
  27 F   0.59935 0.00134 0.39908 0.00024 ( 1)
  28 E   0.02458 0.76929 0.02788 0.17824 ( 2)
  29 Q   0.87504 0.10167 0.01628 0.00701 ( 1)
  30 L   0.98701 0.00006 0.01293 0.00000 ( 1)
  31 E   0.07713 0.34308 0.45808 0.12172 ( 3)
  32 L   0.11072 0.31759 0.46886 0.10284 ( 3)
  33 L   0.94463 0.03076 0.02180 0.00281 ( 1)
  34 K   0.04658 0.26072 0.57146 0.12124 ( 3)
  35 R   0.71177 0.24091 0.02499 0.02233 ( 1)
  36 G   0.19937 0.25747 0.47993 0.06323 ( 3)
  37 F   0.73134 0.22872 0.01808 0.02185 ( 1)
  38 V   0.38310 0.22680 0.33099 0.05911 ( 1)
  39 E   0.03224 0.61099 0.15253 0.20424 ( 2)
  40 G   0.12711 0.26896 0.52129 0.08263 ( 3)
  41 E   0.96098 0.01269 0.02498 0.00135 ( 1)
  42 G   0.92525 0.00372 0.07026 0.00078 ( 1)
  43 E   0.90203 0.05785 0.03495 0.00517 ( 1)
  44 I   0.97498 0.00661 0.01766 0.00074 ( 1)
  45 M   0.02128 0.80399 0.01556 0.15918 ( 2)
  46 V   0.64942 0.05542 0.28510 0.01006 ( 1)
  47 P   0.88966 0.08541 0.01954 0.00539 ( 1)
  48 E   0.58455 0.35574 0.02298 0.03673 ( 1)
  49 -   0.04794 0.78847 0.01743 0.14616 ( 2)
  50 -   0.12819 0.68770 0.01861 0.16551 ( 2)
  51 -   0.03140 0.66161 0.12710 0.17989 ( 2)
  52 -   0.69152 0.01682 0.28933 0.00233 ( 1)
  53 -   0.94938 0.00816 0.04140 0.00106 ( 1)
  54 -   0.71492 0.11593 0.14542 0.02372 ( 1)
  55 -   0.77538 0.05547 0.15779 0.01136 ( 1)
  56 -   0.01158 0.81928 0.00234 0.16680 ( 2)
  57 -   0.82687 0.00398 0.16833 0.00082 ( 1)
  58 -   0.82811 0.00275 0.16858 0.00056 ( 1)
  59 -   0.82638 0.00448 0.16823 0.00092 ( 1)
  60 -   0.17120 0.65966 0.03468 0.13447 ( 2)
  61 -   0.73924 0.09161 0.15040 0.01875 ( 1)
  62 -   0.81284 0.14984 0.01988 0.01744 ( 1)
  63 -   0.98988 0.00181 0.00820 0.00012 ( 1)
  64 I   0.59867 0.03080 0.36576 0.00477 ( 1)
  65 S   0.00076 0.79009 0.00472 0.20442 ( 2)
  66 Q   0.98562 0.00307 0.01113 0.00017 ( 1)
  67 Q   0.98921 0.00009 0.01070 0.00000 ( 1)
  68 W   0.74026 0.09059 0.15061 0.01854 ( 1)
  69 N   0.46528 0.36558 0.09446 0.07469 ( 1)
  70 A   0.82910 0.00176 0.16879 0.00036 ( 1)
  71 -   0.00335 0.82750 0.00068 0.16847 ( 2)
  72 -   0.60082 0.23004 0.12211 0.04704 ( 1)
  73 T   0.80670 0.02415 0.16420 0.00495 ( 1)
  74 N   0.76191 0.03002 0.20397 0.00409 ( 1)
  75 H   0.65547 0.30566 0.01080 0.02807 ( 1)
  76 S   0.23119 0.40705 0.24164 0.12012 ( 2)
  77 D   0.92506 0.03984 0.03026 0.00485 ( 1)
  78 F   0.96066 0.02221 0.01541 0.00172 ( 1)
  79 N   0.96590 0.01824 0.01432 0.00154 ( 1)
  80 L   0.97191 0.00813 0.01945 0.00052 ( 1)
  81 G   0.04605 0.11187 0.79927 0.04282 ( 3)
  82 Q   0.82688 0.06846 0.09508 0.00958 ( 1)
  83 S   0.89838 0.06038 0.03694 0.00430 ( 1)
  84 R   0.11229 0.62486 0.09872 0.16413 ( 2)
  85 N   0.00252 0.87865 0.00020 0.11864 ( 2)
  86 P   0.94309 0.03601 0.01836 0.00254 ( 1)
  87 D   0.49605 0.40929 0.04368 0.05098 ( 1)
  88 E   0.22013 0.58035 0.09079 0.10873 ( 2)
  89 P   0.05497 0.65005 0.12554 0.16945 ( 2)
  90 S   0.22376 0.25744 0.45091 0.06789 ( 3)
  91 P   0.54955 0.37335 0.03538 0.04171 ( 1)
  92 E   0.61374 0.32205 0.03041 0.03380 ( 1)
  93 D   0.07673 0.28649 0.51642 0.12036 ( 3)
  94 S   0.68072 0.27050 0.02149 0.02728 ( 1)
  95 V   0.17532 0.71203 0.00673 0.10592 ( 2)
  96 H   0.03288 0.63772 0.11789 0.21151 ( 2)
  97 I   0.06378 0.80109 0.01539 0.11974 ( 2)
  98 P   0.95384 0.03030 0.01343 0.00243 ( 1)
  99 A   0.15998 0.72938 0.01452 0.09612 ( 2)
 100 D   0.09688 0.77854 0.01299 0.11159 ( 2)
 101 S   0.15749 0.35380 0.40917 0.07953 ( 3)
 102 C   0.88259 0.09573 0.01204 0.00964 ( 1)
 103 G   0.02918 0.57844 0.19049 0.20190 ( 2)
 104 L   0.02775 0.28549 0.56423 0.12253 ( 3)
 105 H   0.71111 0.11415 0.15837 0.01637 ( 1)
 106 C   0.86259 0.11493 0.01146 0.01102 ( 1)
 107 T   0.13750 0.28600 0.49530 0.08120 ( 3)
 108 E   0.89112 0.06702 0.03473 0.00713 ( 1)
 109 H   0.00867 0.79707 0.01594 0.17832 ( 2)
 110 I   0.91614 0.00934 0.07332 0.00120 ( 1)
 111 -   0.84222 0.00298 0.15426 0.00054 ( 1)
 112 -   0.12724 0.70362 0.02577 0.14338 ( 2)
 113 -   0.10228 0.72857 0.02071 0.14844 ( 2)
 114 -   0.28703 0.54382 0.05819 0.11095 ( 2)
 115 -   0.71717 0.11368 0.14588 0.02326 ( 1)
 116 -   0.81547 0.01539 0.16600 0.00315 ( 1)
 117 -   0.70306 0.12780 0.14300 0.02615 ( 1)
 118 -   0.62622 0.20463 0.12729 0.04185 ( 1)
 119 -   0.81041 0.02044 0.16496 0.00419 ( 1)
 120 -   0.33889 0.49196 0.06873 0.10041 ( 2)
 121 -   0.81169 0.01916 0.16522 0.00392 ( 1)
 122 -   0.82249 0.00837 0.16743 0.00171 ( 1)
 123 -   0.66789 0.16296 0.13581 0.03334 ( 1)
 124 -   0.81647 0.01438 0.16620 0.00295 ( 1)
 125 -   0.42189 0.40896 0.08562 0.08352 ( 1)
 126 -   0.31791 0.51295 0.06447 0.10468 ( 2)
 127 -   0.73791 0.09295 0.15012 0.01902 ( 1)
 128 -   0.66375 0.16711 0.13496 0.03419 ( 1)
 129 -   0.40197 0.42888 0.08157 0.08758 ( 2)
 130 -   0.81652 0.01433 0.16621 0.00293 ( 1)
 131 -   0.80863 0.02222 0.16460 0.00455 ( 1)
 132 -   0.78637 0.04448 0.16004 0.00911 ( 1)
 133 -   0.74263 0.08822 0.15109 0.01806 ( 1)
 134 -   0.80599 0.02486 0.16406 0.00509 ( 1)
 135 -   0.81838 0.01247 0.16659 0.00255 ( 1)
 136 -   0.20236 0.62850 0.04100 0.12815 ( 2)
 137 -   0.14245 0.68841 0.02885 0.14030 ( 2)
 138 -   0.78485 0.04600 0.15973 0.00942 ( 1)
 139 -   0.65017 0.18068 0.13219 0.03696 ( 1)
 140 -   0.81186 0.01900 0.16526 0.00389 ( 1)
 141 -   0.76622 0.06464 0.15592 0.01323 ( 1)
 142 -   0.80656 0.02429 0.16417 0.00497 ( 1)
 143 -   0.14536 0.68549 0.02944 0.13971 ( 2)
 144 -   0.71303 0.11782 0.14504 0.02411 ( 1)
 145 -   0.80588 0.02497 0.16403 0.00511 ( 1)
 146 -   0.25989 0.57096 0.05268 0.11647 ( 2)
 147 -   0.27481 0.55604 0.05571 0.11344 ( 2)
 148 -   0.75459 0.07626 0.15354 0.01561 ( 1)
 149 -   0.15384 0.12912 0.68663 0.03041 ( 3)
 150 -   0.95220 0.01155 0.03420 0.00205 ( 1)
 151 -   0.62088 0.31440 0.02038 0.04434 ( 1)
 152 A   0.75398 0.17823 0.04471 0.02308 ( 1)
 153 I   0.54654 0.38561 0.01831 0.04955 ( 1)
 154 T   0.82464 0.14818 0.01499 0.01219 ( 1)
 155 S   0.95363 0.01390 0.03126 0.00121 ( 1)
 156 T   0.84162 0.12830 0.01853 0.01155 ( 1)
 157 R   0.20910 0.71481 0.00641 0.06968 ( 2)
 158 L   0.01010 0.86039 0.00305 0.12646 ( 2)
 159 V   0.72353 0.00874 0.26672 0.00101 ( 1)
 160 A   0.80579 0.14432 0.03185 0.01805 ( 1)
 161 V   0.00086 0.74411 0.01688 0.23815 ( 2)
 162 T   0.64656 0.20890 0.10180 0.04274 ( 1)
 163 -   0.65924 0.17161 0.13404 0.03511 ( 1)
 164 -   0.09298 0.73788 0.01882 0.15032 ( 2)
 165 -   0.48643 0.34442 0.09877 0.07038 ( 1)
 166 -   0.05810 0.77276 0.01176 0.15739 ( 2)
 167 -   0.81106 0.01979 0.16509 0.00405 ( 1)
 168 -   0.06860 0.76225 0.01389 0.15526 ( 2)
 169 -   0.68588 0.14497 0.13948 0.02966 ( 1)
 170 -   0.47442 0.35643 0.09632 0.07282 ( 1)
 171 -   0.62580 0.20505 0.12721 0.04194 ( 1)
 172 -   0.79407 0.03679 0.16162 0.00753 ( 1)
 173 -   0.61259 0.21826 0.12451 0.04464 ( 1)
 174 -   0.68337 0.14748 0.13897 0.03018 ( 1)
 175 N   0.55495 0.32377 0.06498 0.05631 ( 1)
 176 A   0.37355 0.03887 0.57734 0.01024 ( 3)
 177 D   0.55458 0.00965 0.43375 0.00201 ( 1)
 178 L   0.48252 0.45139 0.01725 0.04884 ( 1)
 179 E   0.96547 0.00071 0.03377 0.00006 ( 1)
 180 R   0.91816 0.04895 0.02783 0.00506 ( 1)
 181 D   0.00412 0.83009 0.00079 0.16501 ( 2)
 182 N   0.02987 0.80055 0.00912 0.16046 ( 2)
 183 -   0.75671 0.07414 0.15397 0.01518 ( 1)
 184 -   0.66789 0.16296 0.13581 0.03334 ( 1)
 185 -   0.65591 0.17495 0.13336 0.03579 ( 1)
 186 -   0.31128 0.51957 0.06312 0.10603 ( 2)
 187 -   0.05163 0.77922 0.01045 0.15870 ( 2)
 188 -   0.64933 0.18152 0.13201 0.03713 ( 1)
 189 -   0.37870 0.45216 0.07683 0.09232 ( 2)
 190 -   0.10746 0.72339 0.02176 0.14739 ( 2)
 191 -   0.80403 0.02682 0.16366 0.00549 ( 1)
 192 -   0.57029 0.26056 0.11587 0.05327 ( 1)
 193 -   0.81313 0.01772 0.16552 0.00363 ( 1)
