Supplemental results for CODEML (seqf: aligned.fas  treef: AT2G47890_AT2G47890.1_Athaliana_Araport11.treefile)

I	J	ij	2Ns_IJ	pMut_IJ	pSub_IJ	2Ns_JI	pMut_JI	pSub_JI

TTC	TTT	CT	-0.68978	0.04335	0.03011	0.68978	0.02175	0.03011
TTA	TTT	AT	0.42132	0.01455	0.01783	-0.42132	0.02218	0.01783
TTA	TTC	AC	1.11109	0.00548	0.00907	-1.11109	0.01663	0.00907
TTG	TTT	GT	-1.39177	0.06549	0.03016	1.39177	0.01628	0.03016
TTG	TTC	GC	-0.70199	0.02464	0.01700	0.70199	0.01221	0.01700
TTG	TTA	GA	-1.81309	0.04405	0.01557	1.81309	0.00719	0.01557
TCT	TTT	CT	-1.13161	0.06744	0.03633	1.13161	0.02175	0.03633
TCC	TTC	CT	-1.82476	0.10116	0.03549	1.82476	0.01631	0.03549
TCC	TCT	CT	-1.38292	0.10116	0.04684	1.38292	0.02538	0.04684
TCA	TTA	CT	-1.78839	0.04335	0.01557	1.78839	0.00725	0.01557
TCA	TCT	AT	-0.23546	0.03274	0.02904	0.23546	0.02587	0.02904
TCA	TCC	AC	1.14746	0.01232	0.02071	-1.14746	0.03881	0.02071
TCG	TTG	CT	-1.08282	0.09634	0.05342	1.08282	0.03263	0.05342
TCG	TCT	GT	-1.34298	0.07276	0.03452	1.34298	0.01900	0.03452
TCG	TCC	GC	0.03994	0.02738	0.02793	-0.03994	0.02849	0.02793
TCG	TCA	GA	-1.10752	0.04894	0.02674	1.10752	0.01617	0.02674
TAT	TTT	AT	0.70900	0.01091	0.01524	-0.70900	0.02218	0.01524
TAT	TCT	AC	1.84061	0.00411	0.00898	-1.84061	0.02587	0.00898
TAC	TTC	AT	0.13364	0.01455	0.01555	-0.13364	0.01663	0.01555
TAC	TCC	AC	1.95839	0.00548	0.01248	-1.95839	0.03881	0.01248
TAC	TAT	CT	-1.26514	0.01927	0.00958	1.26514	0.00544	0.00958
TGT	TTT	GT	-1.67945	0.08732	0.03361	1.67945	0.01628	0.03361
TGT	TCT	GC	-0.54784	0.03285	0.02467	0.54784	0.01900	0.02467
TGT	TAT	GA	-2.38845	0.05873	0.01417	2.38845	0.00539	0.01417
TGC	TTC	GT	-2.37260	0.13097	0.03195	2.37260	0.01221	0.03195
TGC	TCC	GC	-0.54784	0.04928	0.03701	0.54784	0.02849	0.03701
TGC	TAC	GA	-2.50623	0.08810	0.01961	2.50623	0.00719	0.01961
TGC	TGT	CT	-1.38292	0.17342	0.08030	1.38292	0.04350	0.08030
TGG	TTG	GT	-0.86852	0.05821	0.03655	0.86852	0.02442	0.03655
TGG	TCG	GC	0.21430	0.02190	0.02433	-0.21430	0.02714	0.02433
TGG	TGT	GT	-0.58084	0.05821	0.04293	0.58084	0.03256	0.04293
TGG	TGC	GC	0.80208	0.02190	0.03185	-0.80208	0.04885	0.03185
CTT	TTT	CT	-1.20060	0.07226	0.03736	1.20060	0.02175	0.03736
CTC	TTC	CT	-1.34518	0.06262	0.02967	1.34518	0.01631	0.02967
CTC	CTT	CT	-0.83436	0.06262	0.04009	0.83436	0.02719	0.04009
CTA	TTA	CT	-0.68978	0.01445	0.01004	0.68978	0.00725	0.01004
CTA	CTT	AT	0.93214	0.01091	0.01678	-0.93214	0.02772	0.01678
CTA	CTC	AC	1.76650	0.00411	0.00875	-1.76650	0.02403	0.00875
CTG	TTG	CT	0.30348	0.02409	0.02793	-0.30348	0.03263	0.02793
CTG	CTT	GT	0.11231	0.01819	0.01923	-0.11231	0.02035	0.01923
CTG	CTC	GC	0.94667	0.00684	0.01059	-0.94667	0.01764	0.01059
CTG	CTA	GA	-0.81984	0.01224	0.00790	0.81984	0.00539	0.00790
CCT	TCT	CT	-0.28431	0.03372	0.02915	0.28431	0.02538	0.02915
CCT	CTT	CT	-0.21532	0.03372	0.03022	0.21532	0.02719	0.03022
CCC	TCC	CT	0.96845	0.01445	0.02256	-0.96845	0.03806	0.02256
CCC	CTC	CT	0.48888	0.01445	0.01827	-0.48888	0.02356	0.01827
CCC	CCT	CT	-0.13016	0.01445	0.01353	0.13016	0.01269	0.01353
CCA	TCA	CT	-0.85968	0.03854	0.02432	0.85968	0.01631	0.02432
CCA	CTA	CT	-1.95829	0.03854	0.01240	1.95829	0.00544	0.01240
CCA	CCT	AT	-0.81083	0.02911	0.01888	0.81083	0.01294	0.01888
CCA	CCC	AC	-0.68067	0.01095	0.00764	0.68067	0.00554	0.00764
CCG	TCG	CT	0.63198	0.01927	0.02599	-0.63198	0.03625	0.02599
CCG	CTG	CT	-0.75431	0.01927	0.01291	0.75431	0.00906	0.01291
CCG	CCT	GT	-0.42669	0.01455	0.01167	0.42669	0.00950	0.01167
CCG	CCC	GC	-0.29653	0.00548	0.00470	0.29653	0.00407	0.00470
CCG	CCA	GA	0.38414	0.00979	0.01179	-0.38414	0.01437	0.01179
CAT	TAT	CT	-2.36375	0.05781	0.01419	2.36375	0.00544	0.01419
CAT	CTT	AT	-0.45415	0.04366	0.03449	0.45415	0.02772	0.03449
CAT	CCT	AC	-0.23883	0.01643	0.01454	0.23883	0.01294	0.01454
CAC	TAC	CT	-2.63569	0.10116	0.02058	2.63569	0.00725	0.02058
CAC	CTC	AT	-1.15687	0.07640	0.04054	1.15687	0.02403	0.04054
CAC	CCC	AC	-1.64575	0.02875	0.01131	1.64575	0.00554	0.01131
CAC	CAT	CT	-1.53707	0.10116	0.04259	1.53707	0.02175	0.04259
CAA	CTA	AT	-1.65812	0.02911	0.01136	1.65812	0.00554	0.01136
CAA	CCA	AC	0.30016	0.01095	0.01268	-0.30016	0.01479	0.01268
CAA	CAT	AT	-0.27183	0.02911	0.02533	0.27183	0.02218	0.02533
CAA	CAC	AC	1.26525	0.01095	0.01930	-1.26525	0.03881	0.01930
CAG	CTG	AT	-1.37044	0.03638	0.01698	1.37044	0.00924	0.01698
CAG	CCG	AC	-0.61613	0.01369	0.00990	0.61613	0.00739	0.00990
CAG	CAT	GT	-0.80398	0.03638	0.02370	0.80398	0.01628	0.02370
CAG	CAC	GC	0.73309	0.01369	0.01931	-0.73309	0.02849	0.01931
CAG	CAA	GA	-0.53215	0.02447	0.01853	0.53215	0.01437	0.01853
CGT	TGT	CT	-0.63262	0.08189	0.05870	0.63262	0.04350	0.05870
CGT	CTT	GT	-1.11147	0.06185	0.03372	1.11147	0.02035	0.03372
CGT	CCT	GC	-0.89615	0.02327	0.01438	0.89615	0.00950	0.01438
CGT	CAT	GA	-0.65732	0.04160	0.02942	0.65732	0.02156	0.02942
CGC	TGC	CT	0.20817	0.05299	0.05870	-0.20817	0.06525	0.05870
CGC	CTC	GT	-0.81925	0.04002	0.02584	0.81925	0.01764	0.02584
CGC	CCC	GC	-1.30813	0.01506	0.00730	1.30813	0.00407	0.00730
CGC	CAC	GA	0.33762	0.02692	0.03172	-0.33762	0.03773	0.03172
CGC	CGT	CT	-0.54214	0.05299	0.03992	0.54214	0.03081	0.03992
CGA	CTA	GT	-1.27399	0.01455	0.00720	1.27399	0.00407	0.00720
CGA	CCA	GC	0.68430	0.00548	0.00756	-0.68430	0.01085	0.00756
CGA	CAA	GA	0.38414	0.00979	0.01179	-0.38414	0.01437	0.01179
CGA	CGT	AT	0.76962	0.01455	0.02086	-0.76962	0.03142	0.02086
CGA	CGC	AC	1.31177	0.00548	0.00983	-1.31177	0.02033	0.00983
CGG	TGG	CT	0.00337	0.02890	0.02895	-0.00337	0.02900	0.02895
CGG	CTG	GT	-1.16863	0.02183	0.01150	1.16863	0.00678	0.01150
CGG	CCG	GC	-0.41431	0.00821	0.00663	0.41431	0.00543	0.00663
CGG	CAG	GA	0.20182	0.01468	0.01621	-0.20182	0.01797	0.01621
CGG	CGT	GT	0.05515	0.02183	0.02244	-0.05515	0.02307	0.02244
CGG	CGC	GC	0.59729	0.00821	0.01091	-0.59729	0.01493	0.01091
CGG	CGA	GA	-0.71447	0.01468	0.01006	0.71447	0.00719	0.01006
ATT	TTT	AT	1.80761	0.00364	0.00787	-1.80761	0.02218	0.00787
ATT	CTT	AC	3.00821	0.00137	0.00433	-3.00821	0.02772	0.00433
ATC	TTC	AT	-0.67729	0.03274	0.02290	0.67729	0.01663	0.02290
ATC	CTC	AC	0.66789	0.01232	0.01689	-0.66789	0.02403	0.01689
ATC	ATT	CT	-3.17468	0.04335	0.00601	3.17468	0.00181	0.00601
ATA	TTA	AT	7.92192	0.00000	0.00000	-7.92192	0.00739	0.00002
ATA	CTA	AC	8.61170	0.00000	0.00000	-8.61170	0.00554	0.00001
ATA	ATT	AT	6.53563	0.00000	0.00000	-6.53563	0.00185	0.00002
ATA	ATC	AC	9.71031	0.00000	0.00000	-9.71031	0.01663	0.00001
ATG	TTG	AT	-0.35187	0.04730	0.03946	0.35187	0.03327	0.03946
ATG	CTG	AC	-0.65535	0.01780	0.01260	0.65535	0.00924	0.01260
ATG	ATT	GT	-3.55125	0.04730	0.00496	3.55125	0.00136	0.00496
ATG	ATC	GC	-0.37657	0.01780	0.01465	0.37657	0.01221	0.01465
ATG	ATA	GA	-10.08688	0.03181	0.00001	10.08688	0.00000	0.00000
ACT	TCT	AT	-0.11768	0.02911	0.02743	0.11768	0.02587	0.02743
ACT	CCT	AC	0.16663	0.01095	0.01189	-0.16663	0.01294	0.01189
ACT	ATT	CT	-3.05690	0.03854	0.00581	3.05690	0.00181	0.00581
ACC	TCC	AT	0.98093	0.01455	0.02284	-0.98093	0.03881	0.02284
ACC	CCC	AC	0.01248	0.00548	0.00551	-0.01248	0.00554	0.00551
ACC	ATC	CT	-0.16653	0.01927	0.01771	0.16653	0.01631	0.01771
ACC	ACT	CT	-0.28431	0.01927	0.01666	0.28431	0.01450	0.01666
ACA	TCA	AT	-0.08951	0.01819	0.01739	0.08951	0.01663	0.01739
ACA	CCA	AC	0.77017	0.00684	0.00982	-0.77017	0.01479	0.00982
ACA	ATA	CT	-9.79982	0.02409	0.00001	9.79982	0.00000	0.00000
ACA	ACT	AT	-0.20729	0.01819	0.01637	0.20729	0.01479	0.01637
ACA	ACC	AC	0.07702	0.00684	0.00711	-0.07702	0.00739	0.00711
ACG	TCG	AT	-0.67729	0.07276	0.05088	0.67729	0.03696	0.05088
ACG	CCG	AC	-1.30927	0.02738	0.01326	1.30927	0.00739	0.01326
ACG	ATG	CT	-1.40824	0.09634	0.04393	1.40824	0.02356	0.04393
ACG	ACT	GT	-1.90259	0.07276	0.02427	1.90259	0.01085	0.02427
ACG	ACC	GC	-1.61828	0.02738	0.01095	1.61828	0.00543	0.01095
ACG	ACA	GA	-1.69530	0.04894	0.01865	1.69530	0.00898	0.01865
AAT	TAT	AT	-1.52459	0.02547	0.01081	1.52459	0.00554	0.01081
AAT	CAT	AC	0.83916	0.00958	0.01416	-0.83916	0.02218	0.01416
AAT	ATT	AT	-2.62320	0.02547	0.00523	2.62320	0.00185	0.00523
AAT	ACT	AC	0.43370	0.00958	0.01181	-0.43370	0.01479	0.01181
AAC	TAC	AT	-1.68890	0.04002	0.01531	1.68890	0.00739	0.01531
AAC	CAC	AC	0.94679	0.01506	0.02329	-0.94679	0.03881	0.02329
AAC	ATC	AT	-0.87797	0.04002	0.02499	0.87797	0.01663	0.02499
AAC	ACC	AC	-0.71144	0.01506	0.01033	0.71144	0.00739	0.01033
AAC	AAT	CT	-1.42944	0.05299	0.02385	1.42944	0.01269	0.02385
AAA	CAA	AC	-0.32844	0.02053	0.01735	0.32844	0.01479	0.01735
AAA	ATA	AT	-10.59827	0.05457	0.00001	10.59827	0.00000	0.00000
AAA	ACA	AC	-0.79845	0.02053	0.01342	0.79845	0.00924	0.01342
AAA	AAT	AT	-1.43943	0.05457	0.02441	1.43943	0.01294	0.02441
AAA	AAC	AC	-0.00999	0.02053	0.02043	0.00999	0.02033	0.02043
AAG	CAG	AC	-0.23046	0.02327	0.02069	0.23046	0.01848	0.02069
AAG	ATG	AT	-0.94556	0.06185	0.03715	0.94556	0.02403	0.03715
AAG	ACG	AC	0.46268	0.02327	0.02907	-0.46268	0.03696	0.02907
AAG	AAT	GT	-1.87361	0.06185	0.02102	1.87361	0.00950	0.02102
AAG	AAC	GC	-0.44416	0.02327	0.01848	0.44416	0.01493	0.01848
AAG	AAA	GA	-0.43417	0.04160	0.03322	0.43417	0.02695	0.03322
AGT	TGT	AT	0.42132	0.02911	0.03567	-0.42132	0.04436	0.03567
AGT	CGT	AC	1.05394	0.01095	0.01772	-1.05394	0.03142	0.01772
AGT	ATT	GT	-3.06575	0.02911	0.00436	3.06575	0.00136	0.00436
AGT	ACT	GC	-0.00885	0.01095	0.01090	0.00885	0.01085	0.01090
AGT	AAT	GA	-0.44254	0.01958	0.01556	0.44254	0.01258	0.01556
AGC	TGC	AT	0.42132	0.04366	0.05350	-0.42132	0.06653	0.05350
AGC	CGC	AC	0.21315	0.01643	0.01824	-0.21315	0.02033	0.01824
AGC	ATC	GT	-1.27399	0.04366	0.02160	1.27399	0.01221	0.02160
AGC	ACC	GC	-1.10746	0.01643	0.00898	1.10746	0.00543	0.00898
AGC	AAC	GA	-0.39602	0.02937	0.02393	0.39602	0.01976	0.02393
AGC	AGT	CT	-1.38292	0.05781	0.02677	1.38292	0.01450	0.02677
AGA	CGA	AC	-0.79845	0.01643	0.01073	0.79845	0.00739	0.01073
AGA	ATA	GT	-10.68413	0.04366	0.00001	10.68413	0.00000	0.00000
AGA	ACA	GC	-0.88431	0.01643	0.01022	0.88431	0.00678	0.01022
AGA	AAA	GA	-0.08587	0.02937	0.02812	0.08587	0.02695	0.02812
AGA	AGT	AT	-1.08276	0.04366	0.02421	1.08276	0.01479	0.02421
AGA	AGC	AC	0.30016	0.01643	0.01902	-0.30016	0.02218	0.01902
AGG	TGG	AT	-0.20729	0.03638	0.03274	0.20729	0.02957	0.03274
AGG	CGG	AC	-0.21066	0.01369	0.01230	0.21066	0.01109	0.01230
AGG	ATG	GT	-0.72394	0.03638	0.02479	0.72394	0.01764	0.02479
AGG	ACG	GC	0.68430	0.01369	0.01890	-0.68430	0.02714	0.01890
AGG	AAG	GA	0.22162	0.02447	0.02728	-0.22162	0.03054	0.02728
AGG	AGT	GT	-1.20945	0.03638	0.01871	1.20945	0.01085	0.01871
AGG	AGC	GC	0.17348	0.01369	0.01491	-0.17348	0.01628	0.01491
AGG	AGA	GA	-0.12669	0.02447	0.02295	0.12669	0.02156	0.02295
GTT	TTT	GT	-1.33461	0.06185	0.02950	1.33461	0.01628	0.02950
GTT	CTT	GC	-0.13401	0.02327	0.02175	0.13401	0.02035	0.02175
GTT	ATT	GA	-3.14222	0.04160	0.00590	3.14222	0.00180	0.00590
GTC	TTC	GT	-1.42814	0.05093	0.02294	1.42814	0.01221	0.02294
GTC	CTC	GC	-0.08295	0.01916	0.01838	0.08295	0.01764	0.01838
GTC	ATC	GA	-0.75084	0.03426	0.02299	0.75084	0.01617	0.02299
GTC	GTT	CT	-0.78330	0.06744	0.04444	0.78330	0.03081	0.04444
GTA	TTA	GT	-1.67945	0.02911	0.01120	1.67945	0.00543	0.01120
GTA	CTA	GC	-0.98967	0.01095	0.00641	0.98967	0.00407	0.00641
GTA	ATA	GA	-9.60137	0.01958	0.00001	9.60137	0.00000	0.00000
GTA	GTT	AT	0.07648	0.02911	0.03023	-0.07648	0.03142	0.03023
GTA	GTC	AC	0.85978	0.01095	0.01633	-0.85978	0.02587	0.01633
GTG	TTG	GT	-0.66088	0.04730	0.03338	0.66088	0.02442	0.03338
GTG	CTG	GC	-0.96436	0.01780	0.01057	0.96436	0.00678	0.01057
GTG	ATG	GA	-0.30901	0.03181	0.02715	0.30901	0.02336	0.02715
GTG	GTT	GT	-0.71804	0.04730	0.03233	0.71804	0.02307	0.03233
GTG	GTC	GC	0.06526	0.01780	0.01838	-0.06526	0.01900	0.01838
GTG	GTA	GA	-0.79452	0.03181	0.02083	0.79452	0.01437	0.02083
GCT	TCT	GT	-1.71454	0.10551	0.03972	1.71454	0.01900	0.03972
GCT	CCT	GC	-1.43023	0.03970	0.01786	1.43023	0.00950	0.01786
GCT	ACT	GA	-1.59686	0.07097	0.02878	1.59686	0.01437	0.02878
GCT	GTT	CT	-1.51154	0.13970	0.05976	1.51154	0.03081	0.05976
GCC	TCC	GT	-0.83215	0.06549	0.04198	0.83215	0.02849	0.04198
GCC	CCC	GC	-1.80061	0.02464	0.00878	1.80061	0.00407	0.00878
GCC	ACC	GA	-1.81309	0.04405	0.01557	1.81309	0.00719	0.01557
GCC	GTC	CT	-1.22877	0.08671	0.04408	1.22877	0.02538	0.04408
GCC	GCT	CT	-0.50053	0.08671	0.06681	0.50053	0.05256	0.06681
GCA	TCA	GT	-1.27399	0.04366	0.02160	1.27399	0.01221	0.02160
GCA	CCA	GC	-0.41431	0.01643	0.01326	0.41431	0.01085	0.01326
GCA	ACA	GA	-1.18448	0.02937	0.01533	1.18448	0.00898	0.01533
GCA	GTA	CT	-1.38292	0.05781	0.02677	1.38292	0.01450	0.02677
GCA	GCT	AT	0.20509	0.04366	0.04829	-0.20509	0.05360	0.04829
GCA	GCC	AC	0.70563	0.01643	0.02290	-0.70563	0.03327	0.02290
GCG	TCG	GT	-1.20945	0.09095	0.04678	1.20945	0.02714	0.04678
GCG	CCG	GC	-1.84143	0.03422	0.01188	1.84143	0.00543	0.01188
GCG	ACG	GA	-0.53215	0.06118	0.04634	0.53215	0.03593	0.04634
GCG	GTG	CT	-1.63138	0.12043	0.04779	1.63138	0.02356	0.04779
GCG	GCT	GT	-0.83788	0.09095	0.05811	0.83788	0.03935	0.05811
GCG	GCC	GC	-0.33735	0.03422	0.02877	0.33735	0.02442	0.02877
GCG	GCA	GA	-1.04298	0.06118	0.03472	1.04298	0.02156	0.03472
GAT	TAT	GT	-3.21990	0.10187	0.01365	3.21990	0.00407	0.01365
GAT	CAT	GC	-0.85614	0.03833	0.02423	0.85614	0.01628	0.02423
GAT	AAT	GA	-1.69530	0.06852	0.02611	1.69530	0.01258	0.02611
GAT	GTT	AT	-1.17629	0.10187	0.05344	1.17629	0.03142	0.05344
GAT	GCT	AC	0.33526	0.03833	0.04511	-0.33526	0.05360	0.04511
GAC	TAC	GT	-2.59574	0.07276	0.01522	2.59574	0.00543	0.01522
GAC	CAC	GC	0.03994	0.02738	0.02793	-0.03994	0.02849	0.02793
GAC	AAC	GA	-0.90685	0.04894	0.03006	0.90685	0.01976	0.03006
GAC	GTC	AT	-1.03397	0.07276	0.04152	1.03397	0.02587	0.04152
GAC	GCC	AC	0.19480	0.02738	0.03013	-0.19480	0.03327	0.03013
GAC	GAT	CT	-0.64099	0.09634	0.06874	0.64099	0.05075	0.06874
GAA	CAA	GC	-0.63745	0.02053	0.01468	0.63745	0.01085	0.01468
GAA	AAA	GA	-0.30901	0.03671	0.03133	0.30901	0.02695	0.03133
GAA	GTA	AT	-1.30590	0.05457	0.02648	1.30590	0.01479	0.02648
GAA	GCA	AC	0.07702	0.02053	0.02133	-0.07702	0.02218	0.02133
GAA	GAT	AT	-0.05314	0.05457	0.05313	0.05314	0.05175	0.05313
GAA	GAC	AC	0.58785	0.02053	0.02716	-0.58785	0.03696	0.02716
GAG	CAG	GC	-0.53947	0.02327	0.01756	0.53947	0.01357	0.01756
GAG	AAG	GA	-0.30901	0.04160	0.03550	0.30901	0.03054	0.03550
GAG	GTG	AT	-0.94556	0.06185	0.03715	0.94556	0.02403	0.03715
GAG	GCG	AC	0.68583	0.02327	0.03216	-0.68583	0.04620	0.03216
GAG	GAT	GT	-0.48731	0.06185	0.04800	0.48731	0.03799	0.04800
GAG	GAC	GC	0.15367	0.02327	0.02511	-0.15367	0.02714	0.02511
GAG	GAA	GA	-0.43417	0.04160	0.03322	0.43417	0.02695	0.03322
GGT	TGT	GT	-0.00547	0.03274	0.03265	0.00547	0.03256	0.03265
GGT	CGT	GC	0.62714	0.01232	0.01658	-0.62714	0.02307	0.01658
GGT	AGT	GA	-0.42679	0.02202	0.01766	0.42679	0.01437	0.01766
GGT	GTT	GT	-0.35032	0.03274	0.02734	0.35032	0.02307	0.02734
GGT	GCT	GC	1.16123	0.01232	0.02083	-1.16123	0.03935	0.02083
GGT	GAT	GA	0.82597	0.02202	0.03236	-0.82597	0.05030	0.03236
GGC	TGC	GT	0.80546	0.02183	0.03179	-0.80546	0.04885	0.03179
GGC	CGC	GC	0.59729	0.00821	0.01091	-0.59729	0.01493	0.01091
GGC	AGC	GA	0.38414	0.01468	0.01768	-0.38414	0.02156	0.01768
GGC	GTC	GT	-0.13901	0.02183	0.02035	0.13901	0.01900	0.02035
GGC	GCC	GC	1.08977	0.00821	0.01349	-1.08977	0.02442	0.01349
GGC	GAC	GA	0.89496	0.01468	0.02222	-0.89496	0.03593	0.02222
GGC	GGT	CT	-0.57199	0.02890	0.02142	0.57199	0.01631	0.02142
GGA	CGA	GC	-1.26161	0.01916	0.00955	1.26161	0.00543	0.00955
GGA	AGA	GA	-0.46316	0.03426	0.02694	0.46316	0.02156	0.02694
GGA	GTA	GT	-1.54592	0.05093	0.02133	1.54592	0.01085	0.02133
GGA	GCA	GC	-0.16300	0.01916	0.01765	0.16300	0.01628	0.01765
GGA	GAA	GA	-0.24002	0.03426	0.03031	0.24002	0.02695	0.03031
GGA	GGT	AT	-1.11913	0.05093	0.02764	1.11913	0.01663	0.02764
GGA	GGC	AC	-0.54713	0.01916	0.01440	0.54713	0.01109	0.01440
GGG	TGG	GT	0.68767	0.01091	0.01509	-0.68767	0.02171	0.01509
GGG	CGG	GC	0.68430	0.00411	0.00567	-0.68430	0.00814	0.00567
GGG	AGG	GA	0.89496	0.00734	0.01111	-0.89496	0.01797	0.01111
GGG	GTG	GT	0.48003	0.01091	0.01374	-0.48003	0.01764	0.01374
GGG	GCG	GC	2.11142	0.00411	0.00987	-2.11142	0.03392	0.00987
GGG	GAG	GA	1.42559	0.00734	0.01378	-1.42559	0.03054	0.01378
GGG	GGT	GT	0.11231	0.01091	0.01154	-0.11231	0.01221	0.01154
GGG	GGC	GC	0.68430	0.00411	0.00567	-0.68430	0.00814	0.00567
GGG	GGA	GA	1.23144	0.00734	0.01277	-1.23144	0.02515	0.01277


Histograms
2Ns	FMut	FSub(CodonUsage)	FSubw(after w)

-10.17537	0.01186	0.00001
-9.15783	0.00136	0.00000
-8.14029	0.00090	0.00000
-7.12276	0.00000	0.00000
-6.10522	0.00013	0.00000
-5.08768	0.00000	0.00000
-4.07015	0.00000	0.00000
-3.05261	0.03674	0.00730
-2.03507	0.12178	0.05151
-1.01754	0.37684	0.26942
0.00000	0.28556	0.34353
1.01754	0.14332	0.26942
2.03507	0.01956	0.05151
3.05261	0.00195	0.00730
4.07015	0.00000	0.00000
5.08768	0.00000	0.00000
6.10522	0.00000	0.00000
7.12276	0.00000	0.00000
8.14029	0.00000	0.00000
9.15783	0.00000	0.00000
10.17537	0.00000	0.00000

Proportion of advantageous (S > 0) mutations:
 0.28891

Proportions of good & bad mutations (|S| > 2.0000) among mutations:
0.00434  0.07665

mean |Ns| = 1.10983	mean Ns+ = 0.70870	mean Ns- = -1.27282


MLEs of dN/dS (w) for site classes (K=4)

site class             0        1       2a       2b
proportion       0.55039  0.42783  0.01226  0.00953
background w     0.04105  1.00000  0.04105  1.00000
foreground w     0.04105  1.00000  1.00000  1.00000

Naive Empirical Bayes (NEB) probabilities for 4 classes
(amino acids refer to 1st sequence: AT2G33500_AT2G33500.1_Athaliana_Araport11)

   1 M   0.99839 0.00000 0.00161 0.00000 ( 1)
   2 -   0.55659 0.42162 0.01239 0.00939 ( 1)
   3 -   0.00609 0.97213 0.00014 0.02165 ( 2)
   4 -   0.05477 0.92344 0.00122 0.02056 ( 2)
   5 -   0.41699 0.56123 0.00929 0.01250 ( 2)
   6 -   0.86849 0.10972 0.01934 0.00244 ( 1)
   7 -   0.60743 0.37078 0.01353 0.00826 ( 1)
   8 -   0.30522 0.67300 0.00680 0.01499 ( 2)
   9 -   0.02186 0.95636 0.00049 0.02130 ( 2)
  10 -   0.89107 0.08714 0.01984 0.00194 ( 1)
  11 G   0.04820 0.93096 0.00011 0.02073 ( 2)
  12 T   0.00026 0.97785 0.00011 0.02178 ( 2)
  13 S   0.02097 0.94930 0.00858 0.02114 ( 2)
  14 T   0.00001 0.97819 0.00001 0.02178 ( 2)
  15 T   0.00268 0.97468 0.00093 0.02170 ( 2)
  16 V   0.83734 0.13959 0.01996 0.00311 ( 1)
  17 A   0.00004 0.97816 0.00002 0.02178 ( 2)
  18 C   0.99361 0.00021 0.00618 0.00000 ( 1)
  19 E   0.99257 0.00279 0.00458 0.00006 ( 1)
  20 F   0.00492 0.97334 0.00007 0.02167 ( 2)
  21 C   0.99343 0.00034 0.00622 0.00001 ( 1)
  22 G   0.20125 0.77044 0.01115 0.01716 ( 2)
  23 E   0.00056 0.97447 0.00327 0.02170 ( 2)
  24 R   0.06058 0.70956 0.21406 0.01580 ( 2)
  25 T   0.00094 0.97663 0.00068 0.02175 ( 2)
  26 A   0.99372 0.00032 0.00595 0.00001 ( 1)
  27 V   0.05895 0.91973 0.00084 0.02048 ( 2)
  28 L   0.46835 0.45510 0.06641 0.01013 ( 1)
  29 F   0.99854 0.00001 0.00145 0.00000 ( 1)
  30 C   0.99361 0.00023 0.00615 0.00001 ( 1)
  31 R   0.00736 0.97043 0.00060 0.02161 ( 2)
  32 A   0.99373 0.00032 0.00595 0.00001 ( 1)
  33 D   0.99600 0.00005 0.00394 0.00000 ( 1)
  34 T   0.06998 0.90534 0.00452 0.02016 ( 2)
  35 A   0.99407 0.00039 0.00553 0.00001 ( 1)
  36 K   0.98972 0.00357 0.00663 0.00008 ( 1)
  37 L   0.99652 0.00003 0.00345 0.00000 ( 1)
  38 C   0.99357 0.00027 0.00615 0.00001 ( 1)
  39 L   0.01722 0.96128 0.00009 0.02141 ( 2)
  40 P   0.00022 0.97800 0.00000 0.02178 ( 2)
  41 C   0.99360 0.00024 0.00615 0.00001 ( 1)
  42 D   0.99609 0.00004 0.00387 0.00000 ( 1)
  43 Q   0.01247 0.96546 0.00057 0.02150 ( 2)
  44 H   0.00008 0.97814 0.00000 0.02178 ( 2)
  45 V   0.99642 0.00030 0.00327 0.00001 ( 1)
  46 H   0.99598 0.00003 0.00399 0.00000 ( 1)
  47 S   0.01152 0.94496 0.02248 0.02104 ( 2)
  48 A   0.99412 0.00034 0.00553 0.00001 ( 1)
  49 N   0.99831 0.00000 0.00169 0.00000 ( 1)
  50 L   0.04038 0.93689 0.00187 0.02086 ( 2)
  51 L   0.99629 0.00018 0.00352 0.00000 ( 1)
  52 S   0.85392 0.06716 0.07743 0.00150 ( 1)
  53 R   0.00004 0.97802 0.00016 0.02178 ( 2)
  54 K   0.99343 0.00135 0.00519 0.00003 ( 1)
  55 H   0.99601 0.00003 0.00396 0.00000 ( 1)
  56 V   0.90960 0.00994 0.08024 0.00022 ( 1)
  57 R   0.99557 0.00028 0.00415 0.00001 ( 1)
  58 S   0.98566 0.00651 0.00769 0.00014 ( 1)
  59 Q   0.78045 0.15972 0.05628 0.00356 ( 1)
  60 I   0.99134 0.00073 0.00792 0.00002 ( 1)
  61 C   0.98649 0.00720 0.00615 0.00016 ( 1)
  62 D   0.97749 0.01746 0.00466 0.00039 ( 1)
  63 N   0.01729 0.95081 0.01072 0.02117 ( 2)
  64 C   0.98659 0.00711 0.00615 0.00016 ( 1)
  65 S   0.02460 0.95307 0.00110 0.02122 ( 2)
  66 K   0.09128 0.88478 0.00423 0.01970 ( 2)
  67 E   0.09666 0.85413 0.03019 0.01902 ( 2)
  68 P   0.99787 0.00076 0.00135 0.00002 ( 1)
  69 V   0.17393 0.75514 0.05411 0.01682 ( 2)
  70 S   0.57961 0.40744 0.00388 0.00907 ( 1)
  71 V   0.77439 0.14997 0.07230 0.00334 ( 1)
  72 R   0.01993 0.94593 0.01308 0.02106 ( 2)
  73 C   0.98649 0.00718 0.00617 0.00016 ( 1)
  74 F   0.03134 0.94385 0.00380 0.02102 ( 2)
  75 T   0.97529 0.02107 0.00317 0.00047 ( 1)
  76 D   0.90493 0.05116 0.04277 0.00114 ( 1)
  77 N   0.04176 0.92730 0.01029 0.02065 ( 2)
  78 L   0.14257 0.83191 0.00699 0.01853 ( 2)
  79 V   0.55785 0.43019 0.00238 0.00958 ( 1)
  80 L   0.98704 0.00771 0.00508 0.00017 ( 1)
  81 C   0.98760 0.00613 0.00613 0.00014 ( 1)
  82 Q   0.83770 0.15638 0.00244 0.00348 ( 1)
  83 E   0.11251 0.85996 0.00838 0.01915 ( 2)
  84 C   0.98760 0.00613 0.00613 0.00014 ( 1)
  85 D   0.99202 0.00395 0.00394 0.00009 ( 1)
  86 W   0.98693 0.01036 0.00248 0.00023 ( 1)
  87 D   0.22625 0.51215 0.25020 0.01140 ( 2)
  88 V   0.04611 0.87740 0.05694 0.01954 ( 2)
  89 H   0.99373 0.00223 0.00399 0.00005 ( 1)
  90 G   0.03279 0.94270 0.00352 0.02099 ( 2)
  91 S   0.21386 0.76436 0.00476 0.01702 ( 2)
  92 C   0.32228 0.65593 0.00718 0.01461 ( 2)
  93 S   0.50261 0.44237 0.04517 0.00985 ( 1)
  94 S   0.00529 0.97295 0.00009 0.02167 ( 2)
  95 S   0.98785 0.00714 0.00485 0.00016 ( 1)
  96 A   0.00108 0.97710 0.00006 0.02176 ( 2)
  97 T   0.00183 0.97617 0.00026 0.02174 ( 2)
  98 H   0.99570 0.00139 0.00288 0.00003 ( 1)
  99 E   0.00109 0.97308 0.00416 0.02167 ( 2)
 100 R   0.99277 0.00400 0.00315 0.00009 ( 1)
 101 S   0.00376 0.97017 0.00447 0.02160 ( 2)
 102 A   0.88417 0.10867 0.00473 0.00242 ( 1)
 103 V   0.72958 0.24287 0.02215 0.00541 ( 1)
 104 -   0.68294 0.29527 0.01521 0.00658 ( 1)
 105 -   0.63914 0.33908 0.01423 0.00755 ( 1)
 106 -   0.41094 0.56728 0.00915 0.01263 ( 2)
 107 -   0.06267 0.91555 0.00140 0.02039 ( 2)
 108 -   0.22294 0.75528 0.00496 0.01682 ( 2)
 109 -   0.00214 0.97607 0.00005 0.02174 ( 2)
 110 -   0.00108 0.97714 0.00002 0.02176 ( 2)
 111 -   0.00004 0.97818 0.00000 0.02178 ( 2)
 112 -   0.00003 0.97819 0.00000 0.02178 ( 2)
 113 -   0.09661 0.88161 0.00215 0.01963 ( 2)
 114 -   0.43508 0.54313 0.00969 0.01209 ( 2)
 115 -   0.96466 0.01356 0.02148 0.00030 ( 1)
 116 -   0.01914 0.95907 0.00043 0.02136 ( 2)
 117 -   0.97596 0.00226 0.02173 0.00005 ( 1)
 118 -   0.04718 0.93104 0.00105 0.02073 ( 2)
 119 E   0.96966 0.02702 0.00271 0.00060 ( 1)
 120 G   0.99635 0.00001 0.00364 0.00000 ( 1)
 121 F   0.99845 0.00002 0.00154 0.00000 ( 1)
 122 S   0.05106 0.92795 0.00033 0.02066 ( 2)
 123 -   0.82429 0.15393 0.01836 0.00343 ( 1)
 124 -   0.90377 0.07444 0.02013 0.00166 ( 1)
 125 -   0.86581 0.11241 0.01928 0.00250 ( 1)
 126 -   0.89016 0.08806 0.01982 0.00196 ( 1)
 127 -   0.93715 0.04107 0.02087 0.00091 ( 1)
 128 -   0.94357 0.03465 0.02101 0.00077 ( 1)
 129 -   0.84428 0.13394 0.01880 0.00298 ( 1)
 130 -   0.54284 0.43538 0.01209 0.00970 ( 1)
 131 G   0.98215 0.01542 0.00209 0.00034 ( 1)
 132 C   0.94850 0.04536 0.00513 0.00101 ( 1)
 133 P   0.98424 0.01389 0.00155 0.00031 ( 1)
 134 S   0.94840 0.04569 0.00490 0.00102 ( 1)
 135 V   0.38602 0.59877 0.00187 0.01333 ( 2)
 136 L   0.50973 0.44909 0.03118 0.01000 ( 1)
 137 E   0.97581 0.02074 0.00299 0.00046 ( 1)
 138 L   0.93508 0.05879 0.00482 0.00131 ( 1)
 139 A   0.05411 0.89344 0.03256 0.01990 ( 2)
 140 A   0.92469 0.06834 0.00545 0.00152 ( 1)
 141 V   0.05175 0.92504 0.00261 0.02060 ( 2)
 142 W   0.06880 0.87096 0.04084 0.01939 ( 2)
 143 G   0.96898 0.02835 0.00204 0.00063 ( 1)
 144 I   0.37432 0.60947 0.00264 0.01357 ( 2)
 145 D   0.95907 0.03589 0.00423 0.00080 ( 1)
 146 E   0.09476 0.88224 0.00335 0.01965 ( 2)
 147 L   0.33399 0.64936 0.00220 0.01446 ( 2)
 148 T   0.52271 0.46530 0.00162 0.01036 ( 1)
 149 L   0.93538 0.05842 0.00490 0.00130 ( 1)
 150 D   0.95907 0.03589 0.00423 0.00080 ( 1)
 151 S   0.95092 0.04320 0.00492 0.00096 ( 1)
 152 W   0.98626 0.01125 0.00223 0.00025 ( 1)
 153 G   0.05146 0.92508 0.00286 0.02060 ( 2)
 154 S   0.30003 0.68305 0.00171 0.01521 ( 2)
 155 G   0.53912 0.42732 0.02405 0.00952 ( 1)


lnL = -2122.442873
