Supplemental results for CODEML (seqf: aligned.fas  treef: AT2G24790_AT2G24790.1_Athaliana_Araport11.treefile)

I	J	ij	2Ns_IJ	pMut_IJ	pSub_IJ	2Ns_JI	pMut_JI	pSub_JI

TTC	TTT	CT	-0.06807	0.01936	0.01871	0.06807	0.01809	0.01871
TTA	TTT	AT	0.72297	0.00700	0.00983	-0.72297	0.01442	0.00983
TTA	TTC	AC	0.79104	0.00626	0.00907	-0.79104	0.01382	0.00907
TTG	TTT	GT	-0.01913	0.01866	0.01848	0.01913	0.01831	0.01848
TTG	TTC	GC	0.04894	0.01671	0.01712	-0.04894	0.01754	0.01712
TTG	TTA	GA	-0.74210	0.02775	0.01872	0.74210	0.01321	0.01872
TCT	TTT	CT	0.29483	0.01347	0.01555	-0.29483	0.01809	0.01555
TCC	TTC	CT	0.31681	0.01263	0.01473	-0.31681	0.01733	0.01473
TCC	TCT	CT	-0.04609	0.01263	0.01234	0.04609	0.01206	0.01234
TCA	TTA	CT	-0.26478	0.01178	0.01029	0.26478	0.00904	0.01029
TCA	TCT	AT	0.16335	0.00816	0.00885	-0.16335	0.00961	0.00885
TCA	TCC	AC	0.20945	0.00731	0.00810	-0.20945	0.00901	0.00810
TCG	TTG	CT	0.46473	0.01515	0.01894	-0.46473	0.02412	0.01894
TCG	TCT	GT	0.15077	0.01050	0.01131	-0.15077	0.01220	0.01131
TCG	TCC	GC	0.19686	0.00940	0.01035	-0.19686	0.01144	0.01035
TCG	TCA	GA	-0.01259	0.01561	0.01551	0.01259	0.01542	0.01551
TAT	TTT	AT	0.64293	0.00758	0.01028	-0.64293	0.01442	0.01028
TAT	TCT	AC	0.34809	0.00679	0.00804	-0.34809	0.00961	0.00804
TAC	TTC	AT	0.52626	0.00816	0.01050	-0.52626	0.01382	0.01050
TAC	TCC	AC	0.20945	0.00731	0.00810	-0.20945	0.00901	0.00810
TAC	TAT	CT	-0.18474	0.01178	0.01073	0.18474	0.00980	0.01073
TGT	TTT	GT	1.04871	0.00641	0.01036	-1.04871	0.01831	0.01036
TGT	TCT	GC	0.75388	0.00574	0.00818	-0.75388	0.01220	0.00818
TGT	TAT	GA	0.40578	0.00954	0.01161	-0.40578	0.01431	0.01161
TGC	TTC	GT	1.32460	0.00467	0.00842	-1.32460	0.01754	0.00842
TGC	TCC	GC	1.00779	0.00418	0.00663	-1.00779	0.01144	0.00663
TGC	TAC	GA	0.79834	0.00694	0.01007	-0.79834	0.01542	0.01007
TGC	TGT	CT	0.20782	0.00673	0.00746	-0.20782	0.00829	0.00746
TGG	TTG	GT	1.33639	0.00641	0.01163	-1.33639	0.02441	0.01163
TGG	TCG	GC	0.87166	0.00574	0.00860	-0.87166	0.01373	0.00860
TGG	TGT	GT	0.26855	0.00641	0.00731	-0.26855	0.00839	0.00731
TGG	TGC	GC	0.06073	0.00574	0.00592	-0.06073	0.00610	0.00592
CTT	TTT	CT	0.17705	0.01515	0.01653	-0.17705	0.01809	0.01653
CTC	TTC	CT	0.94542	0.00673	0.01041	-0.94542	0.01733	0.01041
CTC	CTT	CT	0.70030	0.00673	0.00936	-0.70030	0.01356	0.00936
CTA	TTA	CT	-0.02362	0.00926	0.00915	0.02362	0.00904	0.00915
CTA	CTT	AT	0.52230	0.00641	0.00823	-0.52230	0.01081	0.00823
CTA	CTC	AC	-0.17800	0.00574	0.00525	0.17800	0.00481	0.00525
CTG	TTG	CT	0.87020	0.01010	0.01513	-0.87020	0.02412	0.01513
CTG	CTT	GT	0.67401	0.00700	0.00962	-0.67401	0.01373	0.00962
CTG	CTC	GC	-0.02628	0.00626	0.00618	0.02628	0.00610	0.00618
CTG	CTA	GA	0.15172	0.01041	0.01122	-0.15172	0.01211	0.01122
CCT	TCT	CT	-0.38257	0.01768	0.01451	0.38257	0.01206	0.01451
CCT	CTT	CT	-0.26478	0.01768	0.01544	0.26478	0.01356	0.01544
CCC	TCC	CT	1.49881	0.00253	0.00487	-1.49881	0.01130	0.00487
CCC	CTC	CT	0.87020	0.00253	0.00378	-0.87020	0.00603	0.00378
CCC	CCT	CT	1.83528	0.00253	0.00551	-1.83528	0.01583	0.00551
CCA	TCA	CT	-0.24416	0.01347	0.01189	0.24416	0.01055	0.01189
CCA	CTA	CT	-0.48533	0.01347	0.01046	0.48533	0.00829	0.01046
CCA	CCT	AT	0.30175	0.00933	0.01081	-0.30175	0.01262	0.01081
CCA	CCC	AC	-1.53352	0.00835	0.00352	1.53352	0.00180	0.00352
CCG	TCG	CT	-0.11063	0.01515	0.01433	0.11063	0.01356	0.01433
CCG	CTG	CT	-0.51610	0.01515	0.01158	0.51610	0.00904	0.01158
CCG	CCT	GT	0.42270	0.01050	0.01287	-0.42270	0.01602	0.01287
CCG	CCC	GC	-1.41258	0.00940	0.00427	1.41258	0.00229	0.00427
CCG	CCA	GA	0.12095	0.01561	0.01657	-0.12095	0.01762	0.01657
CAT	TAT	CT	-0.31827	0.01347	0.01144	0.31827	0.00980	0.01144
CAT	CTT	AT	0.14760	0.00933	0.01004	-0.14760	0.01081	0.01004
CAT	CCT	AC	0.41239	0.00835	0.01019	-0.41239	0.01262	0.01019
CAC	TAC	CT	0.44898	0.00673	0.00836	-0.44898	0.01055	0.00836
CAC	CTC	AT	0.02982	0.00467	0.00473	-0.02982	0.00481	0.00473
CAC	CCC	AC	-0.84038	0.00418	0.00266	0.84038	0.00180	0.00266
CAC	CAT	CT	0.58251	0.00673	0.00888	-0.58251	0.01206	0.00888
CAA	CTA	AT	-0.34487	0.00933	0.00781	0.34487	0.00661	0.00781
CAA	CCA	AC	0.14045	0.00835	0.00895	-0.14045	0.00961	0.00895
CAA	CAT	AT	0.02982	0.00933	0.00947	-0.02982	0.00961	0.00947
CAA	CAC	AC	-0.55269	0.00835	0.00626	0.55269	0.00481	0.00626
CAG	CTG	AT	-0.57631	0.01283	0.00949	0.57631	0.00721	0.00949
CAG	CCG	AC	-0.06022	0.01149	0.01114	0.06022	0.01081	0.01114
CAG	CAT	GT	-0.04990	0.01283	0.01251	0.04990	0.01220	0.01251
CAG	CAC	GC	-0.63242	0.01149	0.00823	0.63242	0.00610	0.00823
CAG	CAA	GA	-0.07973	0.01908	0.01833	0.07973	0.01762	0.01833
CGT	TGT	CT	-0.42079	0.01263	0.01016	0.42079	0.00829	0.01016
CGT	CTT	GT	0.45087	0.00875	0.01087	-0.45087	0.01373	0.01087
CGT	CCT	GC	0.71565	0.00783	0.01096	-0.71565	0.01602	0.01096
CGT	CAT	GA	0.30327	0.01301	0.01508	-0.30327	0.01762	0.01508
CGC	TGC	CT	0.58251	0.00337	0.00444	-0.58251	0.00603	0.00444
CGC	CTC	GT	0.96170	0.00233	0.00363	-0.96170	0.00610	0.00363
CGC	CCC	GC	0.09150	0.00209	0.00219	-0.09150	0.00229	0.00219
CGC	CAC	GA	0.93188	0.00347	0.00533	-0.93188	0.00881	0.00533
CGC	CGT	CT	1.21112	0.00337	0.00581	-1.21112	0.01130	0.00581
CGA	CTA	GT	0.36386	0.00583	0.00696	-0.36386	0.00839	0.00696
CGA	CCA	GC	0.84919	0.00522	0.00775	-0.84919	0.01220	0.00775
CGA	CAA	GA	0.70873	0.00867	0.01211	-0.70873	0.01762	0.01211
CGA	CGT	AT	0.43529	0.00583	0.00719	-0.43529	0.00901	0.00719
CGA	CGC	AC	-0.77584	0.00522	0.00345	0.77584	0.00240	0.00345
CGG	TGG	CT	0.09004	0.00758	0.00792	-0.09004	0.00829	0.00792
CGG	CTG	GT	0.55623	0.00525	0.00684	-0.55623	0.00915	0.00684
CGG	CCG	GC	1.07233	0.00470	0.00766	-1.07233	0.01373	0.00766
CGG	CAG	GA	1.13255	0.00781	0.01304	-1.13255	0.02422	0.01304
CGG	CGT	GT	0.77937	0.00525	0.00756	-0.77937	0.01144	0.00756
CGG	CGC	GC	-0.43175	0.00470	0.00376	0.43175	0.00305	0.00376
CGG	CGA	GA	0.34409	0.00781	0.00922	-0.34409	0.01101	0.00922
ATT	TTT	AT	0.21214	0.01166	0.01294	-0.21214	0.01442	0.01294
ATT	CTT	AC	0.03509	0.01044	0.01063	-0.03509	0.01081	0.01063
ATC	TTC	AT	0.16958	0.01166	0.01268	-0.16958	0.01382	0.01268
ATC	CTC	AC	-0.77584	0.01044	0.00691	0.77584	0.00481	0.00691
ATC	ATT	CT	-0.11063	0.01684	0.01592	0.11063	0.01507	0.01592
ATA	TTA	AT	0.02982	0.00700	0.00710	-0.02982	0.00721	0.00710
ATA	CTA	AC	0.05344	0.00626	0.00643	-0.05344	0.00661	0.00643
ATA	ATT	AT	0.54065	0.00700	0.00906	-0.54065	0.01202	0.00906
ATA	ATC	AC	0.65128	0.00626	0.00852	-0.65128	0.01202	0.00852
ATG	TTG	AT	-0.14203	0.02216	0.02062	0.14203	0.01923	0.02062
ATG	CTG	AC	-1.01223	0.01984	0.01146	1.01223	0.00721	0.01146
ATG	ATT	GT	-0.37330	0.02216	0.01828	0.37330	0.01526	0.01828
ATG	ATC	GC	-0.26267	0.01984	0.01735	0.26267	0.01526	0.01735
ATG	ATA	GA	-0.91395	0.03296	0.02016	0.91395	0.01321	0.02016
ACT	TCT	AT	-0.24211	0.01225	0.01082	0.24211	0.00961	0.01082
ACT	CCT	AC	0.14045	0.01096	0.01175	-0.14045	0.01262	0.01175
ACT	ATT	CT	-0.15942	0.01768	0.01631	0.15942	0.01507	0.01631
ACC	TCC	AT	0.33998	0.00641	0.00757	-0.33998	0.00901	0.00757
ACC	CCC	AC	-1.15883	0.00574	0.00304	1.15883	0.00180	0.00304
ACC	ATC	CT	0.48720	0.00926	0.01170	-0.48720	0.01507	0.01170
ACC	ACT	CT	0.53599	0.00926	0.01196	-0.53599	0.01583	0.01196
ACA	TCA	AT	-0.10371	0.00933	0.00885	0.10371	0.00841	0.00885
ACA	CCA	AC	0.14045	0.00835	0.00895	-0.14045	0.00961	0.00895
ACA	ATA	CT	-0.39831	0.01347	0.01096	0.39831	0.00904	0.01096
ACA	ACT	AT	0.30175	0.00933	0.01081	-0.30175	0.01262	0.01081
ACA	ACC	AC	-0.23424	0.00835	0.00741	0.23424	0.00661	0.00741
ACG	TCG	AT	-0.17085	0.01283	0.01176	0.17085	0.01081	0.01176
ACG	CCG	AC	-0.06022	0.01149	0.01114	0.06022	0.01081	0.01114
ACG	ATG	CT	0.43591	0.01852	0.02285	-0.43591	0.02864	0.02285
ACG	ACT	GT	0.22203	0.01283	0.01431	-0.22203	0.01602	0.01431
ACG	ACC	GC	-0.31397	0.01149	0.00978	0.31397	0.00839	0.00978
ACG	ACA	GA	-0.07973	0.01908	0.01833	0.07973	0.01762	0.01833
AAT	TAT	AT	-0.73743	0.01633	0.01104	0.73743	0.00781	0.01104
AAT	CAT	AC	-0.41916	0.01462	0.01177	0.41916	0.00961	0.01177
AAT	ATT	AT	-0.30665	0.01633	0.01395	0.30665	0.01202	0.01395
AAT	ACT	AC	-0.14723	0.01462	0.01357	0.14723	0.01262	0.01357
AAC	TAC	AT	-0.46662	0.01341	0.01053	0.46662	0.00841	0.01053
AAC	CAC	AC	-0.91560	0.01201	0.00734	0.91560	0.00481	0.00734
AAC	ATC	AT	-0.10994	0.01341	0.01269	0.10994	0.01202	0.01269
AAC	ACC	AC	-0.59715	0.01201	0.00878	0.59715	0.00661	0.00878
AAC	AAT	CT	0.08608	0.01936	0.02021	-0.08608	0.02110	0.02021
AAA	CAA	AC	-0.72454	0.01984	0.01351	0.72454	0.00961	0.01351
AAA	ATA	AT	-1.12286	0.02216	0.01200	1.12286	0.00721	0.01200
AAA	ACA	AC	-0.72454	0.01984	0.01351	0.72454	0.00961	0.01351
AAA	AAT	AT	-0.27556	0.02216	0.01925	0.27556	0.01682	0.01925
AAA	AAC	AC	-0.36164	0.01984	0.01647	0.36164	0.01382	0.01647
AAG	CAG	AC	-0.84604	0.03080	0.01959	0.84604	0.01322	0.01959
AAG	ATG	AT	-0.41013	0.03440	0.02783	0.41013	0.02283	0.02783
AAG	ACG	AC	-0.84604	0.03080	0.01959	0.84604	0.01322	0.01959
AAG	AAT	GT	-0.47678	0.03440	0.02685	0.47678	0.02136	0.02685
AAG	AAC	GC	-0.56286	0.03080	0.02294	0.56286	0.01754	0.02294
AAG	AAA	GA	-0.20122	0.05117	0.04619	0.20122	0.04184	0.04619
AGT	TGT	AT	-0.97348	0.01749	0.01034	0.97348	0.00661	0.01034
AGT	CGT	AC	-0.55269	0.01566	0.01173	0.55269	0.00901	0.01173
AGT	ATT	GT	-0.13692	0.01749	0.01632	0.13692	0.01526	0.01632
AGT	ACT	GC	0.02251	0.01566	0.01584	-0.02251	0.01602	0.01584
AGT	AAT	GA	0.16974	0.02602	0.02829	-0.16974	0.03083	0.02829
AGC	TGC	AT	-0.19332	0.00583	0.00529	0.19332	0.00481	0.00529
AGC	CGC	AC	-0.77584	0.00522	0.00345	0.77584	0.00240	0.00345
AGC	ATC	GT	0.96170	0.00583	0.00908	-0.96170	0.01526	0.00908
AGC	ACC	GC	0.47449	0.00522	0.00656	-0.47449	0.00839	0.00656
AGC	AAC	GA	1.07164	0.00867	0.01413	-1.07164	0.02532	0.01413
AGC	AGT	CT	0.98798	0.00842	0.01325	-0.98798	0.02261	0.01325
AGA	CGA	AC	-1.27053	0.02140	0.01061	1.27053	0.00601	0.01061
AGA	ATA	GT	-0.96012	0.02391	0.01424	0.96012	0.00915	0.01424
AGA	ACA	GC	-0.56180	0.02140	0.01595	0.56180	0.01220	0.01595
AGA	AAA	GA	0.16274	0.03556	0.03853	-0.16274	0.04184	0.03853
AGA	AGT	AT	-0.28255	0.02391	0.02069	0.28255	0.01802	0.02069
AGA	AGC	AC	-1.27053	0.02140	0.01061	1.27053	0.00601	0.01061
AGG	TGG	AT	-1.18320	0.02158	0.01127	1.18320	0.00661	0.01127
AGG	CGG	AC	-1.27324	0.01932	0.00956	1.27324	0.00541	0.00956
AGG	ATG	GT	0.29522	0.02158	0.02492	-0.29522	0.02899	0.02492
AGG	ACG	GC	-0.14069	0.01932	0.01799	0.14069	0.01678	0.01799
AGG	AAG	GA	0.70535	0.03209	0.04472	-0.70535	0.06496	0.04472
AGG	AGT	GT	0.05883	0.02158	0.02222	-0.05883	0.02288	0.02222
AGG	AGC	GC	-0.92915	0.01932	0.01171	0.92915	0.00763	0.01171
AGG	AGA	GA	0.34138	0.03209	0.03788	-0.34138	0.04514	0.03788
GTT	TTT	GT	-0.29107	0.02449	0.02110	0.29107	0.01831	0.02110
GTT	CTT	GC	-0.46812	0.02193	0.01719	0.46812	0.01373	0.01719
GTT	ATT	GA	-0.50321	0.03642	0.02802	0.50321	0.02202	0.02802
GTC	TTC	GT	1.20682	0.00525	0.00904	-1.20682	0.01754	0.00904
GTC	CTC	GC	0.26140	0.00470	0.00534	-0.26140	0.00610	0.00534
GTC	ATC	GA	1.03724	0.00781	0.01254	-1.03724	0.02202	0.01254
GTC	GTT	CT	1.42981	0.00758	0.01424	-1.42981	0.03165	0.01424
GTA	TTA	GT	0.35556	0.00641	0.00762	-0.35556	0.00915	0.00762
GTA	CTA	GC	0.37918	0.00574	0.00690	-0.37918	0.00839	0.00690
GTA	ATA	GA	0.32574	0.00954	0.01118	-0.32574	0.01321	0.01118
GTA	GTT	AT	1.36960	0.00641	0.01178	-1.36960	0.02523	0.01178
GTA	GTC	AC	-0.06022	0.00574	0.00557	0.06022	0.00541	0.00557
GTG	TTG	GT	0.15077	0.02099	0.02262	-0.15077	0.02441	0.02262
GTG	CTG	GC	-0.71943	0.01879	0.01284	0.71943	0.00915	0.01284
GTG	ATG	GA	0.29280	0.03122	0.03601	-0.29280	0.04184	0.03601
GTG	GTT	GT	0.42270	0.02099	0.02574	-0.42270	0.03204	0.02574
GTG	GTC	GC	-1.00711	0.01879	0.01089	1.00711	0.00686	0.01089
GTG	GTA	GA	-0.94690	0.03122	0.01874	0.94690	0.01211	0.01874
GCT	TCT	GT	-0.32616	0.01691	0.01430	0.32616	0.01220	0.01430
GCT	CCT	GC	0.05641	0.01514	0.01557	-0.05641	0.01602	0.01557
GCT	ACT	GA	-0.08405	0.02515	0.02411	0.08405	0.02312	0.02411
GCT	GTT	CT	0.25974	0.02441	0.02772	-0.25974	0.03165	0.02772
GCC	TCC	GT	1.03069	0.00408	0.00654	-1.03069	0.01144	0.00654
GCC	CCC	GC	-0.46812	0.00365	0.00287	0.46812	0.00229	0.00287
GCC	ACC	GA	0.69071	0.00607	0.00841	-0.69071	0.01211	0.00841
GCC	GTC	CT	0.14068	0.00589	0.00632	-0.14068	0.00678	0.00632
GCC	GCT	CT	1.31075	0.00589	0.01057	-1.31075	0.02185	0.01057
GCA	TCA	GT	0.42270	0.00700	0.00858	-0.42270	0.01068	0.00858
GCA	CCA	GC	0.66686	0.00626	0.00858	-0.66686	0.01220	0.00858
GCA	ACA	GA	0.52641	0.01041	0.01339	-0.52641	0.01762	0.01339
GCA	GTA	CT	-0.19764	0.01010	0.00914	0.19764	0.00829	0.00914
GCA	GCT	AT	0.91221	0.00700	0.01067	-0.91221	0.01742	0.01067
GCA	GCC	AC	-0.39854	0.00626	0.00510	0.39854	0.00421	0.00510
GCG	TCG	GT	0.96170	0.00525	0.00817	-0.96170	0.01373	0.00817
GCG	CCG	GC	1.07233	0.00470	0.00766	-1.07233	0.01373	0.00766
GCG	ACG	GA	1.13255	0.00781	0.01304	-1.13255	0.02422	0.01304
GCG	GTG	CT	1.27566	0.00758	0.01341	-1.27566	0.02713	0.01341
GCG	GCT	GT	1.43862	0.00525	0.00990	-1.43862	0.02212	0.00990
GCG	GCC	GC	0.12787	0.00470	0.00501	-0.12787	0.00534	0.00501
GCG	GCA	GA	0.52641	0.00781	0.01004	-0.52641	0.01321	0.01004
GAT	TAT	GT	-1.22694	0.03382	0.01721	1.22694	0.00992	0.01721
GAT	CAT	GC	-0.90867	0.03028	0.01858	0.90867	0.01220	0.01858
GAT	AAT	GA	-0.48951	0.05030	0.03899	0.48951	0.03083	0.03899
GAT	GTT	AT	-0.29295	0.03382	0.02911	0.29295	0.02523	0.02911
GAT	GCT	AC	-0.55269	0.03028	0.02268	0.55269	0.01742	0.02268
GAC	TAC	GT	-0.42460	0.01633	0.01311	0.42460	0.01068	0.01311
GAC	CAC	GC	-0.87358	0.01462	0.00915	0.87358	0.00610	0.00915
GAC	AAC	GA	0.04202	0.02428	0.02480	-0.04202	0.02532	0.02480
GAC	GTC	AT	-1.10516	0.01633	0.00893	1.10516	0.00541	0.00893
GAC	GCC	AC	-1.24584	0.01462	0.00736	1.24584	0.00421	0.00736
GAC	GAT	CT	0.61761	0.02357	0.03159	-0.61761	0.04371	0.03159
GAA	CAA	GC	-0.92577	0.03080	0.01871	0.92577	0.01220	0.01871
GAA	AAA	GA	-0.20122	0.05117	0.04619	0.20122	0.04184	0.04619
GAA	GTA	AT	-1.64982	0.03440	0.01350	1.64982	0.00661	0.01350
GAA	GCA	AC	-1.45218	0.03080	0.01367	1.45218	0.00721	0.01367
GAA	GAT	AT	0.01273	0.03440	0.03462	-0.01273	0.03485	0.03462
GAA	GAC	AC	-0.60488	0.03080	0.02242	0.60488	0.01682	0.02242
GAG	CAG	GC	-0.99568	0.04542	0.02650	0.99568	0.01678	0.02650
GAG	AAG	GA	-0.14964	0.07545	0.06995	0.14964	0.06496	0.06995
GAG	GTG	AT	-0.85257	0.05073	0.03214	0.85257	0.02163	0.03214
GAG	GCG	AC	-2.12823	0.04542	0.01306	2.12823	0.00541	0.01306
GAG	GAT	GT	-0.13692	0.05073	0.04734	0.13692	0.04424	0.04734
GAG	GAC	GC	-0.75452	0.04542	0.03042	0.75452	0.02136	0.03042
GAG	GAA	GA	-0.14964	0.07545	0.06995	0.14964	0.06496	0.06995
GGT	TGT	GT	-0.22393	0.01050	0.00937	0.22393	0.00839	0.00937
GGT	CGT	GC	0.19686	0.00940	0.01035	-0.19686	0.01144	0.01035
GGT	AGT	GA	0.74955	0.01561	0.02218	-0.74955	0.03303	0.02218
GGT	GTT	GT	1.11585	0.01050	0.01742	-1.11585	0.03204	0.01742
GGT	GCT	GC	0.85611	0.00940	0.01399	-0.85611	0.02212	0.01399
GGT	GAT	GA	1.40880	0.01561	0.02911	-1.40880	0.06386	0.02911
GGC	TGC	GT	0.26855	0.00467	0.00532	-0.26855	0.00610	0.00532
GGC	CGC	GC	-0.31397	0.00418	0.00356	0.31397	0.00305	0.00356
GGC	AGC	GA	0.46187	0.00694	0.00866	-0.46187	0.01101	0.00866
GGC	GTC	GT	0.38633	0.00467	0.00562	-0.38633	0.00686	0.00562
GGC	GCC	GC	0.24565	0.00418	0.00471	-0.24565	0.00534	0.00471
GGC	GAC	GA	1.49149	0.00694	0.01335	-1.49149	0.03083	0.01335
GGC	GGT	CT	0.70030	0.00673	0.00936	-0.70030	0.01356	0.00936
GGA	CGA	GC	-1.03180	0.02140	0.01223	1.03180	0.00763	0.01223
GGA	AGA	GA	0.23873	0.03556	0.03997	-0.23873	0.04514	0.03997
GGA	GTA	GT	-1.04713	0.02391	0.01354	1.04713	0.00839	0.01354
GGA	GCA	GC	-0.84948	0.02140	0.01359	0.84948	0.00915	0.01359
GGA	GAA	GA	0.60269	0.03556	0.04734	-0.60269	0.06496	0.04734
GGA	GGT	AT	-0.79338	0.02391	0.01567	0.79338	0.01081	0.01567
GGA	GGC	AC	-1.49368	0.02140	0.00926	1.49368	0.00481	0.00926
GGG	TGG	GT	0.10150	0.00758	0.00797	-0.10150	0.00839	0.00797
GGG	CGG	GC	0.01146	0.00679	0.00683	-0.01146	0.00686	0.00683
GGG	AGG	GA	1.28470	0.01127	0.02003	-1.28470	0.04074	0.02003
GGG	GTG	GT	1.28712	0.00758	0.01348	-1.28712	0.02746	0.01348
GGG	GCG	GC	0.01146	0.00679	0.00683	-0.01146	0.00686	0.00683
GGG	GAG	GA	2.13969	0.01127	0.02734	-2.13969	0.09579	0.02734
GGG	GGT	GT	0.59397	0.00758	0.01005	-0.59397	0.01373	0.01005
GGG	GGC	GC	-0.10633	0.00679	0.00643	0.10633	0.00610	0.00643
GGG	GGA	GA	1.38735	0.01127	0.02085	-1.38735	0.04514	0.02085


Histograms
2Ns	FMut	FSub(CodonUsage)	FSubw(after w)

-2.03780	0.01774	0.00550
-1.83402	0.00199	0.00075
-1.63024	0.00537	0.00232
-1.42646	0.04191	0.02060
-1.22268	0.04453	0.02451
-1.01890	0.06284	0.03949
-0.81512	0.07944	0.05581
-0.61134	0.07485	0.05898
-0.40756	0.09441	0.08269
-0.20378	0.15709	0.15384
0.00000	0.10252	0.11103
0.20378	0.12887	0.15384
0.40756	0.06262	0.08269
0.61134	0.04086	0.05898
0.81512	0.03531	0.05581
1.01890	0.02299	0.03949
1.22268	0.01303	0.02451
1.42646	0.01017	0.02060
1.63024	0.00106	0.00232
1.83402	0.00032	0.00075
2.03780	0.00210	0.00550

Proportion of advantageous (S > 0) mutations:
 0.36730

Proportions of good & bad mutations (|S| > 2.0000) among mutations:
0.00210  0.01774

mean |Ns| = 0.57755	mean Ns+ = 0.45412	mean Ns- = -0.64920


MLEs of dN/dS (w) for site classes (K=4)

site class             0        1       2a       2b
proportion       0.51478  0.25690  0.15230  0.07601
background w     0.13368  1.00000  0.13368  1.00000
foreground w     0.13368  1.00000  1.00000  1.00000

Naive Empirical Bayes (NEB) probabilities for 4 classes
(amino acids refer to 1st sequence: AT2G33500_AT2G33500.1_Athaliana_Araport11)

   1 S   0.38795 0.38374 0.11478 0.11353 ( 1)
   2 N   0.75838 0.01331 0.22438 0.00394 ( 1)
   3 E   0.61377 0.15791 0.18159 0.04672 ( 1)
   4 L   0.73923 0.03246 0.21871 0.00960 ( 1)
   5 I   0.76146 0.01023 0.22529 0.00303 ( 1)
   6 V   0.73801 0.03367 0.21835 0.00996 ( 1)
   7 P   0.65674 0.11495 0.19430 0.03401 ( 1)
   8 Y   0.01789 0.75380 0.00529 0.22302 ( 2)
   9 D   0.74637 0.02532 0.22082 0.00749 ( 1)
  10 V   0.18118 0.59050 0.05361 0.17471 ( 2)
  11 S   0.27847 0.49321 0.08239 0.14592 ( 2)
  12 C   0.06989 0.70180 0.02068 0.20764 ( 2)
  13 K   0.74010 0.03159 0.21897 0.00935 ( 1)
  14 K   0.66531 0.10638 0.19684 0.03147 ( 1)
  15 Q   0.49263 0.27906 0.14575 0.08256 ( 1)
  16 S   0.06495 0.70674 0.01922 0.20910 ( 2)
  17 F   0.16932 0.60237 0.05010 0.17822 ( 2)
  18 S   0.67544 0.09625 0.19984 0.02848 ( 1)
  19 F   0.63310 0.13859 0.18731 0.04100 ( 1)
  20 G   0.75955 0.01213 0.22472 0.00359 ( 1)
  21 R   0.62136 0.15033 0.18384 0.04448 ( 1)
  22 S   0.60421 0.16748 0.17876 0.04955 ( 1)
  23 K   0.33980 0.07430 0.56392 0.02198 ( 3)
  24 Q   0.03251 0.74086 0.00743 0.21919 ( 2)
  25 V   0.00097 0.77006 0.00114 0.22783 ( 2)
  26 V   0.08009 0.67428 0.04614 0.19949 ( 2)
  27 F   0.86418 0.00137 0.13405 0.00040 ( 1)
  28 E   0.00807 0.73753 0.03619 0.21821 ( 2)
  29 Q   0.54850 0.08009 0.34772 0.02369 ( 1)
  30 L   0.87715 0.00004 0.12280 0.00001 ( 1)
  31 E   0.15281 0.61888 0.04521 0.18310 ( 2)
  32 L   0.19479 0.57690 0.05763 0.17068 ( 2)
  33 L   0.75024 0.02145 0.22197 0.00635 ( 1)
  34 K   0.11982 0.65186 0.03545 0.19286 ( 2)
  35 R   0.57322 0.19846 0.16960 0.05872 ( 1)
  36 G   0.34700 0.42469 0.10266 0.12565 ( 2)
  37 F   0.58812 0.18357 0.17400 0.05431 ( 1)
  38 V   0.48898 0.28271 0.14467 0.08364 ( 1)
  39 E   0.03569 0.73599 0.01056 0.21775 ( 2)
  40 G   0.25820 0.51348 0.07639 0.15192 ( 2)
  41 E   0.82978 0.01334 0.15293 0.00395 ( 1)
  42 G   0.84648 0.00463 0.14752 0.00137 ( 1)
  43 E   0.45786 0.04595 0.48260 0.01359 ( 3)
  44 I   0.88888 0.00564 0.10381 0.00167 ( 1)
  45 M   0.00983 0.73413 0.03884 0.21720 ( 2)
  46 V   0.82378 0.05133 0.10971 0.01519 ( 1)
  47 P   0.57680 0.06511 0.33883 0.01926 ( 1)
  48 E   0.08461 0.10247 0.78260 0.03032 ( 3)
  49 -   0.02216 0.72957 0.03242 0.21585 ( 2)
  50 -   0.07481 0.70200 0.01549 0.20769 ( 2)
  51 -   0.02556 0.74228 0.01254 0.21961 ( 2)
  52 -   0.87564 0.01557 0.10418 0.00461 ( 1)
  53 -   0.29623 0.00478 0.69758 0.00141 ( 3)
  54 -   0.55630 0.13325 0.27102 0.03942 ( 1)
  55 -   0.69110 0.07294 0.21438 0.02158 ( 1)
  56 -   0.00493 0.76502 0.00370 0.22634 ( 2)
  57 -   0.84744 0.00461 0.14659 0.00136 ( 1)
  58 -   0.85612 0.00336 0.13953 0.00099 ( 1)
  59 -   0.85185 0.00520 0.14141 0.00154 ( 1)
  60 -   0.09945 0.65015 0.05804 0.19235 ( 2)
  61 -   0.63394 0.11539 0.21654 0.03414 ( 1)
  62 -   0.64562 0.15230 0.15702 0.04506 ( 1)
  63 -   0.83618 0.00139 0.16201 0.00041 ( 1)
  64 I   0.76156 0.02969 0.19997 0.00878 ( 1)
  65 S   0.00064 0.77109 0.00013 0.22814 ( 2)
  66 Q   0.86251 0.00237 0.13442 0.00070 ( 1)
  67 Q   0.88240 0.00006 0.11753 0.00002 ( 1)
  68 W   0.67924 0.14788 0.12913 0.04375 ( 1)
  69 N   0.33969 0.43287 0.09937 0.12807 ( 2)
  70 A   0.86919 0.00232 0.12781 0.00069 ( 1)
  71 -   0.00116 0.76927 0.00197 0.22760 ( 2)
  72 -   0.54594 0.28790 0.08099 0.08518 ( 1)
  73 T   0.74918 0.02250 0.22166 0.00666 ( 1)
  74 N   0.75380 0.01789 0.22302 0.00529 ( 1)
  75 H   0.49160 0.28008 0.14545 0.08287 ( 1)
  76 S   0.22847 0.54322 0.06759 0.16072 ( 2)
  77 D   0.74295 0.02874 0.21981 0.00850 ( 1)
  78 F   0.75676 0.01493 0.22390 0.00442 ( 1)
  79 N   0.75957 0.01212 0.22473 0.00359 ( 1)
  80 L   0.76684 0.00485 0.22688 0.00143 ( 1)
  81 G   0.34605 0.42564 0.10238 0.12593 ( 2)
  82 Q   0.71258 0.05910 0.21083 0.01749 ( 1)
  83 S   0.76142 0.05561 0.16651 0.01645 ( 1)
  84 R   0.03615 0.51478 0.29677 0.15230 ( 2)
  85 N   0.00098 0.77036 0.00074 0.22792 ( 2)
  86 P   0.74882 0.02287 0.22155 0.00677 ( 1)
  87 D   0.40060 0.37108 0.11852 0.10979 ( 1)
  88 E   0.19070 0.58098 0.05642 0.17189 ( 2)
  89 P   0.05672 0.71496 0.01678 0.21153 ( 2)
  90 S   0.37762 0.39406 0.11172 0.11659 ( 2)
  91 P   0.42434 0.34735 0.12555 0.10277 ( 1)
  92 E   0.49515 0.27654 0.14650 0.08182 ( 1)
  93 D   0.16845 0.60324 0.04984 0.17847 ( 2)
  94 S   0.55801 0.21367 0.16510 0.06322 ( 1)
  95 V   0.11544 0.65624 0.03416 0.19416 ( 2)
  96 H   0.03611 0.73558 0.01068 0.21763 ( 2)
  97 I   0.04782 0.72387 0.01415 0.21416 ( 2)
  98 P   0.75091 0.02077 0.22217 0.00615 ( 1)
  99 A   0.11117 0.66052 0.03289 0.19542 ( 2)
 100 D   0.06383 0.70786 0.01888 0.20943 ( 2)
 101 S   0.24748 0.52420 0.07322 0.15509 ( 2)
 102 C   0.70267 0.06901 0.20789 0.02042 ( 1)
 103 G   0.03534 0.73635 0.01046 0.21786 ( 2)
 104 L   0.08001 0.69168 0.02367 0.20464 ( 2)
 105 H   0.68580 0.08589 0.20290 0.02541 ( 1)
 106 C   0.68771 0.08398 0.20347 0.02485 ( 1)
 107 T   0.25238 0.51931 0.07467 0.15364 ( 2)
 108 E   0.71971 0.05198 0.21293 0.01538 ( 1)
 109 H   0.00419 0.76420 0.00551 0.22610 ( 2)
 110 I   0.69510 0.01072 0.29102 0.00317 ( 1)
 111 -   0.68275 0.00328 0.31300 0.00097 ( 1)
 112 -   0.07920 0.69249 0.02343 0.20488 ( 2)
 113 -   0.06155 0.71014 0.01821 0.21010 ( 2)
 114 -   0.20060 0.57109 0.05935 0.16896 ( 2)
 115 -   0.64777 0.12392 0.19165 0.03666 ( 1)
 116 -   0.75638 0.01530 0.22378 0.00453 ( 1)
 117 -   0.63070 0.14099 0.18660 0.04171 ( 1)
 118 -   0.54610 0.22559 0.16157 0.06674 ( 1)
 119 -   0.75131 0.02038 0.22228 0.00603 ( 1)
 120 -   0.25259 0.51910 0.07473 0.15358 ( 2)
 121 -   0.75263 0.01905 0.22268 0.00564 ( 1)
 122 -   0.76347 0.00822 0.22588 0.00243 ( 1)
 123 -   0.59208 0.17960 0.17518 0.05314 ( 1)
 124 -   0.75749 0.01420 0.22411 0.00420 ( 1)
 125 -   0.34475 0.42694 0.10200 0.12631 ( 2)
 126 -   0.23614 0.53554 0.06987 0.15845 ( 2)
 127 -   0.66797 0.10372 0.19763 0.03069 ( 1)
 128 -   0.58760 0.18409 0.17385 0.05447 ( 1)
 129 -   0.30491 0.46678 0.09021 0.13810 ( 2)
 130 -   0.75768 0.01400 0.22417 0.00414 ( 1)
 131 -   0.74926 0.02243 0.22168 0.00664 ( 1)
 132 -   0.72620 0.04549 0.21485 0.01346 ( 1)
 133 -   0.67464 0.09704 0.19960 0.02871 ( 1)
 134 -   0.74680 0.02489 0.22095 0.00736 ( 1)
 135 -   0.75935 0.01233 0.22466 0.00365 ( 1)
 136 -   0.14415 0.62754 0.04265 0.18567 ( 2)
 137 -   0.08867 0.68302 0.02623 0.20208 ( 2)
 138 -   0.72477 0.04692 0.21443 0.01388 ( 1)
 139 -   0.57406 0.19763 0.16984 0.05847 ( 1)
 140 -   0.75290 0.01879 0.22275 0.00556 ( 1)
 141 -   0.69981 0.07188 0.20705 0.02127 ( 1)
 142 -   0.74727 0.02442 0.22109 0.00723 ( 1)
 143 -   0.10113 0.67056 0.02992 0.19839 ( 2)
 144 -   0.64277 0.12892 0.19017 0.03814 ( 1)
 145 -   0.74655 0.02514 0.22088 0.00744 ( 1)
 146 -   0.18626 0.58543 0.05511 0.17321 ( 2)
 147 -   0.20235 0.56934 0.05987 0.16845 ( 2)
 148 -   0.68857 0.08312 0.20372 0.02459 ( 1)
 149 -   0.43760 0.36959 0.08346 0.10935 ( 1)
 150 -   0.87209 0.01113 0.11350 0.00329 ( 1)
 151 -   0.47879 0.32544 0.09948 0.09629 ( 1)
 152 A   0.36462 0.14435 0.44831 0.04271 ( 3)
 153 I   0.21973 0.39087 0.27376 0.11564 ( 2)
 154 T   0.41100 0.12437 0.42784 0.03680 ( 3)
 155 S   0.77579 0.01234 0.20823 0.00365 ( 1)
 156 T   0.38454 0.10136 0.48411 0.02999 ( 3)
 157 R   0.08438 0.63789 0.08900 0.18873 ( 2)
 158 L   0.00412 0.76541 0.00401 0.22646 ( 2)
 159 V   0.84565 0.00650 0.14592 0.00192 ( 1)
 160 A   0.67392 0.16161 0.11665 0.04782 ( 1)
 161 V   0.00081 0.77033 0.00096 0.22791 ( 2)
 162 T   0.53517 0.27850 0.10393 0.08240 ( 1)
 163 -   0.58554 0.18615 0.17324 0.05507 ( 1)
 164 -   0.05898 0.71271 0.01745 0.21086 ( 2)
 165 -   0.38722 0.38447 0.11456 0.11375 ( 1)
 166 -   0.03424 0.73745 0.01013 0.21818 ( 2)
 167 -   0.75194 0.01974 0.22247 0.00584 ( 1)
 168 -   0.03992 0.73177 0.01181 0.21650 ( 2)
 169 -   0.61236 0.15932 0.18118 0.04714 ( 1)
 170 -   0.37734 0.39435 0.11164 0.11667 ( 2)
 171 -   0.54913 0.22256 0.16247 0.06585 ( 1)
 172 -   0.73470 0.03698 0.21737 0.01094 ( 1)
 173 -   0.53355 0.23813 0.15786 0.07045 ( 1)
 174 -   0.61055 0.16113 0.18064 0.04767 ( 1)
 175 N   0.42565 0.37883 0.08344 0.11208 ( 1)
 176 A   0.72184 0.06439 0.19473 0.01905 ( 1)
 177 D   0.85978 0.01168 0.12508 0.00346 ( 1)
 178 L   0.21102 0.38466 0.29051 0.11381 ( 2)
 179 E   0.84013 0.00055 0.15916 0.00016 ( 1)
 180 R   0.73644 0.03525 0.21788 0.01043 ( 1)
 181 D   0.00178 0.77005 0.00034 0.22783 ( 2)
 182 N   0.01022 0.75746 0.00821 0.22411 ( 2)
 183 -   0.69101 0.08068 0.20444 0.02387 ( 1)
 184 -   0.59208 0.17960 0.17518 0.05314 ( 1)
 185 -   0.57856 0.19312 0.17118 0.05714 ( 1)
 186 -   0.22916 0.54253 0.06780 0.16051 ( 2)
 187 -   0.03067 0.74102 0.00907 0.21924 ( 2)
 188 -   0.57384 0.19785 0.16978 0.05854 ( 1)
 189 -   0.29244 0.47925 0.08652 0.14179 ( 2)
 190 -   0.06508 0.70660 0.01926 0.20906 ( 2)
 191 -   0.74484 0.02684 0.22037 0.00794 ( 1)
 192 -   0.47546 0.29623 0.14067 0.08764 ( 1)
 193 -   0.75422 0.01746 0.22315 0.00517 ( 1)
 194 -   0.74246 0.02922 0.21967 0.00865 ( 1)
 195 -   0.74640 0.02529 0.22083 0.00748 ( 1)
 196 -   0.56581 0.20587 0.16740 0.06091 ( 1)
 197 -   0.76670 0.00499 0.22684 0.00148 ( 1)
 198 -   0.23325 0.53844 0.06901 0.15930 ( 2)
 199 A   0.87034 0.00022 0.12937 0.00006 ( 1)
 200 M   0.84525 0.00198 0.15218 0.00059 ( 1)
 201 -   0.76365 0.00803 0.22594 0.00238 ( 1)
 202 -   0.24447 0.52721 0.07233 0.15598 ( 2)
 203 -   0.68396 0.08773 0.20236 0.02596 ( 1)
 204 -   0.76865 0.00304 0.22741 0.00090 ( 1)
 205 -   0.52344 0.24825 0.15486 0.07345 ( 1)
 206 -   0.48754 0.28415 0.14424 0.08407 ( 1)
 207 Q   0.85564 0.00893 0.13278 0.00264 ( 1)
 208 -   0.33271 0.07905 0.56484 0.02339 ( 3)
 209 -   0.14295 0.63858 0.02954 0.18893 ( 2)
 210 -   0.85270 0.00357 0.14267 0.00106 ( 1)
 211 -   0.76865 0.00304 0.22741 0.00090 ( 1)
 212 -   0.14141 0.63027 0.04184 0.18647 ( 2)
 213 -   0.32680 0.44489 0.09669 0.13163 ( 2)
 214 -   0.61009 0.16160 0.18050 0.04781 ( 1)
 215 -   0.10402 0.66766 0.03078 0.19754 ( 2)
 216 -   0.25313 0.51855 0.07489 0.15342 ( 2)
 217 -   0.62020 0.15149 0.18349 0.04482 ( 1)
 218 -   0.72920 0.04249 0.21574 0.01257 ( 1)
 219 -   0.13556 0.63612 0.04011 0.18820 ( 2)
 220 -   0.15318 0.61851 0.04532 0.18299 ( 2)
 221 -   0.40704 0.36465 0.12043 0.10789 ( 1)
 222 -   0.61520 0.15649 0.18201 0.04630 ( 1)
 223 -   0.37011 0.40158 0.10950 0.11881 ( 2)
 224 -   0.04229 0.72940 0.01251 0.21580 ( 2)
 225 -   0.71228 0.05940 0.21074 0.01758 ( 1)
 226 -   0.14774 0.62394 0.04371 0.18460 ( 2)
 227 -   0.75159 0.02010 0.22237 0.00595 ( 1)
 228 -   0.22497 0.54671 0.06656 0.16175 ( 2)
 229 -   0.05406 0.71763 0.01599 0.21232 ( 2)
 230 -   0.70055 0.07113 0.20727 0.02105 ( 1)
 231 -   0.54782 0.22387 0.16208 0.06623 ( 1)
 232 -   0.11068 0.66101 0.03274 0.19557 ( 2)
 233 -   0.65786 0.11383 0.19464 0.03368 ( 1)
 234 -   0.52321 0.24847 0.15480 0.07351 ( 1)
 235 -   0.58968 0.18200 0.17447 0.05385 ( 1)
 236 -   0.11284 0.65885 0.03338 0.19493 ( 2)
 237 -   0.02682 0.74486 0.00794 0.22038 ( 2)
 238 -   0.22573 0.54596 0.06679 0.16153 ( 2)
 239 -   0.73811 0.03358 0.21838 0.00994 ( 1)
 240 -   0.71536 0.05633 0.21165 0.01667 ( 1)
 241 -   0.29167 0.48002 0.08629 0.14202 ( 2)
 242 -   0.12554 0.64615 0.03714 0.19117 ( 2)
 243 -   0.01834 0.75335 0.00543 0.22289 ( 2)
 244 -   0.04050 0.73119 0.01198 0.21633 ( 2)
 245 -   0.75942 0.01226 0.22468 0.00363 ( 1)
 246 -   0.17652 0.59516 0.05223 0.17609 ( 2)
 247 -   0.58415 0.18753 0.17283 0.05548 ( 1)
 248 -   0.30209 0.46959 0.08938 0.13894 ( 2)
 249 -   0.74918 0.02251 0.22165 0.00666 ( 1)
 250 -   0.69911 0.02562 0.26770 0.00758 ( 1)
 251 -   0.72540 0.08886 0.15946 0.02629 ( 1)
 252 -   0.85056 0.00682 0.14060 0.00202 ( 1)
 253 -   0.82600 0.01527 0.15421 0.00452 ( 1)
 254 -   0.88841 0.00137 0.10982 0.00040 ( 1)
 255 -   0.85395 0.00535 0.13912 0.00158 ( 1)
 256 -   0.84388 0.00623 0.14804 0.00184 ( 1)
 257 -   0.77351 0.05764 0.15179 0.01705 ( 1)
 258 R   0.86335 0.00007 0.13655 0.00002 ( 1)
 259 Y   0.89022 0.00000 0.10978 0.00000 ( 1)
 260 K   0.70768 0.00736 0.28279 0.00218 ( 1)
 261 E   0.84034 0.00047 0.15905 0.00014 ( 1)
 262 K   0.86392 0.00006 0.13599 0.00002 ( 1)
 263 K   0.84861 0.00448 0.14558 0.00133 ( 1)
 264 K   0.83659 0.00054 0.16271 0.00016 ( 1)
 265 T   0.45923 0.00273 0.53723 0.00081 ( 3)
 266 R   0.87556 0.00004 0.12439 0.00001 ( 1)
 267 R   0.49897 0.04536 0.44225 0.01342 ( 1)
 268 Y   0.86486 0.00007 0.13504 0.00002 ( 1)
 269 D   0.57749 0.15311 0.22410 0.04530 ( 1)
 270 K   0.86381 0.00007 0.13610 0.00002 ( 1)
 271 T   0.69713 0.07037 0.21168 0.02082 ( 1)
 272 I   0.89527 0.00000 0.10473 0.00000 ( 1)
 273 R   0.86549 0.00010 0.13438 0.00003 ( 1)
 274 Y   0.89290 0.00000 0.10710 0.00000 ( 1)
 275 E   0.47658 0.00282 0.51977 0.00083 ( 3)
 276 T   0.75655 0.05250 0.17541 0.01553 ( 1)
 277 R   0.87996 0.00002 0.12001 0.00001 ( 1)
 278 K   0.86835 0.00005 0.13158 0.00001 ( 1)
 279 A   0.64255 0.04215 0.30283 0.01247 ( 1)
 280 R   0.58437 0.01225 0.39975 0.00363 ( 1)
 281 A   0.87250 0.00000 0.12750 0.00000 ( 1)
 282 E   0.83629 0.00422 0.15824 0.00125 ( 1)
 283 T   0.45944 0.19855 0.28326 0.05874 ( 1)
 284 R   0.86536 0.00007 0.13454 0.00002 ( 1)
 285 L   0.83837 0.01417 0.14327 0.00419 ( 1)
 286 R   0.84786 0.00014 0.15197 0.00004 ( 1)
 287 V   0.86822 0.00070 0.13088 0.00021 ( 1)
 288 K   0.85671 0.00389 0.13825 0.00115 ( 1)
 289 G   0.85272 0.00004 0.14723 0.00001 ( 1)
 290 R   0.87902 0.00021 0.12071 0.00006 ( 1)
 291 F   0.87687 0.00002 0.12311 0.00001 ( 1)
 292 V   0.70430 0.00201 0.29309 0.00059 ( 1)
 293 K   0.86383 0.00006 0.13609 0.00002 ( 1)
 294 A   0.81556 0.00409 0.17913 0.00121 ( 1)
 295 T   0.82446 0.04073 0.12276 0.01205 ( 1)
 296 D   0.24746 0.53308 0.06174 0.15772 ( 2)
 297 P   0.42166 0.12601 0.41505 0.03728 ( 1)
 298 -   0.86672 0.01121 0.11874 0.00332 ( 1)
 299 -   0.81882 0.02590 0.14762 0.00766 ( 1)
 300 -   0.00126 0.77018 0.00070 0.22787 ( 2)
 301 -   0.02935 0.73771 0.01468 0.21826 ( 2)


lnL = -4007.510999
