Supplemental results for CODEML (seqf: aligned.fas  treef: AT2G47890_AT2G47890.1_Athaliana_Araport11.treefile)

I	J	ij	2Ns_IJ	pMut_IJ	pSub_IJ	2Ns_JI	pMut_JI	pSub_JI

TTC	TTT	CT	-0.06767	0.01930	0.01865	0.06767	0.01803	0.01865
TTA	TTT	AT	0.71006	0.00689	0.00963	-0.71006	0.01402	0.00963
TTA	TTC	AC	0.77774	0.00617	0.00888	-0.77774	0.01343	0.00888
TTG	TTT	GT	-0.00384	0.01838	0.01834	0.00384	0.01831	0.01834
TTG	TTC	GC	0.06384	0.01646	0.01699	-0.06384	0.01754	0.01699
TTG	TTA	GA	-0.71390	0.02731	0.01871	0.71390	0.01337	0.01871
TCT	TTT	CT	0.29523	0.01342	0.01550	-0.29523	0.01803	0.01550
TCC	TTC	CT	0.31721	0.01258	0.01469	-0.31721	0.01728	0.01469
TCC	TCT	CT	-0.04570	0.01258	0.01230	0.04570	0.01202	0.01230
TCA	TTA	CT	-0.26438	0.01175	0.01026	0.26438	0.00902	0.01026
TCA	TCT	AT	0.15045	0.00804	0.00866	-0.15045	0.00935	0.00866
TCA	TCC	AC	0.19614	0.00720	0.00793	-0.19614	0.00876	0.00793
TCG	TTG	CT	0.46513	0.01510	0.01889	-0.46513	0.02405	0.01889
TCG	TCT	GT	0.16606	0.01034	0.01122	-0.16606	0.01220	0.01122
TCG	TCC	GC	0.21176	0.00926	0.01027	-0.21176	0.01144	0.01027
TCG	TCA	GA	0.01561	0.01536	0.01548	-0.01561	0.01560	0.01548
TAT	TTT	AT	0.63002	0.00747	0.01006	-0.63002	0.01402	0.01006
TAT	TCT	AC	0.33479	0.00669	0.00787	-0.33479	0.00935	0.00787
TAC	TTC	AT	0.51335	0.00804	0.01028	-0.51335	0.01343	0.01028
TAC	TCC	AC	0.19614	0.00720	0.00793	-0.19614	0.00876	0.00793
TAC	TAT	CT	-0.18434	0.01175	0.01070	0.18434	0.00977	0.01070
TGT	TTT	GT	1.06400	0.00632	0.01026	-1.06400	0.01831	0.01026
TGT	TCT	GC	0.76877	0.00566	0.00811	-0.76877	0.01220	0.00811
TGT	TAT	GA	0.43398	0.00939	0.01157	-0.43398	0.01449	0.01157
TGC	TTC	GT	1.33990	0.00459	0.00834	-1.33990	0.01754	0.00834
TGC	TCC	GC	1.02269	0.00411	0.00657	-1.02269	0.01144	0.00657
TGC	TAC	GA	0.82654	0.00683	0.01003	-0.82654	0.01560	0.01003
TGC	TGT	CT	0.20822	0.00671	0.00743	-0.20822	0.00827	0.00743
TGG	TTG	GT	1.35168	0.00632	0.01152	-1.35168	0.02441	0.01152
TGG	TCG	GC	0.88655	0.00566	0.00853	-0.88655	0.01373	0.00853
TGG	TGT	GT	0.28384	0.00632	0.00726	-0.28384	0.00839	0.00726
TGG	TGC	GC	0.07562	0.00566	0.00587	-0.07562	0.00610	0.00587
CTT	TTT	CT	0.17745	0.01510	0.01648	-0.17745	0.01803	0.01648
CTC	TTC	CT	0.94582	0.00671	0.01038	-0.94582	0.01728	0.01038
CTC	CTT	CT	0.70070	0.00671	0.00934	-0.70070	0.01353	0.00934
CTA	TTA	CT	-0.02322	0.00923	0.00912	0.02322	0.00902	0.00912
CTA	CTT	AT	0.50939	0.00632	0.00806	-0.50939	0.01051	0.00806
CTA	CTC	AC	-0.19130	0.00566	0.00513	0.19130	0.00467	0.00513
CTG	TTG	CT	0.87059	0.01007	0.01508	-0.87059	0.02405	0.01508
CTG	CTT	GT	0.68931	0.00689	0.00954	-0.68931	0.01373	0.00954
CTG	CTC	GC	-0.01139	0.00617	0.00614	0.01139	0.00610	0.00614
CTG	CTA	GA	0.17991	0.01024	0.01119	-0.17991	0.01226	0.01119
CCT	TCT	CT	-0.38217	0.01762	0.01447	0.38217	0.01202	0.01447
CCT	CTT	CT	-0.26438	0.01762	0.01539	0.26438	0.01353	0.01539
CCC	TCC	CT	1.49920	0.00252	0.00486	-1.49920	0.01127	0.00486
CCC	CTC	CT	0.87059	0.00252	0.00377	-0.87059	0.00601	0.00377
CCC	CCT	CT	1.83568	0.00252	0.00550	-1.83568	0.01578	0.00550
CCA	TCA	CT	-0.24377	0.01342	0.01185	0.24377	0.01052	0.01185
CCA	CTA	CT	-0.48493	0.01342	0.01043	0.48493	0.00827	0.01043
CCA	CCT	AT	0.28885	0.00919	0.01058	-0.28885	0.01227	0.01058
CCA	CCC	AC	-1.54682	0.00823	0.00344	1.54682	0.00175	0.00344
CCG	TCG	CT	-0.11023	0.01510	0.01428	0.11023	0.01353	0.01428
CCG	CTG	CT	-0.51570	0.01510	0.01154	0.51570	0.00902	0.01154
CCG	CCT	GT	0.43799	0.01034	0.01277	-0.43799	0.01602	0.01277
CCG	CCC	GC	-1.39768	0.00926	0.00425	1.39768	0.00229	0.00425
CCG	CCA	GA	0.14914	0.01536	0.01653	-0.14914	0.01783	0.01653
CAT	TAT	CT	-0.31787	0.01342	0.01140	0.31787	0.00977	0.01140
CAT	CTT	AT	0.13470	0.00919	0.00982	-0.13470	0.01051	0.00982
CAT	CCT	AC	0.39909	0.00823	0.00998	-0.39909	0.01227	0.00998
CAC	TAC	CT	0.44938	0.00671	0.00833	-0.44938	0.01052	0.00833
CAC	CTC	AT	0.01692	0.00459	0.00463	-0.01692	0.00467	0.00463
CAC	CCC	AC	-0.85368	0.00411	0.00261	0.85368	0.00175	0.00261
CAC	CAT	CT	0.58291	0.00671	0.00886	-0.58291	0.01202	0.00886
CAA	CTA	AT	-0.35778	0.00919	0.00764	0.35778	0.00642	0.00764
CAA	CCA	AC	0.12715	0.00823	0.00876	-0.12715	0.00935	0.00876
CAA	CAT	AT	0.01692	0.00919	0.00927	-0.01692	0.00935	0.00927
CAA	CAC	AC	-0.56600	0.00823	0.00612	0.56600	0.00467	0.00612
CAG	CTG	AT	-0.58922	0.01263	0.00928	0.58922	0.00701	0.00928
CAG	CCG	AC	-0.07352	0.01132	0.01090	0.07352	0.01051	0.01090
CAG	CAT	GT	-0.03461	0.01263	0.01242	0.03461	0.01220	0.01242
CAG	CAC	GC	-0.61752	0.01132	0.00818	0.61752	0.00610	0.00818
CAG	CAA	GA	-0.05153	0.01877	0.01829	0.05153	0.01783	0.01829
CGT	TGT	CT	-0.42039	0.01258	0.01012	0.42039	0.00827	0.01012
CGT	CTT	GT	0.46617	0.00861	0.01078	-0.46617	0.01373	0.01078
CGT	CCT	GC	0.73055	0.00772	0.01087	-0.73055	0.01602	0.01087
CGT	CAT	GA	0.33146	0.01280	0.01504	-0.33146	0.01783	0.01504
CGC	TGC	CT	0.58291	0.00336	0.00443	-0.58291	0.00601	0.00443
CGC	CTC	GT	0.97699	0.00230	0.00360	-0.97699	0.00610	0.00360
CGC	CCC	GC	0.10640	0.00206	0.00217	-0.10640	0.00229	0.00217
CGC	CAC	GA	0.96007	0.00341	0.00531	-0.96007	0.00891	0.00531
CGC	CGT	CT	1.21152	0.00336	0.00579	-1.21152	0.01127	0.00579
CGA	CTA	GT	0.37915	0.00574	0.00690	-0.37915	0.00839	0.00690
CGA	CCA	GC	0.86408	0.00514	0.00768	-0.86408	0.01220	0.00768
CGA	CAA	GA	0.73693	0.00853	0.01206	-0.73693	0.01783	0.01206
CGA	CGT	AT	0.42238	0.00574	0.00704	-0.42238	0.00876	0.00704
CGA	CGC	AC	-0.78914	0.00514	0.00338	0.78914	0.00234	0.00338
CGG	TGG	CT	0.09044	0.00755	0.00790	-0.09044	0.00827	0.00790
CGG	CTG	GT	0.57153	0.00517	0.00679	-0.57153	0.00915	0.00679
CGG	CCG	GC	1.08723	0.00463	0.00759	-1.08723	0.01373	0.00759
CGG	CAG	GA	1.16074	0.00768	0.01298	-1.16074	0.02452	0.01298
CGG	CGT	GT	0.79467	0.00517	0.00749	-0.79467	0.01144	0.00749
CGG	CGC	GC	-0.41685	0.00463	0.00373	0.41685	0.00305	0.00373
CGG	CGA	GA	0.37229	0.00768	0.00920	-0.37229	0.01114	0.00920
ATT	TTT	AT	0.19924	0.01149	0.01267	-0.19924	0.01402	0.01267
ATT	CTT	AC	0.02179	0.01029	0.01040	-0.02179	0.01051	0.01040
ATC	TTC	AT	0.15668	0.01149	0.01241	-0.15668	0.01343	0.01241
ATC	CTC	AC	-0.78914	0.01029	0.00676	0.78914	0.00467	0.00676
ATC	ATT	CT	-0.11023	0.01678	0.01587	0.11023	0.01503	0.01587
ATA	TTA	AT	0.01692	0.00689	0.00695	-0.01692	0.00701	0.00695
ATA	CTA	AC	0.04014	0.00617	0.00630	-0.04014	0.00642	0.00630
ATA	ATT	AT	0.52774	0.00689	0.00887	-0.52774	0.01168	0.00887
ATA	ATC	AC	0.63798	0.00617	0.00835	-0.63798	0.01168	0.00835
ATG	TTG	AT	-0.15493	0.02182	0.02018	0.15493	0.01869	0.02018
ATG	CTG	AC	-1.02553	0.01954	0.01121	1.02553	0.00701	0.01121
ATG	ATT	GT	-0.35801	0.02182	0.01815	0.35801	0.01526	0.01815
ATG	ATC	GC	-0.24778	0.01954	0.01722	0.24778	0.01526	0.01722
ATG	ATA	GA	-0.88575	0.03243	0.02016	0.88575	0.01337	0.02016
ACT	TCT	AT	-0.25502	0.01206	0.01059	0.25502	0.00935	0.01059
ACT	CCT	AC	0.12715	0.01080	0.01150	-0.12715	0.01227	0.01150
ACT	ATT	CT	-0.15902	0.01762	0.01626	0.15902	0.01503	0.01626
ACC	TCC	AT	0.32707	0.00632	0.00741	-0.32707	0.00876	0.00741
ACC	CCC	AC	-1.17213	0.00566	0.00298	1.17213	0.00175	0.00298
ACC	ATC	CT	0.48760	0.00923	0.01166	-0.48760	0.01503	0.01166
ACC	ACT	CT	0.53639	0.00923	0.01192	-0.53639	0.01578	0.01192
ACA	TCA	AT	-0.11661	0.00919	0.00866	0.11661	0.00818	0.00866
ACA	CCA	AC	0.12715	0.00823	0.00876	-0.12715	0.00935	0.00876
ACA	ATA	CT	-0.39792	0.01342	0.01093	0.39792	0.00902	0.01093
ACA	ACT	AT	0.28885	0.00919	0.01058	-0.28885	0.01227	0.01058
ACA	ACC	AC	-0.24754	0.00823	0.00725	0.24754	0.00642	0.00725
ACG	TCG	AT	-0.18375	0.01263	0.01151	0.18375	0.01051	0.01151
ACG	CCG	AC	-0.07352	0.01132	0.01090	0.07352	0.01051	0.01090
ACG	ATG	CT	0.43631	0.01846	0.02278	-0.43631	0.02855	0.02278
ACG	ACT	GT	0.23732	0.01263	0.01419	-0.23732	0.01602	0.01419
ACG	ACC	GC	-0.29907	0.01132	0.00971	0.29907	0.00839	0.00971
ACG	ACA	GA	-0.05153	0.01877	0.01829	0.05153	0.01783	0.01829
AAT	TAT	AT	-0.75034	0.01608	0.01079	0.75034	0.00759	0.01079
AAT	CAT	AC	-0.43246	0.01440	0.01151	0.43246	0.00935	0.01151
AAT	ATT	AT	-0.31955	0.01608	0.01365	0.31955	0.01168	0.01365
AAT	ACT	AC	-0.16053	0.01440	0.01328	0.16053	0.01227	0.01328
AAC	TAC	AT	-0.47952	0.01321	0.01029	0.47952	0.00818	0.01029
AAC	CAC	AC	-0.92890	0.01183	0.00717	0.92890	0.00467	0.00717
AAC	ATC	AT	-0.12284	0.01321	0.01241	0.12284	0.01168	0.01241
AAC	ACC	AC	-0.61045	0.01183	0.00858	0.61045	0.00642	0.00858
AAC	AAT	CT	0.08648	0.01930	0.02014	-0.08648	0.02104	0.02014
AAA	CAA	AC	-0.73785	0.01954	0.01321	0.73785	0.00935	0.01321
AAA	ATA	AT	-1.13576	0.02182	0.01173	1.13576	0.00701	0.01173
AAA	ACA	AC	-0.73785	0.01954	0.01321	0.73785	0.00935	0.01321
AAA	AAT	AT	-0.28846	0.02182	0.01883	0.28846	0.01635	0.01883
AAA	AAC	AC	-0.37494	0.01954	0.01611	0.37494	0.01343	0.01611
AAG	CAG	AC	-0.85934	0.03035	0.01915	0.85934	0.01285	0.01915
AAG	ATG	AT	-0.42303	0.03388	0.02722	0.42303	0.02220	0.02722
AAG	ACG	AC	-0.85934	0.03035	0.01915	0.85934	0.01285	0.01915
AAG	AAT	GT	-0.46149	0.03388	0.02666	0.46149	0.02136	0.02666
AAG	AAC	GC	-0.54797	0.03035	0.02279	0.54797	0.01754	0.02279
AAG	AAA	GA	-0.17303	0.05035	0.04612	0.17303	0.04235	0.04612
AGT	TGT	AT	-0.98638	0.01723	0.01011	0.98638	0.00642	0.01011
AGT	CGT	AC	-0.56600	0.01543	0.01147	0.56600	0.00876	0.01147
AGT	ATT	GT	-0.12162	0.01723	0.01620	0.12162	0.01526	0.01620
AGT	ACT	GC	0.03740	0.01543	0.01572	-0.03740	0.01602	0.01572
AGT	AAT	GA	0.19793	0.02560	0.02822	-0.19793	0.03120	0.02822
AGC	TGC	AT	-0.20623	0.00574	0.00517	0.20623	0.00467	0.00517
AGC	CGC	AC	-0.78914	0.00514	0.00338	0.78914	0.00234	0.00338
AGC	ATC	GT	0.97699	0.00574	0.00900	-0.97699	0.01526	0.00900
AGC	ACC	GC	0.48939	0.00514	0.00650	-0.48939	0.00839	0.00650
AGC	AAC	GA	1.09984	0.00853	0.01407	-1.09984	0.02563	0.01407
AGC	AGT	CT	0.98838	0.00839	0.01321	-0.98838	0.02254	0.01321
AGA	CGA	AC	-1.28384	0.02109	0.01037	1.28384	0.00584	0.01037
AGA	ATA	GT	-0.94482	0.02355	0.01415	0.94482	0.00915	0.01415
AGA	ACA	GC	-0.54691	0.02109	0.01584	0.54691	0.01220	0.01584
AGA	AAA	GA	0.19094	0.03499	0.03843	-0.19094	0.04235	0.03843
AGA	AGT	AT	-0.29546	0.02355	0.02024	0.29546	0.01752	0.02024
AGA	AGC	AC	-1.28384	0.02109	0.01037	1.28384	0.00584	0.01037
AGG	TGG	AT	-1.19611	0.02125	0.01102	1.19611	0.00642	0.01102
AGG	CGG	AC	-1.28654	0.01903	0.00934	1.28654	0.00526	0.00934
AGG	ATG	GT	0.31051	0.02125	0.02472	-0.31051	0.02899	0.02472
AGG	ACG	GC	-0.12580	0.01903	0.01786	0.12580	0.01678	0.01786
AGG	AAG	GA	0.73355	0.03157	0.04456	-0.73355	0.06575	0.04456
AGG	AGT	GT	0.07412	0.02125	0.02205	-0.07412	0.02288	0.02205
AGG	AGC	GC	-0.91425	0.01903	0.01164	0.91425	0.00763	0.01164
AGG	AGA	GA	0.36958	0.03157	0.03777	-0.36958	0.04569	0.03777
GTT	TTT	GT	-0.27577	0.02412	0.02095	0.27577	0.01831	0.02095
GTT	CTT	GC	-0.45322	0.02160	0.01708	0.45322	0.01373	0.01708
GTT	ATT	GA	-0.47501	0.03584	0.02800	0.47501	0.02229	0.02800
GTC	TTC	GT	1.22211	0.00517	0.00895	-1.22211	0.01754	0.00895
GTC	CTC	GC	0.27630	0.00463	0.00530	-0.27630	0.00610	0.00530
GTC	ATC	GA	1.06543	0.00768	0.01248	-1.06543	0.02229	0.01248
GTC	GTT	CT	1.43021	0.00755	0.01420	-1.43021	0.03156	0.01420
GTA	TTA	GT	0.37086	0.00632	0.00756	-0.37086	0.00915	0.00756
GTA	CTA	GC	0.39408	0.00566	0.00685	-0.39408	0.00839	0.00685
GTA	ATA	GA	0.35394	0.00939	0.01115	-0.35394	0.01337	0.01115
GTA	GTT	AT	1.35669	0.00632	0.01154	-1.35669	0.02453	0.01154
GTA	GTC	AC	-0.07352	0.00566	0.00545	0.07352	0.00526	0.00545
GTG	TTG	GT	0.16606	0.02067	0.02244	-0.16606	0.02441	0.02244
GTG	CTG	GC	-0.70453	0.01852	0.01275	0.70453	0.00915	0.01275
GTG	ATG	GA	0.32099	0.03072	0.03591	-0.32099	0.04235	0.03591
GTG	GTT	GT	0.43799	0.02067	0.02553	-0.43799	0.03204	0.02553
GTG	GTC	GC	-0.99222	0.01852	0.01082	0.99222	0.00686	0.01082
GTG	GTA	GA	-0.91870	0.03072	0.01874	0.91870	0.01226	0.01874
GCT	TCT	GT	-0.31086	0.01665	0.01420	0.31086	0.01220	0.01420
GCT	CCT	GC	0.07130	0.01492	0.01545	-0.07130	0.01602	0.01545
GCT	ACT	GA	-0.05585	0.02475	0.02406	0.05585	0.02340	0.02406
GCT	GTT	CT	0.26014	0.02433	0.02763	-0.26014	0.03156	0.02763
GCC	TCC	GT	1.04598	0.00402	0.00648	-1.04598	0.01144	0.00648
GCC	CCC	GC	-0.45322	0.00360	0.00285	0.45322	0.00229	0.00285
GCC	ACC	GA	0.71891	0.00597	0.00838	-0.71891	0.01226	0.00838
GCC	GTC	CT	0.14108	0.00587	0.00630	-0.14108	0.00676	0.00630
GCC	GCT	CT	1.31115	0.00587	0.01054	-1.31115	0.02179	0.01054
GCA	TCA	GT	0.43799	0.00689	0.00851	-0.43799	0.01068	0.00851
GCA	CCA	GC	0.68176	0.00617	0.00851	-0.68176	0.01220	0.00851
GCA	ACA	GA	0.55461	0.01024	0.01334	-0.55461	0.01783	0.01334
GCA	GTA	CT	-0.19725	0.01007	0.00911	0.19725	0.00827	0.00911
GCA	GCT	AT	0.89931	0.00689	0.01045	-0.89931	0.01694	0.01045
GCA	GCC	AC	-0.41184	0.00617	0.00499	0.41184	0.00409	0.00499
GCG	TCG	GT	0.97699	0.00517	0.00810	-0.97699	0.01373	0.00810
GCG	CCG	GC	1.08723	0.00463	0.00759	-1.08723	0.01373	0.00759
GCG	ACG	GA	1.16074	0.00768	0.01298	-1.16074	0.02452	0.01298
GCG	GTG	CT	1.27606	0.00755	0.01337	-1.27606	0.02705	0.01337
GCG	GCT	GT	1.45392	0.00517	0.00981	-1.45392	0.02212	0.00981
GCG	GCC	GC	0.14276	0.00463	0.00497	-0.14276	0.00534	0.00497
GCG	GCA	GA	0.55461	0.00768	0.01001	-0.55461	0.01337	0.01001
GAT	TAT	GT	-1.21165	0.03331	0.01711	1.21165	0.00992	0.01711
GAT	CAT	GC	-0.89378	0.02983	0.01846	0.89378	0.01220	0.01846
GAT	AAT	GA	-0.46131	0.04949	0.03895	0.46131	0.03120	0.03895
GAT	GTT	AT	-0.30586	0.03331	0.02847	0.30586	0.02453	0.02847
GAT	GCT	AC	-0.56600	0.02983	0.02218	0.56600	0.01694	0.02218
GAC	TAC	GT	-0.40930	0.01608	0.01301	0.40930	0.01068	0.01301
GAC	CAC	GC	-0.85868	0.01440	0.00909	0.85868	0.00610	0.00909
GAC	AAC	GA	0.07022	0.02389	0.02474	-0.07022	0.02563	0.02474
GAC	GTC	AT	-1.11806	0.01608	0.00873	1.11806	0.00526	0.00873
GAC	GCC	AC	-1.25914	0.01440	0.00719	1.25914	0.00409	0.00719
GAC	GAT	CT	0.61800	0.02349	0.03149	-0.61800	0.04358	0.03149
GAA	CAA	GC	-0.91087	0.03035	0.01860	0.91087	0.01220	0.01860
GAA	AAA	GA	-0.17303	0.05035	0.04612	0.17303	0.04235	0.04612
GAA	GTA	AT	-1.66272	0.03388	0.01318	1.66272	0.00642	0.01318
GAA	GCA	AC	-1.46548	0.03035	0.01336	1.46548	0.00701	0.01336
GAA	GAT	AT	-0.00018	0.03388	0.03388	0.00018	0.03388	0.03388
GAA	GAC	AC	-0.61818	0.03035	0.02193	0.61818	0.01635	0.02193
GAG	CAG	GC	-0.98079	0.04475	0.02633	0.98079	0.01678	0.02633
GAG	AAG	GA	-0.12144	0.07424	0.06982	0.12144	0.06575	0.06982
GAG	GTG	AT	-0.86547	0.04996	0.03142	0.86547	0.02103	0.03142
GAG	GCG	AC	-2.14153	0.04475	0.01276	2.14153	0.00526	0.01276
GAG	GAT	GT	-0.12162	0.04996	0.04699	0.12162	0.04424	0.04699
GAG	GAC	GC	-0.73963	0.04475	0.03022	0.73963	0.02136	0.03022
GAG	GAA	GA	-0.12144	0.07424	0.06982	0.12144	0.06575	0.06982
GGT	TGT	GT	-0.20863	0.01034	0.00930	0.20863	0.00839	0.00930
GGT	CGT	GC	0.21176	0.00926	0.01027	-0.21176	0.01144	0.01027
GGT	AGT	GA	0.77775	0.01536	0.02210	-0.77775	0.03343	0.02210
GGT	GTT	GT	1.13114	0.01034	0.01726	-1.13114	0.03204	0.01726
GGT	GCT	GC	0.87100	0.00926	0.01387	-0.87100	0.02212	0.01387
GGT	GAT	GA	1.43700	0.01536	0.02895	-1.43700	0.06463	0.02895
GGC	TGC	GT	0.28384	0.00459	0.00528	-0.28384	0.00610	0.00528
GGC	CGC	GC	-0.29907	0.00411	0.00353	0.29907	0.00305	0.00353
GGC	AGC	GA	0.49007	0.00683	0.00864	-0.49007	0.01114	0.00864
GGC	GTC	GT	0.40163	0.00459	0.00558	-0.40163	0.00686	0.00558
GGC	GCC	GC	0.26055	0.00411	0.00467	-0.26055	0.00534	0.00467
GGC	GAC	GA	1.51969	0.00683	0.01328	-1.51969	0.03120	0.01328
GGC	GGT	CT	0.70070	0.00671	0.00934	-0.70070	0.01353	0.00934
GGA	CGA	GC	-1.01691	0.02109	0.01215	1.01691	0.00763	0.01215
GGA	AGA	GA	0.26693	0.03499	0.03986	-0.26693	0.04569	0.03986
GGA	GTA	GT	-1.03183	0.02355	0.01345	1.03183	0.00839	0.01345
GGA	GCA	GC	-0.83459	0.02109	0.01350	0.83459	0.00915	0.01350
GGA	GAA	GA	0.63089	0.03499	0.04717	-0.63089	0.06575	0.04717
GGA	GGT	AT	-0.80628	0.02355	0.01532	0.80628	0.01051	0.01532
GGA	GGC	AC	-1.50698	0.02109	0.00905	1.50698	0.00467	0.00905
GGG	TGG	GT	0.11679	0.00747	0.00791	-0.11679	0.00839	0.00791
GGG	CGG	GC	0.02635	0.00669	0.00677	-0.02635	0.00686	0.00677
GGG	AGG	GA	1.31289	0.01109	0.01992	-1.31289	0.04123	0.01992
GGG	GTG	GT	1.30241	0.00747	0.01335	-1.30241	0.02746	0.01335
GGG	GCG	GC	0.02635	0.00669	0.00677	-0.02635	0.00686	0.00677
GGG	GAG	GA	2.16788	0.01109	0.02716	-2.16788	0.09695	0.02716
GGG	GGT	GT	0.60927	0.00747	0.00997	-0.60927	0.01373	0.00997
GGG	GGC	GC	-0.09143	0.00669	0.00639	0.09143	0.00610	0.00639
GGG	GGA	GA	1.41555	0.01109	0.02074	-1.41555	0.04569	0.02074


Histograms
2Ns	FMut	FSub(CodonUsage)	FSubw(after w)

-2.06465	0.01794	0.00548
-1.85819	0.00200	0.00076
-1.65172	0.00429	0.00181
-1.44526	0.04107	0.01992
-1.23879	0.04692	0.02560
-1.03233	0.05277	0.03281
-0.82586	0.09233	0.06449
-0.61940	0.06720	0.05273
-0.41293	0.10874	0.09546
-0.20647	0.14818	0.14592
0.00000	0.10149	0.11006
0.20647	0.12259	0.14592
0.41293	0.07227	0.09546
0.61940	0.03631	0.05273
0.82586	0.04053	0.06449
1.03233	0.01893	0.03281
1.23879	0.01350	0.02560
1.44526	0.00973	0.01992
1.65172	0.00081	0.00181
1.85819	0.00032	0.00076
2.06465	0.00207	0.00548

Proportion of advantageous (S > 0) mutations:
 0.36661

Proportions of good & bad mutations (|S| > 2.0000) among mutations:
0.00207  0.01794

mean |Ns| = 0.58152	mean Ns+ = 0.45518	mean Ns- = -0.65465


MLEs of dN/dS (w) for site classes (K=4)

site class             0        1       2a       2b
proportion       0.53554  0.26995  0.12932  0.06519
background w     0.12754  1.00000  0.12754  1.00000
foreground w     0.12754  1.00000  1.00000  1.00000

Naive Empirical Bayes (NEB) probabilities for 4 classes
(amino acids refer to 1st sequence: AT2G33500_AT2G33500.1_Athaliana_Araport11)

   1 S   0.25397 0.34499 0.31774 0.08331 ( 2)
   2 N   0.91175 0.01685 0.06733 0.00407 ( 1)
   3 E   0.56407 0.17585 0.21761 0.04246 ( 1)
   4 L   0.87050 0.03926 0.08076 0.00948 ( 1)
   5 I   0.92476 0.01237 0.05988 0.00299 ( 1)
   6 V   0.85442 0.04267 0.09261 0.01030 ( 1)
   7 P   0.59572 0.12835 0.24493 0.03099 ( 1)
   8 Y   0.01437 0.78637 0.00936 0.18989 ( 2)
   9 D   0.87644 0.03166 0.08426 0.00765 ( 1)
  10 V   0.17460 0.64732 0.02176 0.15631 ( 2)
  11 S   0.24014 0.54316 0.08553 0.13116 ( 2)
  12 C   0.05021 0.69952 0.08136 0.16892 ( 2)
  13 K   0.86373 0.03892 0.08795 0.00940 ( 1)
  14 K   0.65295 0.12375 0.19342 0.02988 ( 1)
  15 Q   0.53307 0.33029 0.05688 0.07976 ( 1)
  16 S   0.05048 0.72193 0.05326 0.17433 ( 2)
  17 F   0.14104 0.61816 0.09153 0.14927 ( 2)
  18 S   0.63907 0.10228 0.23395 0.02470 ( 1)
  19 F   0.71635 0.17340 0.06838 0.04187 ( 1)
  20 G   0.92237 0.01363 0.06070 0.00329 ( 1)
  21 R   0.56605 0.16474 0.22942 0.03978 ( 1)
  22 S   0.66817 0.20879 0.07262 0.05042 ( 1)
  23 K   0.76690 0.12165 0.08207 0.02938 ( 1)
  24 Q   0.02085 0.76585 0.02837 0.18493 ( 2)
  25 V   0.00089 0.80438 0.00049 0.19424 ( 2)
  26 V   0.07488 0.71633 0.03581 0.17298 ( 2)
  27 F   0.56861 0.00094 0.43023 0.00023 ( 1)
  28 E   0.01090 0.78887 0.00974 0.19049 ( 2)
  29 Q   0.78562 0.11498 0.07162 0.02777 ( 1)
  30 L   0.92704 0.00004 0.07292 0.00001 ( 1)
  31 E   0.10258 0.56407 0.19714 0.13621 ( 2)
  32 L   0.13221 0.49518 0.25303 0.11958 ( 2)
  33 L   0.88023 0.02683 0.08646 0.00648 ( 1)
  34 K   0.07907 0.57403 0.20828 0.13862 ( 2)
  35 R   0.62313 0.24228 0.07608 0.05851 ( 1)
  36 G   0.22461 0.35413 0.33575 0.08551 ( 2)
  37 F   0.65476 0.23002 0.05967 0.05555 ( 1)
  38 V   0.39464 0.27115 0.26874 0.06548 ( 1)
  39 E   0.02609 0.74491 0.04912 0.17988 ( 2)
  40 G   0.16301 0.42225 0.31277 0.10196 ( 2)
  41 E   0.89595 0.01378 0.08695 0.00333 ( 1)
  42 G   0.88585 0.00399 0.10920 0.00096 ( 1)
  43 E   0.82024 0.06098 0.10406 0.01472 ( 1)
  44 I   0.91798 0.00669 0.07371 0.00162 ( 1)
  45 M   0.01085 0.79079 0.00741 0.19096 ( 2)
  46 V   0.60792 0.05114 0.32858 0.01235 ( 1)
  47 P   0.80135 0.09189 0.08456 0.02219 ( 1)
  48 E   0.46241 0.38531 0.05924 0.09304 ( 1)
  49 -   0.02415 0.77631 0.01208 0.18746 ( 2)
  50 -   0.07298 0.73549 0.01392 0.17760 ( 2)
  51 -   0.02040 0.75703 0.03977 0.18281 ( 2)
  52 -   0.62206 0.01466 0.35975 0.00354 ( 1)
  53 -   0.89764 0.00708 0.09357 0.00171 ( 1)
  54 -   0.66463 0.14086 0.16049 0.03401 ( 1)
  55 -   0.73838 0.06711 0.17830 0.01621 ( 1)
  56 -   0.00517 0.80032 0.00125 0.19326 ( 2)
  57 -   0.80170 0.00379 0.19359 0.00091 ( 1)
  58 -   0.80295 0.00254 0.19390 0.00061 ( 1)
  59 -   0.80122 0.00427 0.19348 0.00103 ( 1)
  60 -   0.10726 0.69824 0.02590 0.16861 ( 2)
  61 -   0.69153 0.11396 0.16699 0.02752 ( 1)
  62 -   0.71579 0.17551 0.06633 0.04238 ( 1)
  63 -   0.93963 0.00156 0.05844 0.00038 ( 1)
  64 I   0.57296 0.02733 0.39311 0.00660 ( 1)
  65 S   0.00039 0.80438 0.00100 0.19424 ( 2)
  66 Q   0.92710 0.00263 0.06964 0.00063 ( 1)
  67 Q   0.93312 0.00006 0.06680 0.00001 ( 1)
  68 W   0.66847 0.13702 0.16142 0.03309 ( 1)
  69 N   0.34963 0.45586 0.08443 0.11008 ( 2)
  70 A   0.80350 0.00199 0.19403 0.00048 ( 1)
  71 -   0.00128 0.80422 0.00031 0.19420 ( 2)
  72 -   0.51960 0.28589 0.12547 0.06904 ( 1)
  73 T   0.78268 0.02281 0.18900 0.00551 ( 1)
  74 N   0.65883 0.02008 0.31624 0.00485 ( 1)
  75 H   0.54047 0.33992 0.03753 0.08208 ( 1)
  76 S   0.19836 0.54325 0.12721 0.13118 ( 2)
  77 D   0.87272 0.03595 0.08265 0.00868 ( 1)
  78 F   0.90359 0.01918 0.07260 0.00463 ( 1)
  79 N   0.91380 0.01553 0.06692 0.00375 ( 1)
  80 L   0.89891 0.00624 0.09335 0.00151 ( 1)
  81 G   0.11785 0.22722 0.60006 0.05487 ( 3)
  82 Q   0.74725 0.06774 0.16865 0.01636 ( 1)
  83 S   0.80647 0.06713 0.11019 0.01621 ( 1)
  84 R   0.06980 0.71364 0.04423 0.17233 ( 2)
  85 N   0.00095 0.80460 0.00016 0.19429 ( 2)
  86 P   0.87772 0.03012 0.08489 0.00727 ( 1)
  87 D   0.39897 0.41989 0.07975 0.10139 ( 2)
  88 E   0.16364 0.60691 0.08289 0.14656 ( 2)
  89 P   0.04194 0.72242 0.06120 0.17445 ( 2)
  90 S   0.25063 0.34350 0.32292 0.08295 ( 2)
  91 P   0.44043 0.38895 0.07669 0.09392 ( 1)
  92 E   0.52211 0.32524 0.07411 0.07854 ( 1)
  93 D   0.11673 0.54966 0.20088 0.13273 ( 2)
  94 S   0.60324 0.26687 0.06545 0.06444 ( 1)
  95 V   0.11464 0.70283 0.01282 0.16972 ( 2)
  96 H   0.02726 0.75258 0.03843 0.18173 ( 2)
  97 I   0.03959 0.76157 0.01493 0.18390 ( 2)
  98 P   0.90109 0.02673 0.06572 0.00646 ( 1)
  99 A   0.10251 0.70727 0.01943 0.17079 ( 2)
 100 D   0.05761 0.74779 0.01402 0.18058 ( 2)
 101 S   0.15978 0.44189 0.29162 0.10671 ( 2)
 102 C   0.83174 0.09261 0.05328 0.02236 ( 1)
 103 G   0.02540 0.73971 0.05627 0.17862 ( 2)
 104 L   0.04537 0.58802 0.22462 0.14199 ( 2)
 105 H   0.64080 0.10074 0.23413 0.02433 ( 1)
 106 C   0.81052 0.11183 0.05065 0.02700 ( 1)
 107 T   0.16555 0.43805 0.29062 0.10578 ( 2)
 108 E   0.82360 0.06246 0.09886 0.01508 ( 1)
 109 H   0.00408 0.79813 0.00506 0.19273 ( 2)
 110 I   0.81481 0.00995 0.17283 0.00240 ( 1)
 111 -   0.75006 0.00284 0.24641 0.00069 ( 1)
 112 -   0.07479 0.73070 0.01806 0.17645 ( 2)
 113 -   0.05831 0.74718 0.01408 0.18043 ( 2)
 114 -   0.19885 0.60665 0.04802 0.14649 ( 2)
 115 -   0.67465 0.13084 0.16291 0.03159 ( 1)
 116 -   0.79005 0.01545 0.19078 0.00373 ( 1)
 117 -   0.65649 0.14900 0.15853 0.03598 ( 1)
 118 -   0.56591 0.23958 0.13666 0.05785 ( 1)
 119 -   0.78477 0.02072 0.18951 0.00500 ( 1)
 120 -   0.25186 0.55363 0.06082 0.13369 ( 2)
 121 -   0.78618 0.01932 0.18984 0.00466 ( 1)
 122 -   0.79723 0.00826 0.19251 0.00199 ( 1)
 123 -   0.61522 0.19027 0.14856 0.04595 ( 1)
 124 -   0.79107 0.01442 0.19103 0.00348 ( 1)
 125 -   0.35085 0.45464 0.08472 0.10979 ( 2)
 126 -   0.23496 0.57053 0.05674 0.13777 ( 2)
 127 -   0.69659 0.10890 0.16821 0.02630 ( 1)
 128 -   0.60925 0.19624 0.14712 0.04739 ( 1)
 129 -   0.30874 0.49675 0.07455 0.11995 ( 2)
 130 -   0.79123 0.01426 0.19106 0.00344 ( 1)
 131 -   0.78266 0.02283 0.18900 0.00551 ( 1)
 132 -   0.75885 0.04665 0.18324 0.01126 ( 1)
 133 -   0.70294 0.10255 0.16975 0.02476 ( 1)
 134 -   0.78010 0.02539 0.18838 0.00613 ( 1)
 135 -   0.79298 0.01251 0.19149 0.00302 ( 1)
 136 -   0.14023 0.66526 0.03386 0.16065 ( 2)
 137 -   0.08413 0.72137 0.02031 0.17419 ( 2)
 138 -   0.75738 0.04811 0.18289 0.01162 ( 1)
 139 -   0.59622 0.20928 0.14397 0.05054 ( 1)
 140 -   0.78631 0.01918 0.18988 0.00463 ( 1)
 141 -   0.73015 0.07534 0.17632 0.01819 ( 1)
 142 -   0.78052 0.02497 0.18848 0.00603 ( 1)
 143 -   0.09762 0.70787 0.02357 0.17093 ( 2)
 144 -   0.66835 0.13714 0.16139 0.03312 ( 1)
 145 -   0.77991 0.02558 0.18833 0.00618 ( 1)
 146 -   0.18267 0.62282 0.04411 0.15040 ( 2)
 147 -   0.19926 0.60623 0.04812 0.14639 ( 2)
 148 -   0.71737 0.08812 0.17323 0.02128 ( 1)
 149 -   0.23345 0.25667 0.44790 0.06198 ( 3)
 150 -   0.88886 0.01047 0.09814 0.00253 ( 1)
 151 -   0.51245 0.34540 0.05873 0.08341 ( 1)
 152 A   0.64989 0.20468 0.09600 0.04943 ( 1)
 153 I   0.42022 0.43321 0.04196 0.10461 ( 2)
 154 T   0.73525 0.16297 0.06242 0.03935 ( 1)
 155 S   0.88844 0.01516 0.09274 0.00366 ( 1)
 156 T   0.74599 0.15210 0.06518 0.03673 ( 1)
 157 R   0.11223 0.70582 0.01152 0.17044 ( 2)
 158 L   0.00399 0.80086 0.00176 0.19339 ( 2)
 159 V   0.61773 0.00607 0.37474 0.00147 ( 1)
 160 A   0.68594 0.18586 0.08331 0.04488 ( 1)
 161 V   0.00061 0.80227 0.00339 0.19373 ( 2)
 162 T   0.53707 0.27531 0.12114 0.06648 ( 1)
 163 -   0.60809 0.19740 0.14684 0.04767 ( 1)
 164 -   0.05462 0.75088 0.01319 0.18132 ( 2)
 165 -   0.39377 0.41172 0.09509 0.09942 ( 2)
 166 -   0.03162 0.77387 0.00764 0.18687 ( 2)
 167 -   0.78538 0.02011 0.18965 0.00486 ( 1)
 168 -   0.03749 0.76800 0.00905 0.18546 ( 2)
 169 -   0.63653 0.16896 0.15371 0.04080 ( 1)
 170 -   0.38240 0.42309 0.09234 0.10217 ( 2)
 171 -   0.56767 0.23782 0.13708 0.05743 ( 1)
 172 -   0.76741 0.03808 0.18531 0.00920 ( 1)
 173 -   0.55206 0.25343 0.13331 0.06120 ( 1)
 174 -   0.63320 0.17229 0.15290 0.04161 ( 1)
 175 N   0.39873 0.41732 0.08317 0.10077 ( 2)
 176 A   0.46818 0.05304 0.46597 0.01281 ( 1)
 177 D   0.56169 0.00936 0.42669 0.00226 ( 1)
 178 L   0.34085 0.50350 0.03406 0.12158 ( 2)
 179 E   0.88962 0.00052 0.10974 0.00013 ( 1)
 180 R   0.85743 0.04411 0.08781 0.01065 ( 1)
 181 D   0.00152 0.80401 0.00032 0.19415 ( 2)
 182 N   0.01244 0.79130 0.00517 0.19108 ( 2)
 183 -   0.71993 0.08556 0.17385 0.02066 ( 1)
 184 -   0.61522 0.19027 0.14856 0.04595 ( 1)
 185 -   0.60110 0.20439 0.14515 0.04936 ( 1)
 186 -   0.22798 0.57751 0.05505 0.13946 ( 2)
 187 -   0.02836 0.77713 0.00685 0.18766 ( 2)
 188 -   0.59518 0.21031 0.14372 0.05079 ( 1)
 189 -   0.29099 0.51450 0.07027 0.12424 ( 2)
 190 -   0.06199 0.74351 0.01497 0.17954 ( 2)
 191 -   0.77816 0.02733 0.18791 0.00660 ( 1)
 192 -   0.48592 0.31957 0.11734 0.07717 ( 1)
 193 -   0.78766 0.01783 0.19020 0.00431 ( 1)
 194 -   0.77573 0.02976 0.18732 0.00719 ( 1)
 195 -   0.77959 0.02590 0.18825 0.00625 ( 1)
 196 -   0.58577 0.21972 0.14145 0.05306 ( 1)
 197 -   0.80047 0.00502 0.19330 0.00121 ( 1)
 198 -   0.23186 0.57363 0.05599 0.13852 ( 2)
 199 A   0.92291 0.00022 0.07682 0.00005 ( 1)
 200 M   0.61547 0.00170 0.38243 0.00041 ( 1)
 201 -   0.79736 0.00814 0.19254 0.00196 ( 1)
 202 -   0.24314 0.56235 0.05871 0.13580 ( 2)
 203 -   0.71336 0.09213 0.17226 0.02225 ( 1)
 204 -   0.80249 0.00300 0.19378 0.00073 ( 1)
 205 -   0.54290 0.26259 0.13110 0.06341 ( 1)
 206 -   0.50242 0.30307 0.12132 0.07319 ( 1)
 207 Q   0.09468 0.00158 0.90336 0.00038 ( 3)
 208 -   0.68669 0.11880 0.16582 0.02869 ( 1)
 209 -   0.15470 0.65079 0.03736 0.15715 ( 2)
 210 -   0.80283 0.00266 0.19387 0.00064 ( 1)
 211 -   0.80249 0.00300 0.19378 0.00073 ( 1)
 212 -   0.13682 0.66867 0.03304 0.16147 ( 2)
 213 -   0.32849 0.47700 0.07932 0.11518 ( 2)
 214 -   0.63484 0.17065 0.15330 0.04121 ( 1)
 215 -   0.10147 0.70402 0.02450 0.17001 ( 2)
 216 -   0.25033 0.55516 0.06045 0.13406 ( 2)
 217 -   0.64496 0.16054 0.15574 0.03877 ( 1)
 218 -   0.76194 0.04355 0.18399 0.01052 ( 1)
 219 -   0.13326 0.67223 0.03218 0.16233 ( 2)
 220 -   0.14967 0.65582 0.03614 0.15837 ( 2)
 221 -   0.41669 0.38880 0.10062 0.09389 ( 1)
 222 -   0.63988 0.16561 0.15452 0.03999 ( 1)
 223 -   0.37249 0.43300 0.08995 0.10456 ( 2)
 224 -   0.03988 0.76561 0.00963 0.18488 ( 2)
 225 -   0.74285 0.06264 0.17938 0.01513 ( 1)
 226 -   0.14404 0.66145 0.03478 0.15973 ( 2)
 227 -   0.78507 0.02042 0.18958 0.00493 ( 1)
 228 -   0.22136 0.58413 0.05345 0.14105 ( 2)
 229 -   0.05101 0.75448 0.01232 0.18219 ( 2)
 230 -   0.73088 0.07461 0.17649 0.01802 ( 1)
 231 -   0.56688 0.23861 0.13689 0.05762 ( 1)
 232 -   0.10728 0.69822 0.02590 0.16860 ( 2)
 233 -   0.68498 0.12052 0.16541 0.02910 ( 1)
 234 -   0.54256 0.26293 0.13102 0.06349 ( 1)
 235 -   0.61332 0.19217 0.14810 0.04640 ( 1)
 236 -   0.10951 0.69598 0.02645 0.16806 ( 2)
 237 -   0.02492 0.78057 0.00602 0.18849 ( 2)
 238 -   0.22241 0.58309 0.05371 0.14080 ( 2)
 239 -   0.77050 0.03499 0.18606 0.00845 ( 1)
 240 -   0.74586 0.05963 0.18011 0.01440 ( 1)
 241 -   0.29048 0.51501 0.07015 0.12436 ( 2)
 242 -   0.12044 0.68505 0.02908 0.16542 ( 2)
 243 -   0.01670 0.78879 0.00403 0.19048 ( 2)
 244 -   0.03775 0.76774 0.00912 0.18539 ( 2)
 245 -   0.79320 0.01229 0.19154 0.00297 ( 1)
 246 -   0.17482 0.63067 0.04221 0.15229 ( 2)
 247 -   0.60609 0.19940 0.14636 0.04815 ( 1)
 248 -   0.30375 0.50174 0.07335 0.12116 ( 2)
 249 -   0.78263 0.02286 0.18899 0.00552 ( 1)
 250 -   0.78008 0.02541 0.18837 0.00614 ( 1)
 251 -   0.72306 0.08243 0.17460 0.01991 ( 1)
 252 -   0.79997 0.00552 0.19318 0.00133 ( 1)
 253 -   0.79249 0.01300 0.19137 0.00314 ( 1)
 254 -   0.80432 0.00117 0.19423 0.00028 ( 1)
 255 -   0.80101 0.00449 0.19343 0.00108 ( 1)
 256 -   0.80049 0.00500 0.19330 0.00121 ( 1)
 257 -   0.75521 0.05028 0.18237 0.01214 ( 1)
 258 R   0.93518 0.00007 0.06473 0.00002 ( 1)
 259 Y   0.92778 0.00000 0.07222 0.00000 ( 1)
 260 K   0.89567 0.00817 0.09419 0.00197 ( 1)
 261 E   0.89766 0.00044 0.10180 0.00011 ( 1)
 262 K   0.91385 0.00006 0.08607 0.00001 ( 1)
 263 K   0.82722 0.00468 0.16697 0.00113 ( 1)
 264 K   0.91185 0.00053 0.08750 0.00013 ( 1)
 265 T   0.57579 0.00307 0.42040 0.00074 ( 1)
 266 R   0.92218 0.00004 0.07777 0.00001 ( 1)
 267 R   0.83465 0.06194 0.08846 0.01496 ( 1)
 268 Y   0.92179 0.00007 0.07812 0.00002 ( 1)
 269 D   0.62018 0.18043 0.15582 0.04357 ( 1)
 270 K   0.91446 0.00006 0.08546 0.00001 ( 1)
 271 T   0.16223 0.02505 0.80667 0.00605 ( 3)
 272 I   0.92622 0.00000 0.07378 0.00000 ( 1)
 273 R   0.91428 0.00009 0.08561 0.00002 ( 1)
 274 Y   0.94305 0.00000 0.05695 0.00000 ( 1)
 275 E   0.89277 0.00404 0.10222 0.00097 ( 1)
 276 T   0.83136 0.05720 0.09763 0.01381 ( 1)
 277 R   0.93338 0.00002 0.06660 0.00000 ( 1)
 278 K   0.91356 0.00005 0.08638 0.00001 ( 1)
 279 A   0.63450 0.04053 0.31518 0.00979 ( 1)
 280 R   0.84056 0.01350 0.14268 0.00326 ( 1)
 281 A   0.94201 0.00000 0.05798 0.00000 ( 1)
 282 E   0.88709 0.00416 0.10775 0.00100 ( 1)
 283 T   0.46891 0.22735 0.24884 0.05490 ( 1)
 284 R   0.91668 0.00007 0.08324 0.00002 ( 1)
 285 L   0.47486 0.00843 0.51467 0.00204 ( 3)
 286 R   0.88933 0.00012 0.11052 0.00003 ( 1)
 287 V   0.90578 0.00064 0.09343 0.00015 ( 1)
 288 K   0.69466 0.00356 0.30092 0.00086 ( 1)
 289 G   0.90784 0.00003 0.09212 0.00001 ( 1)
 290 R   0.92373 0.00019 0.07603 0.00005 ( 1)
 291 F   0.91661 0.00002 0.08337 0.00000 ( 1)
 292 V   0.81496 0.00203 0.18252 0.00049 ( 1)
 293 K   0.91274 0.00006 0.08719 0.00001 ( 1)
 294 A   0.91541 0.00407 0.07954 0.00098 ( 1)
 295 T   0.63080 0.03921 0.32053 0.00947 ( 1)
 296 D   0.23786 0.59596 0.02226 0.14391 ( 2)
 297 P   0.72295 0.15654 0.08271 0.03780 ( 1)
 298 -   0.79474 0.01076 0.19191 0.00260 ( 1)
 299 -   0.78212 0.02337 0.18887 0.00564 ( 1)
 300 -   0.00118 0.80431 0.00029 0.19422 ( 2)
 301 -   0.03078 0.77471 0.00743 0.18708 ( 2)


lnL = -4006.384589
