Supplemental results for CODEML (seqf: aligned.fas  treef: AT2G24790_AT2G24790.1_Athaliana_Araport11.treefile)

I	J	ij	2Ns_IJ	pMut_IJ	pSub_IJ	2Ns_JI	pMut_JI	pSub_JI

TTC	TTT	CT	-0.08746	0.01884	0.01803	0.08746	0.01726	0.01803
TTA	TTT	AT	0.73003	0.00672	0.00947	-0.73003	0.01395	0.00947
TTA	TTC	AC	0.81749	0.00590	0.00864	-0.81749	0.01336	0.00864
TTG	TTT	GT	0.02129	0.01792	0.01811	-0.02129	0.01831	0.01811
TTG	TTC	GC	0.10875	0.01574	0.01661	-0.10875	0.01754	0.01661
TTG	TTA	GA	-0.70874	0.02719	0.01869	0.70874	0.01339	0.01869
TCT	TTT	CT	0.27545	0.01310	0.01499	-0.27545	0.01726	0.01499
TCC	TTC	CT	0.29743	0.01229	0.01420	-0.29743	0.01654	0.01420
TCC	TCT	CT	-0.06548	0.01229	0.01189	0.06548	0.01151	0.01189
TCA	TTA	CT	-0.28417	0.01147	0.00991	0.28417	0.00863	0.00991
TCA	TCT	AT	0.17042	0.00784	0.00853	-0.17042	0.00930	0.00853
TCA	TCC	AC	0.23589	0.00688	0.00773	-0.23589	0.00872	0.00773
TCG	TTG	CT	0.44535	0.01474	0.01827	-0.44535	0.02301	0.01827
TCG	TCT	GT	0.19119	0.01008	0.01107	-0.19119	0.01220	0.01107
TCG	TCC	GC	0.25667	0.00885	0.01004	-0.25667	0.01144	0.01004
TCG	TCA	GA	0.02077	0.01530	0.01546	-0.02077	0.01562	0.01546
TAT	TTT	AT	0.64999	0.00728	0.00990	-0.64999	0.01395	0.00990
TAT	TCT	AC	0.37454	0.00639	0.00766	-0.37454	0.00930	0.00766
TAC	TTC	AT	0.53332	0.00784	0.01012	-0.53332	0.01336	0.01012
TAC	TCC	AC	0.23589	0.00688	0.00773	-0.23589	0.00872	0.00773
TAC	TAT	CT	-0.20412	0.01147	0.01034	0.20412	0.00935	0.01034
TGT	TTT	GT	1.08913	0.00616	0.01011	-1.08913	0.01831	0.01011
TGT	TCT	GC	0.81368	0.00541	0.00791	-0.81368	0.01220	0.00791
TGT	TAT	GA	0.43914	0.00935	0.01155	-0.43914	0.01450	0.01155
TGC	TTC	GT	1.36503	0.00448	0.00821	-1.36503	0.01754	0.00821
TGC	TCC	GC	1.06760	0.00393	0.00640	-1.06760	0.01144	0.00640
TGC	TAC	GA	0.83170	0.00680	0.01001	-0.83170	0.01562	0.01001
TGC	TGT	CT	0.18844	0.00655	0.00719	-0.18844	0.00791	0.00719
TGG	TTG	GT	1.37681	0.00616	0.01134	-1.37681	0.02441	0.01134
TGG	TCG	GC	0.93147	0.00541	0.00831	-0.93147	0.01373	0.00831
TGG	TGT	GT	0.30897	0.00616	0.00716	-0.30897	0.00839	0.00716
TGG	TGC	GC	0.12053	0.00541	0.00574	-0.12053	0.00610	0.00574
CTT	TTT	CT	0.15767	0.01474	0.01594	-0.15767	0.01726	0.01594
CTC	TTC	CT	0.92604	0.00655	0.01005	-0.92604	0.01654	0.01005
CTC	CTT	CT	0.68091	0.00655	0.00903	-0.68091	0.01295	0.00903
CTA	TTA	CT	-0.04300	0.00901	0.00882	0.04300	0.00863	0.00882
CTA	CTT	AT	0.52936	0.00616	0.00793	-0.52936	0.01046	0.00793
CTA	CTC	AC	-0.15155	0.00541	0.00501	0.15155	0.00465	0.00501
CTG	TTG	CT	0.85081	0.00983	0.01460	-0.85081	0.02301	0.01460
CTG	CTT	GT	0.71444	0.00672	0.00940	-0.71444	0.01373	0.00940
CTG	CTC	GC	0.03352	0.00590	0.00600	-0.03352	0.00610	0.00600
CTG	CTA	GA	0.18508	0.01020	0.01117	-0.18508	0.01227	0.01117
CCT	TCT	CT	-0.40195	0.01720	0.01397	0.40195	0.01151	0.01397
CCT	CTT	CT	-0.28417	0.01720	0.01487	0.28417	0.01295	0.01487
CCC	TCC	CT	1.47942	0.00246	0.00471	-1.47942	0.01079	0.00471
CCC	CTC	CT	0.85081	0.00246	0.00365	-0.85081	0.00575	0.00365
CCC	CCT	CT	1.81589	0.00246	0.00533	-1.81589	0.01510	0.00533
CCA	TCA	CT	-0.26355	0.01310	0.01145	0.26355	0.01007	0.01145
CCA	CTA	CT	-0.50471	0.01310	0.01007	0.50471	0.00791	0.01007
CCA	CCT	AT	0.30882	0.00896	0.01042	-0.30882	0.01220	0.01042
CCA	CCC	AC	-1.50708	0.00787	0.00337	1.50708	0.00174	0.00337
CCG	TCG	CT	-0.13002	0.01474	0.01380	0.13002	0.01295	0.01380
CCG	CTG	CT	-0.53548	0.01474	0.01115	0.53548	0.00863	0.01115
CCG	CCT	GT	0.46312	0.01008	0.01259	-0.46312	0.01602	0.01259
CCG	CCC	GC	-1.35277	0.00885	0.00417	1.35277	0.00229	0.00417
CCG	CCA	GA	0.15431	0.01530	0.01651	-0.15431	0.01785	0.01651
CAT	TAT	CT	-0.33765	0.01310	0.01102	0.33765	0.00935	0.01102
CAT	CTT	AT	0.15467	0.00896	0.00967	-0.15467	0.01046	0.00967
CAT	CCT	AC	0.43883	0.00787	0.00972	-0.43883	0.01220	0.00972
CAC	TAC	CT	0.42960	0.00655	0.00806	-0.42960	0.01007	0.00806
CAC	CTC	AT	0.03688	0.00448	0.00456	-0.03688	0.00465	0.00456
CAC	CCC	AC	-0.81393	0.00393	0.00255	0.81393	0.00174	0.00255
CAC	CAT	CT	0.56313	0.00655	0.00857	-0.56313	0.01151	0.00857
CAA	CTA	AT	-0.33781	0.00896	0.00753	0.33781	0.00639	0.00753
CAA	CCA	AC	0.16690	0.00787	0.00854	-0.16690	0.00930	0.00854
CAA	CAT	AT	0.03688	0.00896	0.00913	-0.03688	0.00930	0.00913
CAA	CAC	AC	-0.52625	0.00787	0.00598	0.52625	0.00465	0.00598
CAG	CTG	AT	-0.56925	0.01232	0.00914	0.56925	0.00697	0.00914
CAG	CCG	AC	-0.03377	0.01082	0.01064	0.03377	0.01046	0.01064
CAG	CAT	GT	-0.00948	0.01232	0.01226	0.00948	0.01220	0.01226
CAG	CAC	GC	-0.57261	0.01082	0.00802	0.57261	0.00610	0.00802
CAG	CAA	GA	-0.04636	0.01870	0.01827	0.04636	0.01785	0.01827
CGT	TGT	CT	-0.44017	0.01229	0.00978	0.44017	0.00791	0.00978
CGT	CTT	GT	0.49129	0.00840	0.01063	-0.49129	0.01373	0.01063
CGT	CCT	GC	0.77546	0.00738	0.01060	-0.77546	0.01602	0.01060
CGT	CAT	GA	0.33663	0.01275	0.01501	-0.33663	0.01785	0.01501
CGC	TGC	CT	0.56313	0.00328	0.00428	-0.56313	0.00575	0.00428
CGC	CTC	GT	1.00212	0.00224	0.00355	-1.00212	0.00610	0.00355
CGC	CCC	GC	0.15131	0.00197	0.00212	-0.15131	0.00229	0.00212
CGC	CAC	GA	0.96524	0.00340	0.00530	-0.96524	0.00892	0.00530
CGC	CGT	CT	1.19174	0.00328	0.00561	-1.19174	0.01079	0.00561
CGA	CTA	GT	0.40428	0.00560	0.00681	-0.40428	0.00839	0.00681
CGA	CCA	GC	0.90899	0.00492	0.00749	-0.90899	0.01220	0.00749
CGA	CAA	GA	0.74209	0.00850	0.01204	-0.74209	0.01785	0.01204
CGA	CGT	AT	0.44235	0.00560	0.00693	-0.44235	0.00872	0.00693
CGA	CGC	AC	-0.74939	0.00492	0.00330	0.74939	0.00232	0.00330
CGG	TGG	CT	0.07066	0.00737	0.00763	-0.07066	0.00791	0.00763
CGG	CTG	GT	0.59666	0.00504	0.00669	-0.59666	0.00915	0.00669
CGG	CCG	GC	1.13214	0.00443	0.00739	-1.13214	0.01373	0.00739
CGG	CAG	GA	1.16591	0.00765	0.01295	-1.16591	0.02454	0.01295
CGG	CGT	GT	0.81980	0.00504	0.00739	-0.81980	0.01144	0.00739
CGG	CGC	GC	-0.37194	0.00443	0.00365	0.37194	0.00305	0.00365
CGG	CGA	GA	0.37745	0.00765	0.00918	-0.37745	0.01116	0.00918
ATT	TTT	AT	0.21921	0.01120	0.01247	-0.21921	0.01395	0.01247
ATT	CTT	AC	0.06154	0.00984	0.01014	-0.06154	0.01046	0.01014
ATC	TTC	AT	0.17665	0.01120	0.01222	-0.17665	0.01336	0.01222
ATC	CTC	AC	-0.74939	0.00984	0.00661	0.74939	0.00465	0.00661
ATC	ATT	CT	-0.13002	0.01638	0.01534	0.13002	0.01438	0.01534
ATA	TTA	AT	0.03688	0.00672	0.00685	-0.03688	0.00697	0.00685
ATA	CTA	AC	0.07989	0.00590	0.00614	-0.07989	0.00639	0.00614
ATA	ATT	AT	0.54771	0.00672	0.00873	-0.54771	0.01162	0.00873
ATA	ATC	AC	0.67773	0.00590	0.00812	-0.67773	0.01162	0.00812
ATG	TTG	AT	-0.13497	0.02128	0.01988	0.13497	0.01859	0.01988
ATG	CTG	AC	-0.98578	0.01869	0.01097	0.98578	0.00697	0.01097
ATG	ATT	GT	-0.33288	0.02128	0.01794	0.33288	0.01526	0.01794
ATG	ATC	GC	-0.20287	0.01869	0.01686	0.20287	0.01526	0.01686
ATG	ATA	GA	-0.88059	0.03229	0.02013	0.88059	0.01339	0.02013
ACT	TCT	AT	-0.23505	0.01176	0.01043	0.23505	0.00930	0.01043
ACT	CCT	AC	0.16690	0.01033	0.01121	-0.16690	0.01220	0.01121
ACT	ATT	CT	-0.17881	0.01720	0.01571	0.17881	0.01438	0.01571
ACC	TCC	AT	0.34704	0.00616	0.00729	-0.34704	0.00872	0.00729
ACC	CCC	AC	-1.13238	0.00541	0.00291	1.13238	0.00174	0.00291
ACC	ATC	CT	0.46782	0.00901	0.01128	-0.46782	0.01438	0.01128
ACC	ACT	CT	0.51661	0.00901	0.01154	-0.51661	0.01510	0.01154
ACA	TCA	AT	-0.09665	0.00896	0.00853	0.09665	0.00814	0.00853
ACA	CCA	AC	0.16690	0.00787	0.00854	-0.16690	0.00930	0.00854
ACA	ATA	CT	-0.41770	0.01310	0.01056	0.41770	0.00863	0.01056
ACA	ACT	AT	0.30882	0.00896	0.01042	-0.30882	0.01220	0.01042
ACA	ACC	AC	-0.20779	0.00787	0.00708	0.20779	0.00639	0.00708
ACG	TCG	AT	-0.16379	0.01232	0.01134	0.16379	0.01046	0.01134
ACG	CCG	AC	-0.03377	0.01082	0.01064	0.03377	0.01046	0.01064
ACG	ATG	CT	0.41653	0.01802	0.02203	-0.41653	0.02733	0.02203
ACG	ACT	GT	0.26245	0.01232	0.01401	-0.26245	0.01602	0.01401
ACG	ACC	GC	-0.25416	0.01082	0.00950	0.25416	0.00839	0.00950
ACG	ACA	GA	-0.04636	0.01870	0.01827	0.04636	0.01785	0.01827
AAT	TAT	AT	-0.73037	0.01568	0.01065	0.73037	0.00755	0.01065
AAT	CAT	AC	-0.39272	0.01377	0.01124	0.39272	0.00930	0.01124
AAT	ATT	AT	-0.29959	0.01568	0.01345	0.29959	0.01162	0.01345
AAT	ACT	AC	-0.12078	0.01377	0.01295	0.12078	0.01220	0.01295
AAC	TAC	AT	-0.45955	0.01288	0.01015	0.45955	0.00814	0.01015
AAC	CAC	AC	-0.88915	0.01131	0.00702	0.88915	0.00465	0.00702
AAC	ATC	AT	-0.10288	0.01288	0.01223	0.10288	0.01162	0.01223
AAC	ACC	AC	-0.57070	0.01131	0.00839	0.57070	0.00639	0.00839
AAC	AAT	CT	0.06669	0.01884	0.01947	-0.06669	0.02014	0.01947
AAA	CAA	AC	-0.69810	0.01869	0.01292	0.69810	0.00930	0.01292
AAA	ATA	AT	-1.11580	0.02128	0.01157	1.11580	0.00697	0.01157
AAA	ACA	AC	-0.69810	0.01869	0.01292	0.69810	0.00930	0.01292
AAA	AAT	AT	-0.26850	0.02128	0.01855	0.26850	0.01627	0.01855
AAA	AAC	AC	-0.33519	0.01869	0.01573	0.33519	0.01336	0.01573
AAG	CAG	AC	-0.81960	0.02901	0.01873	0.81960	0.01278	0.01873
AAG	ATG	AT	-0.40307	0.03304	0.02683	0.40307	0.02208	0.02683
AAG	ACG	AC	-0.81960	0.02901	0.01873	0.81960	0.01278	0.01873
AAG	AAT	GT	-0.43636	0.03304	0.02636	0.43636	0.02136	0.02636
AAG	AAC	GC	-0.50305	0.02901	0.02233	0.50305	0.01754	0.02233
AAG	AAA	GA	-0.16786	0.05014	0.04605	0.16786	0.04239	0.04605
AGT	TGT	AT	-0.96642	0.01680	0.00997	0.96642	0.00639	0.00997
AGT	CGT	AC	-0.52625	0.01475	0.01121	0.52625	0.00872	0.01121
AGT	ATT	GT	-0.09649	0.01680	0.01600	0.09649	0.01526	0.01600
AGT	ACT	GC	0.08231	0.01475	0.01537	-0.08231	0.01602	0.01537
AGT	AAT	GA	0.20310	0.02549	0.02817	-0.20310	0.03124	0.02817
AGC	TGC	AT	-0.18626	0.00560	0.00509	0.18626	0.00465	0.00509
AGC	CGC	AC	-0.74939	0.00492	0.00330	0.74939	0.00232	0.00330
AGC	ATC	GT	1.00212	0.00560	0.00887	-1.00212	0.01526	0.00887
AGC	ACC	GC	0.53430	0.00492	0.00635	-0.53430	0.00839	0.00635
AGC	AAC	GA	1.10500	0.00850	0.01404	-1.10500	0.02566	0.01404
AGC	AGT	CT	0.96860	0.00819	0.01279	-0.96860	0.02158	0.01279
AGA	CGA	AC	-1.24409	0.02016	0.01016	1.24409	0.00581	0.01016
AGA	ATA	GT	-0.91969	0.02296	0.01400	0.91969	0.00915	0.01400
AGA	ACA	GC	-0.50199	0.02016	0.01552	0.50199	0.01220	0.01552
AGA	AAA	GA	0.19610	0.03484	0.03837	-0.19610	0.04239	0.03837
AGA	AGT	AT	-0.27549	0.02296	0.01994	0.27549	0.01743	0.01994
AGA	AGC	AC	-1.24409	0.02016	0.01016	1.24409	0.00581	0.01016
AGG	TGG	AT	-1.17614	0.02072	0.01087	1.17614	0.00639	0.01087
AGG	CGG	AC	-1.24679	0.01819	0.00915	1.24679	0.00523	0.00915
AGG	ATG	GT	0.33564	0.02072	0.02439	-0.33564	0.02899	0.02439
AGG	ACG	GC	-0.08089	0.01819	0.01747	0.08089	0.01678	0.01747
AGG	AAG	GA	0.73871	0.03144	0.04447	-0.73871	0.06582	0.04447
AGG	AGT	GT	0.09925	0.02072	0.02177	-0.09925	0.02288	0.02177
AGG	AGC	GC	-0.86934	0.01819	0.01142	0.86934	0.00763	0.01142
AGG	AGA	GA	0.37474	0.03144	0.03770	-0.37474	0.04574	0.03770
GTT	TTT	GT	-0.25064	0.02352	0.02070	0.25064	0.01831	0.02070
GTT	CTT	GC	-0.40831	0.02065	0.01672	0.40831	0.01373	0.01672
GTT	ATT	GA	-0.46985	0.03569	0.02796	0.46985	0.02231	0.02796
GTC	TTC	GT	1.24724	0.00504	0.00882	-1.24724	0.01754	0.00882
GTC	CTC	GC	0.32121	0.00443	0.00517	-0.32121	0.00610	0.00517
GTC	ATC	GA	1.07060	0.00765	0.01246	-1.07060	0.02231	0.01246
GTC	GTT	CT	1.41043	0.00737	0.01375	-1.41043	0.03021	0.01375
GTA	TTA	GT	0.39598	0.00616	0.00746	-0.39598	0.00915	0.00746
GTA	CTA	GC	0.43899	0.00541	0.00668	-0.43899	0.00839	0.00668
GTA	ATA	GA	0.35910	0.00935	0.01113	-0.35910	0.01339	0.01113
GTA	GTT	AT	1.37666	0.00616	0.01134	-1.37666	0.02441	0.01134
GTA	GTC	AC	-0.03377	0.00541	0.00532	0.03377	0.00523	0.00532
GTG	TTG	GT	0.19119	0.02016	0.02215	-0.19119	0.02441	0.02215
GTG	CTG	GC	-0.65962	0.01770	0.01250	0.65962	0.00915	0.01250
GTG	ATG	GA	0.32616	0.03059	0.03585	-0.32616	0.04239	0.03585
GTG	GTT	GT	0.46312	0.02016	0.02519	-0.46312	0.03204	0.02519
GTG	GTC	GC	-0.94731	0.01770	0.01062	0.94731	0.00686	0.01062
GTG	GTA	GA	-0.91353	0.03059	0.01872	0.91353	0.01227	0.01872
GCT	TCT	GT	-0.28573	0.01624	0.01403	0.28573	0.01220	0.01403
GCT	CCT	GC	0.11622	0.01426	0.01511	-0.11622	0.01602	0.01511
GCT	ACT	GA	-0.05068	0.02464	0.02402	0.05068	0.02343	0.02402
GCT	GTT	CT	0.24036	0.02375	0.02672	-0.24036	0.03021	0.02672
GCC	TCC	GT	1.07111	0.00392	0.00639	-1.07111	0.01144	0.00639
GCC	CCC	GC	-0.40831	0.00344	0.00279	0.40831	0.00229	0.00279
GCC	ACC	GA	0.72407	0.00595	0.00836	-0.72407	0.01227	0.00836
GCC	GTC	CT	0.12130	0.00573	0.00609	-0.12130	0.00647	0.00609
GCC	GCT	CT	1.29137	0.00573	0.01021	-1.29137	0.02086	0.01021
GCA	TCA	GT	0.46312	0.00672	0.00840	-0.46312	0.01068	0.00840
GCA	CCA	GC	0.72667	0.00590	0.00830	-0.72667	0.01220	0.00830
GCA	ACA	GA	0.55977	0.01020	0.01332	-0.55977	0.01785	0.01332
GCA	GTA	CT	-0.21703	0.00983	0.00880	0.21703	0.00791	0.00880
GCA	GCT	AT	0.91927	0.00672	0.01028	-0.91927	0.01685	0.01028
GCA	GCC	AC	-0.37210	0.00590	0.00487	0.37210	0.00407	0.00487
GCG	TCG	GT	1.00212	0.00504	0.00798	-1.00212	0.01373	0.00798
GCG	CCG	GC	1.13214	0.00443	0.00739	-1.13214	0.01373	0.00739
GCG	ACG	GA	1.16591	0.00765	0.01295	-1.16591	0.02454	0.01295
GCG	GTG	CT	1.25628	0.00737	0.01295	-1.25628	0.02589	0.01295
GCG	GCT	GT	1.47904	0.00504	0.00965	-1.47904	0.02212	0.00965
GCG	GCC	GC	0.18767	0.00443	0.00485	-0.18767	0.00534	0.00485
GCG	GCA	GA	0.55977	0.00765	0.00999	-0.55977	0.01339	0.00999
GAT	TAT	GT	-1.18652	0.03248	0.01694	1.18652	0.00992	0.01694
GAT	CAT	GC	-0.84887	0.02852	0.01811	0.84887	0.01220	0.01811
GAT	AAT	GA	-0.45615	0.04929	0.03890	0.45615	0.03124	0.03890
GAT	GTT	AT	-0.28589	0.03248	0.02806	0.28589	0.02441	0.02806
GAT	GCT	AC	-0.52625	0.02852	0.02167	0.52625	0.01685	0.02167
GAC	TAC	GT	-0.38417	0.01568	0.01286	0.38417	0.01068	0.01286
GAC	CAC	GC	-0.81377	0.01377	0.00892	0.81377	0.00610	0.00892
GAC	AAC	GA	0.07538	0.02379	0.02470	-0.07538	0.02566	0.02470
GAC	GTC	AT	-1.09810	0.01568	0.00862	1.09810	0.00523	0.00862
GAC	GCC	AC	-1.21939	0.01377	0.00704	1.21939	0.00407	0.00704
GAC	GAT	CT	0.59822	0.02293	0.03047	-0.59822	0.04171	0.03047
GAA	CAA	GC	-0.86596	0.02901	0.01824	0.86596	0.01220	0.01824
GAA	AAA	GA	-0.16786	0.05014	0.04605	0.16786	0.04239	0.04605
GAA	GTA	AT	-1.64276	0.03304	0.01302	1.64276	0.00639	0.01302
GAA	GCA	AC	-1.42573	0.02901	0.01309	1.42573	0.00697	0.01309
GAA	GAT	AT	0.01979	0.03304	0.03337	-0.01979	0.03370	0.03337
GAA	GAC	AC	-0.57843	0.02901	0.02143	0.57843	0.01627	0.02143
GAG	CAG	GC	-0.93588	0.04278	0.02584	0.93588	0.01678	0.02584
GAG	AAG	GA	-0.11628	0.07393	0.06972	0.11628	0.06582	0.06972
GAG	GTG	AT	-0.84551	0.04872	0.03099	0.84551	0.02092	0.03099
GAG	GCG	AC	-2.10178	0.04278	0.01252	2.10178	0.00523	0.01252
GAG	GAT	GT	-0.09649	0.04872	0.04641	0.09649	0.04424	0.04641
GAG	GAC	GC	-0.69471	0.04278	0.02963	0.69471	0.02136	0.02963
GAG	GAA	GA	-0.11628	0.07393	0.06972	0.11628	0.06582	0.06972
GGT	TGT	GT	-0.18350	0.01008	0.00918	0.18350	0.00839	0.00918
GGT	CGT	GC	0.25667	0.00885	0.01004	-0.25667	0.01144	0.01004
GGT	AGT	GA	0.78291	0.01530	0.02206	-0.78291	0.03347	0.02206
GGT	GTT	GT	1.15627	0.01008	0.01701	-1.15627	0.03204	0.01701
GGT	GCT	GC	0.91591	0.00885	0.01352	-0.91591	0.02212	0.01352
GGT	GAT	GA	1.44216	0.01530	0.02889	-1.44216	0.06470	0.02889
GGC	TGC	GT	0.30897	0.00448	0.00521	-0.30897	0.00610	0.00521
GGC	CGC	GC	-0.25416	0.00393	0.00346	0.25416	0.00305	0.00346
GGC	AGC	GA	0.49523	0.00680	0.00862	-0.49523	0.01116	0.00862
GGC	GTC	GT	0.42676	0.00448	0.00550	-0.42676	0.00686	0.00550
GGC	GCC	GC	0.30546	0.00393	0.00457	-0.30546	0.00534	0.00457
GGC	GAC	GA	1.52485	0.00680	0.01325	-1.52485	0.03124	0.01325
GGC	GGT	CT	0.68091	0.00655	0.00903	-0.68091	0.01295	0.00903
GGA	CGA	GC	-0.97200	0.02016	0.01193	0.97200	0.00763	0.01193
GGA	AGA	GA	0.27209	0.03484	0.03980	-0.27209	0.04574	0.03980
GGA	GTA	GT	-1.00670	0.02296	0.01331	1.00670	0.00839	0.01331
GGA	GCA	GC	-0.78968	0.02016	0.01324	0.78968	0.00915	0.01324
GGA	GAA	GA	0.63605	0.03484	0.04709	-0.63605	0.06582	0.04709
GGA	GGT	AT	-0.78632	0.02296	0.01510	0.78632	0.01046	0.01510
GGA	GGC	AC	-1.46723	0.02016	0.00886	1.46723	0.00465	0.00886
GGG	TGG	GT	0.14192	0.00728	0.00781	-0.14192	0.00839	0.00781
GGG	CGG	GC	0.07126	0.00639	0.00662	-0.07126	0.00686	0.00662
GGG	AGG	GA	1.31806	0.01105	0.01988	-1.31806	0.04127	0.01988
GGG	GTG	GT	1.32754	0.00728	0.01315	-1.32754	0.02746	0.01315
GGG	GCG	GC	0.07126	0.00639	0.00662	-0.07126	0.00686	0.00662
GGG	GAG	GA	2.17305	0.01105	0.02709	-2.17305	0.09705	0.02709
GGG	GGT	GT	0.63440	0.00728	0.00983	-0.63440	0.01373	0.00983
GGG	GGC	GC	-0.04652	0.00639	0.00625	0.04652	0.00610	0.00625
GGG	GGA	GA	1.42071	0.01105	0.02069	-1.42071	0.04574	0.02069


Histograms
2Ns	FMut	FSub(CodonUsage)	FSubw(after w)

-2.06957	0.01800	0.00553
-1.86261	0.00194	0.00074
-1.65566	0.00425	0.00182
-1.44870	0.04339	0.02112
-1.24174	0.04512	0.02481
-1.03478	0.04859	0.03024
-0.82783	0.08810	0.06142
-0.62087	0.07141	0.05593
-0.41391	0.10559	0.09228
-0.20696	0.14537	0.14236
0.00000	0.11776	0.12751
0.20696	0.11927	0.14236
0.41391	0.06975	0.09228
0.62087	0.03855	0.05593
0.82783	0.03863	0.06142
1.03478	0.01749	0.03024
1.24174	0.01318	0.02481
1.44870	0.01036	0.02112
1.65566	0.00082	0.00182
1.86261	0.00032	0.00074
2.06957	0.00210	0.00553

Proportion of advantageous (S > 0) mutations:
 0.36754

Proportions of good & bad mutations (|S| > 2.0000) among mutations:
0.00210  0.01800

mean |Ns| = 0.57693	mean Ns+ = 0.45275	mean Ns- = -0.64909


MLEs of dN/dS (w) for site classes (K=4)

site class             0        1       2a       2b
proportion       0.54784  0.26817  0.12352  0.06046
background w     0.13539  1.00000  0.13539  1.00000
foreground w     0.13539  1.00000 999.00000 999.00000

Naive Empirical Bayes (NEB) probabilities for 4 classes
(amino acids refer to 1st sequence: AT2G33500_AT2G33500.1_Athaliana_Araport11)

   1 S   0.41567 0.40035 0.09372 0.09027 ( 1)
   2 N   0.80216 0.01385 0.18086 0.00312 ( 1)
   3 E   0.65308 0.16293 0.14725 0.03674 ( 1)
   4 L   0.78209 0.03392 0.17634 0.00765 ( 1)
   5 I   0.80535 0.01066 0.18158 0.00240 ( 1)
   6 V   0.78104 0.03497 0.17610 0.00789 ( 1)
   7 P   0.69576 0.12025 0.15687 0.02711 ( 1)
   8 Y   0.01980 0.79621 0.00447 0.17952 ( 2)
   9 D   0.78978 0.02623 0.17807 0.00591 ( 1)
  10 V   0.19895 0.61707 0.04486 0.13913 ( 2)
  11 S   0.29933 0.51669 0.06749 0.11650 ( 2)
  12 C   0.07719 0.73883 0.01740 0.16658 ( 2)
  13 K   0.78340 0.03262 0.17663 0.00735 ( 1)
  14 K   0.70691 0.10910 0.15939 0.02460 ( 1)
  15 Q   0.52540 0.29061 0.11846 0.06552 ( 1)
  16 S   0.07369 0.74233 0.01661 0.16737 ( 2)
  17 F   0.18467 0.63135 0.04164 0.14235 ( 2)
  18 S   0.71718 0.09883 0.16170 0.02228 ( 1)
  19 F   0.67151 0.14450 0.15141 0.03258 ( 1)
  20 G   0.80339 0.01263 0.18114 0.00285 ( 1)
  21 R   0.66448 0.15153 0.14982 0.03417 ( 1)
  22 S   0.64064 0.17537 0.14444 0.03954 ( 1)
  23 K   0.07572 0.06017 0.84623 0.01789 ( 3)
  24 Q   0.04625 0.81522 0.00301 0.13552 ( 2)
  25 V   0.00084 0.77562 0.00310 0.22044 ( 2)
  26 V   0.06199 0.82460 0.02507 0.08834 ( 2)
  27 F   0.98272 0.00232 0.01484 0.00013 ( 1)
  28 E   0.00163 0.55313 0.15218 0.29306 ( 2)
  29 Q   0.54946 0.10811 0.32471 0.01772 ( 1)
  30 L   0.99195 0.00005 0.00800 0.00000 ( 1)
  31 E   0.17028 0.64573 0.03839 0.14559 ( 2)
  32 L   0.21455 0.60147 0.04837 0.13561 ( 2)
  33 L   0.79347 0.02254 0.17890 0.00508 ( 1)
  34 K   0.13097 0.68504 0.02953 0.15446 ( 2)
  35 R   0.61285 0.20316 0.13818 0.04581 ( 1)
  36 G   0.37917 0.43685 0.08549 0.09850 ( 2)
  37 F   0.62586 0.19015 0.14111 0.04287 ( 1)
  38 V   0.52343 0.29258 0.11802 0.06597 ( 1)
  39 E   0.04008 0.77594 0.00904 0.17495 ( 2)
  40 G   0.28364 0.53237 0.06395 0.12003 ( 2)
  41 E   0.94134 0.01747 0.03920 0.00199 ( 1)
  42 G   0.97617 0.00706 0.01639 0.00038 ( 1)
  43 E   0.27597 0.09749 0.61266 0.01388 ( 3)
  44 I   0.98464 0.00656 0.00817 0.00063 ( 1)
  45 M   0.00228 0.47875 0.22151 0.29746 ( 2)
  46 V   0.91695 0.05892 0.01597 0.00816 ( 1)
  47 P   0.52406 0.07456 0.38422 0.01715 ( 1)
  48 E   0.00027 0.00692 0.98328 0.00953 ( 3)
  49 -   0.01055 0.70509 0.07349 0.21087 ( 2)
  50 -   0.08348 0.81224 0.00412 0.10016 ( 2)
  51 -   0.02619 0.80793 0.01387 0.15202 ( 2)
  52 -   0.96977 0.01656 0.01188 0.00180 ( 1)
  53 -   0.02487 0.00320 0.97122 0.00072 ( 3)
  54 -   0.53371 0.17077 0.25846 0.03706 ( 1)
  55 -   0.52367 0.07543 0.37310 0.02780 ( 1)
  56 -   0.00419 0.75264 0.00880 0.23437 ( 2)
  57 -   0.96136 0.00649 0.03128 0.00087 ( 1)
  58 -   0.98045 0.00544 0.01377 0.00033 ( 1)
  59 -   0.96440 0.00725 0.02744 0.00091 ( 1)
  60 -   0.08060 0.61391 0.09680 0.20869 ( 2)
  61 -   0.71802 0.15941 0.09961 0.02296 ( 1)
  62 -   0.68135 0.15807 0.11261 0.04797 ( 1)
  63 -   0.98268 0.00191 0.01533 0.00008 ( 1)
  64 I   0.88203 0.04155 0.07169 0.00474 ( 1)
  65 S   0.00078 0.91372 0.00003 0.08547 ( 2)
  66 Q   0.96792 0.00311 0.02858 0.00040 ( 1)
  67 Q   0.99310 0.00008 0.00681 0.00000 ( 1)
  68 W   0.78459 0.18610 0.01849 0.01082 ( 1)
  69 N   0.35216 0.50831 0.04744 0.09209 ( 2)
  70 A   0.98092 0.00292 0.01592 0.00024 ( 1)
  71 -   0.00084 0.76970 0.00646 0.22300 ( 2)
  72 -   0.60125 0.35102 0.00823 0.03950 ( 1)
  73 T   0.79168 0.02434 0.17850 0.00549 ( 1)
  74 N   0.79681 0.01920 0.17966 0.00433 ( 1)
  75 H   0.53804 0.27797 0.12131 0.06267 ( 1)
  76 S   0.26817 0.54785 0.06046 0.12352 ( 2)
  77 D   0.78616 0.02986 0.17725 0.00673 ( 1)
  78 F   0.80043 0.01559 0.18047 0.00351 ( 1)
  79 N   0.80337 0.01264 0.18114 0.00285 ( 1)
  80 L   0.81091 0.00510 0.18284 0.00115 ( 1)
  81 G   0.35734 0.45867 0.08057 0.10342 ( 2)
  82 Q   0.75630 0.05971 0.17052 0.01346 ( 1)
  83 S   0.87130 0.06416 0.05612 0.00841 ( 1)
  84 R   0.00087 0.09406 0.81637 0.08871 ( 3)
  85 N   0.00070 0.84321 0.00053 0.15556 ( 2)
  86 P   0.79187 0.02415 0.17854 0.00544 ( 1)
  87 D   0.43060 0.38541 0.09709 0.08690 ( 1)
  88 E   0.21020 0.60582 0.04739 0.13659 ( 2)
  89 P   0.06258 0.75343 0.01411 0.16988 ( 2)
  90 S   0.41504 0.40097 0.09358 0.09041 ( 1)
  91 P   0.45313 0.36288 0.10217 0.08182 ( 1)
  92 E   0.53087 0.28515 0.11969 0.06429 ( 1)
  93 D   0.18396 0.63205 0.04148 0.14251 ( 2)
  94 S   0.59357 0.22245 0.13383 0.05015 ( 1)
  95 V   0.12720 0.68881 0.02868 0.15531 ( 2)
  96 H   0.03992 0.77610 0.00900 0.17499 ( 2)
  97 I   0.05402 0.76200 0.01218 0.17181 ( 2)
  98 P   0.79409 0.02192 0.17904 0.00494 ( 1)
  99 A   0.12235 0.69367 0.02759 0.15640 ( 2)
 100 D   0.06934 0.74667 0.01563 0.16835 ( 2)
 101 S   0.26928 0.54673 0.06071 0.12327 ( 2)
 102 C   0.74494 0.07107 0.16796 0.01602 ( 1)
 103 G   0.04019 0.77583 0.00906 0.17492 ( 2)
 104 L   0.08804 0.72798 0.01985 0.16414 ( 2)
 105 H   0.72851 0.08751 0.16426 0.01973 ( 1)
 106 C   0.72917 0.08684 0.16441 0.01958 ( 1)
 107 T   0.27521 0.54081 0.06205 0.12194 ( 2)
 108 E   0.76214 0.05388 0.17184 0.01215 ( 1)
 109 H   0.00251 0.79484 0.01534 0.18730 ( 2)
 110 I   0.60010 0.01631 0.38055 0.00304 ( 1)
 111 -   0.86870 0.00726 0.12323 0.00082 ( 1)
 112 -   0.08812 0.72790 0.01987 0.16412 ( 2)
 113 -   0.07004 0.74597 0.01579 0.16819 ( 2)
 114 -   0.22249 0.59353 0.05016 0.13382 ( 2)
 115 -   0.68888 0.12714 0.15532 0.02867 ( 1)
 116 -   0.80020 0.01581 0.18042 0.00356 ( 1)
 117 -   0.66871 0.14730 0.15077 0.03321 ( 1)
 118 -   0.58077 0.23525 0.13095 0.05304 ( 1)
 119 -   0.79421 0.02181 0.17907 0.00492 ( 1)
 120 -   0.26990 0.54611 0.06085 0.12313 ( 2)
 121 -   0.79609 0.01993 0.17949 0.00449 ( 1)
 122 -   0.80743 0.00859 0.18205 0.00194 ( 1)
 123 -   0.63077 0.18524 0.14222 0.04177 ( 1)
 124 -   0.80097 0.01504 0.18059 0.00339 ( 1)
 125 -   0.36993 0.44609 0.08341 0.10058 ( 2)
 126 -   0.25651 0.55950 0.05784 0.12615 ( 2)
 127 -   0.70708 0.10893 0.15943 0.02456 ( 1)
 128 -   0.62543 0.19059 0.14101 0.04297 ( 1)
 129 -   0.33019 0.48582 0.07445 0.10954 ( 2)
 130 -   0.80138 0.01463 0.18069 0.00330 ( 1)
 131 -   0.79265 0.02337 0.17872 0.00527 ( 1)
 132 -   0.76882 0.04719 0.17335 0.01064 ( 1)
 133 -   0.71503 0.10098 0.16122 0.02277 ( 1)
 134 -   0.78969 0.02633 0.17805 0.00594 ( 1)
 135 -   0.80292 0.01309 0.18103 0.00295 ( 1)
 136 -   0.15561 0.66040 0.03509 0.14890 ( 2)
 137 -   0.09956 0.71645 0.02245 0.16154 ( 2)
 138 -   0.76742 0.04860 0.17303 0.01096 ( 1)
 139 -   0.61183 0.20419 0.13795 0.04604 ( 1)
 140 -   0.79613 0.01989 0.17950 0.00448 ( 1)
 141 -   0.74245 0.07356 0.16740 0.01659 ( 1)
 142 -   0.79026 0.02575 0.17818 0.00581 ( 1)
 143 -   0.11132 0.70469 0.02510 0.15889 ( 2)
 144 -   0.68080 0.13521 0.15350 0.03049 ( 1)
 145 -   0.78999 0.02602 0.17812 0.00587 ( 1)
 146 -   0.20215 0.61386 0.04558 0.13841 ( 2)
 147 -   0.21783 0.59818 0.04911 0.13487 ( 2)
 148 -   0.72960 0.08642 0.16450 0.01948 ( 1)
 149 -   0.50780 0.42425 0.02085 0.04710 ( 1)
 150 -   0.96523 0.01349 0.01912 0.00216 ( 1)
 151 -   0.53147 0.37339 0.03060 0.06453 ( 1)
 152 A   0.12499 0.22158 0.59172 0.06171 ( 3)
 153 I   0.07218 0.47235 0.37644 0.07903 ( 2)
 154 T   0.11594 0.11656 0.72860 0.03889 ( 3)
 155 S   0.91142 0.01230 0.07495 0.00133 ( 1)
 156 T   0.14116 0.05807 0.77917 0.02159 ( 3)
 157 R   0.04201 0.74013 0.09846 0.11940 ( 2)
 158 L   0.00263 0.77208 0.00902 0.21627 ( 2)
 159 V   0.97275 0.00872 0.01784 0.00069 ( 1)
 160 A   0.76938 0.17564 0.02954 0.02545 ( 1)
 161 V   0.00037 0.79362 0.00161 0.20440 ( 2)
 162 T   0.61238 0.34177 0.01798 0.02787 ( 1)
 163 -   0.62335 0.19267 0.14055 0.04344 ( 1)
 164 -   0.06438 0.75163 0.01452 0.16947 ( 2)
 165 -   0.42086 0.39515 0.09489 0.08909 ( 1)
 166 -   0.03836 0.77765 0.00865 0.17534 ( 2)
 167 -   0.79546 0.02055 0.17935 0.00463 ( 1)
 168 -   0.04534 0.77067 0.01022 0.17376 ( 2)
 169 -   0.65173 0.16429 0.14694 0.03704 ( 1)
 170 -   0.40849 0.40753 0.09210 0.09189 ( 1)
 171 -   0.58527 0.23074 0.13196 0.05202 ( 1)
 172 -   0.77732 0.03869 0.17526 0.00872 ( 1)
 173 -   0.56999 0.24603 0.12851 0.05547 ( 1)
 174 -   0.64875 0.16727 0.14627 0.03771 ( 1)
 175 N   0.51245 0.41559 0.01843 0.05353 ( 1)
 176 A   0.81282 0.07106 0.10381 0.01231 ( 1)
 177 D   0.96144 0.01419 0.02252 0.00184 ( 1)
 178 L   0.08756 0.33207 0.50102 0.07935 ( 3)
 179 E   0.96988 0.00078 0.02928 0.00006 ( 1)
 180 R   0.77986 0.03616 0.17583 0.00815 ( 1)
 181 D   0.00200 0.83384 0.00021 0.16395 ( 2)
 182 N   0.00535 0.86212 0.00554 0.12698 ( 2)
 183 -   0.73228 0.08373 0.16511 0.01888 ( 1)
 184 -   0.63077 0.18524 0.14222 0.04177 ( 1)
 185 -   0.61789 0.19812 0.13931 0.04467 ( 1)
 186 -   0.25043 0.56558 0.05646 0.12752 ( 2)
 187 -   0.03431 0.78170 0.00774 0.17625 ( 2)
 188 -   0.61177 0.20424 0.13794 0.04605 ( 1)
 189 -   0.31511 0.50090 0.07105 0.11294 ( 2)
 190 -   0.07286 0.74315 0.01643 0.16756 ( 2)
 191 -   0.78760 0.02842 0.17758 0.00641 ( 1)
 192 -   0.50885 0.30717 0.11473 0.06926 ( 1)
 193 -   0.79755 0.01847 0.17982 0.00416 ( 1)
 194 -   0.78582 0.03019 0.17718 0.00681 ( 1)
 195 -   0.78936 0.02665 0.17798 0.00601 ( 1)
 196 -   0.60343 0.21258 0.13606 0.04793 ( 1)
 197 -   0.81076 0.00525 0.18280 0.00118 ( 1)
 198 -   0.25555 0.56046 0.05762 0.12637 ( 2)
 199 A   0.98697 0.00033 0.01267 0.00002 ( 1)
 200 M   0.97704 0.00265 0.02012 0.00019 ( 1)
 201 -   0.80755 0.00847 0.18208 0.00191 ( 1)
 202 -   0.26216 0.55385 0.05911 0.12488 ( 2)
 203 -   0.72540 0.09061 0.16356 0.02043 ( 1)
 204 -   0.81281 0.00320 0.18326 0.00072 ( 1)
 205 -   0.56187 0.25414 0.12668 0.05730 ( 1)
 206 -   0.52946 0.28655 0.11938 0.06461 ( 1)
 207 Q   0.97091 0.01577 0.01219 0.00112 ( 1)
 208 -   0.05897 0.02346 0.90778 0.00979 ( 3)
 209 -   0.13811 0.80499 0.00369 0.05321 ( 2)
 210 -   0.98264 0.00600 0.01109 0.00028 ( 1)
 211 -   0.81281 0.00320 0.18326 0.00072 ( 1)
 212 -   0.15486 0.66116 0.03492 0.14907 ( 2)
 213 -   0.35202 0.46399 0.07937 0.10462 ( 2)
 214 -   0.65027 0.16574 0.14662 0.03737 ( 1)
 215 -   0.11572 0.70029 0.02609 0.15789 ( 2)
 216 -   0.26862 0.54740 0.06056 0.12342 ( 2)
 217 -   0.65624 0.15977 0.14796 0.03602 ( 1)
 218 -   0.77193 0.04408 0.17405 0.00994 ( 1)
 219 -   0.14753 0.66848 0.03326 0.15072 ( 2)
 220 -   0.16851 0.64750 0.03799 0.14599 ( 2)
 221 -   0.43335 0.38266 0.09771 0.08628 ( 1)
 222 -   0.65536 0.16065 0.14776 0.03622 ( 1)
 223 -   0.39780 0.41821 0.08969 0.09429 ( 2)
 224 -   0.04714 0.76887 0.01063 0.17336 ( 2)
 225 -   0.75518 0.06083 0.17027 0.01372 ( 1)
 226 -   0.16078 0.65523 0.03625 0.14773 ( 2)
 227 -   0.79454 0.02147 0.17914 0.00484 ( 1)
 228 -   0.24334 0.57267 0.05487 0.12912 ( 2)
 229 -   0.05943 0.75658 0.01340 0.17059 ( 2)
 230 -   0.74326 0.07275 0.16758 0.01640 ( 1)
 231 -   0.58460 0.23141 0.13181 0.05218 ( 1)
 232 -   0.12126 0.69475 0.02734 0.15664 ( 2)
 233 -   0.69960 0.11642 0.15774 0.02625 ( 1)
 234 -   0.56171 0.25431 0.12665 0.05734 ( 1)
 235 -   0.62940 0.18662 0.14191 0.04208 ( 1)
 236 -   0.12362 0.69239 0.02787 0.15611 ( 2)
 237 -   0.03000 0.78601 0.00676 0.17722 ( 2)
 238 -   0.24150 0.57451 0.05445 0.12954 ( 2)
 239 -   0.78133 0.03469 0.17617 0.00782 ( 1)
 240 -   0.75685 0.05917 0.17065 0.01334 ( 1)
 241 -   0.31388 0.50213 0.07077 0.11322 ( 2)
 242 -   0.13861 0.67740 0.03125 0.15273 ( 2)
 243 -   0.02033 0.79569 0.00458 0.17940 ( 2)
 244 -   0.04515 0.77086 0.01018 0.17380 ( 2)
 245 -   0.80341 0.01260 0.18114 0.00284 ( 1)
 246 -   0.19401 0.62201 0.04374 0.14024 ( 2)
 247 -   0.62301 0.19301 0.14047 0.04352 ( 1)
 248 -   0.32821 0.48781 0.07400 0.10999 ( 2)
 249 -   0.79252 0.02350 0.17869 0.00530 ( 1)
 250 -   0.75119 0.03307 0.20868 0.00705 ( 1)
 251 -   0.82436 0.11161 0.05017 0.01387 ( 1)
 252 -   0.96598 0.00933 0.02376 0.00093 ( 1)
 253 -   0.94413 0.01992 0.03381 0.00214 ( 1)
 254 -   0.98354 0.00173 0.01451 0.00023 ( 1)
 255 -   0.97477 0.00699 0.01763 0.00061 ( 1)
 256 -   0.97007 0.00916 0.02010 0.00067 ( 1)
 257 -   0.88933 0.08269 0.02249 0.00550 ( 1)
 258 R   0.97857 0.00010 0.02132 0.00001 ( 1)
 259 Y   0.99124 0.00000 0.00876 0.00000 ( 1)
 260 K   0.85587 0.01077 0.13233 0.00103 ( 1)
 261 E   0.97305 0.00068 0.02623 0.00004 ( 1)
 262 K   0.98373 0.00009 0.01617 0.00001 ( 1)
 263 K   0.97595 0.00532 0.01830 0.00042 ( 1)
 264 K   0.96084 0.00073 0.03835 0.00007 ( 1)
 265 T   0.09940 0.00467 0.89447 0.00146 ( 3)
 266 R   0.98554 0.00004 0.01441 0.00000 ( 1)
 267 R   0.20799 0.03019 0.74852 0.01330 ( 3)
 268 Y   0.98178 0.00010 0.01811 0.00001 ( 1)
 269 D   0.51420 0.13075 0.30378 0.05128 ( 1)
 270 K   0.98325 0.00009 0.01665 0.00001 ( 1)
 271 T   0.75466 0.08614 0.14278 0.01642 ( 1)
 272 I   0.98629 0.00000 0.01371 0.00000 ( 1)
 273 R   0.98528 0.00013 0.01458 0.00001 ( 1)
 274 Y   0.99564 0.00000 0.00436 0.00000 ( 1)
 275 E   0.19565 0.00535 0.79767 0.00132 ( 3)
 276 T   0.84603 0.06809 0.07677 0.00911 ( 1)
 277 R   0.99306 0.00003 0.00691 0.00000 ( 1)
 278 K   0.98457 0.00007 0.01536 0.00000 ( 1)
 279 A   0.54718 0.05236 0.38971 0.01075 ( 1)
 280 R   0.54975 0.01930 0.42770 0.00326 ( 1)
 281 A   0.98716 0.00001 0.01283 0.00000 ( 1)
 282 E   0.96890 0.00591 0.02483 0.00036 ( 1)
 283 T   0.42225 0.23895 0.28321 0.05558 ( 1)
 284 R   0.98460 0.00010 0.01529 0.00001 ( 1)
 285 L   0.96240 0.02196 0.01444 0.00120 ( 1)
 286 R   0.93919 0.00022 0.06057 0.00002 ( 1)
 287 V   0.98852 0.00105 0.01036 0.00006 ( 1)
 288 K   0.97543 0.00504 0.01915 0.00039 ( 1)
 289 G   0.98077 0.00005 0.01918 0.00000 ( 1)
 290 R   0.99063 0.00029 0.00905 0.00002 ( 1)
 291 F   0.98622 0.00003 0.01375 0.00000 ( 1)
 292 V   0.75875 0.00283 0.23778 0.00064 ( 1)
 293 K   0.98341 0.00009 0.01649 0.00001 ( 1)
 294 A   0.94881 0.00472 0.04604 0.00043 ( 1)
 295 T   0.92399 0.05653 0.01444 0.00504 ( 1)
 296 D   0.27049 0.50481 0.04369 0.18101 ( 2)
 297 P   0.21594 0.23460 0.52016 0.02931 ( 3)
 298 -   0.96791 0.01135 0.01900 0.00174 ( 1)
 299 -   0.93849 0.03337 0.02431 0.00383 ( 1)
 300 -   0.00124 0.80301 0.00107 0.19468 ( 2)
 301 -   0.02663 0.82512 0.01207 0.13618 ( 2)


lnL = -4004.502167

Bayes Empirical Bayes (BEB) probabilities for 4 classes (class)
(amino acids refer to 1st sequence: AT2G33500_AT2G33500.1_Athaliana_Araport11)

   1 S   0.22515 0.19158 0.32148 0.26178 ( 3)
   2 N   0.40894 0.00780 0.57281 0.01045 ( 3)
   3 E   0.33597 0.08077 0.47415 0.10911 ( 3)
   4 L   0.39808 0.01866 0.55821 0.02505 ( 3)
   5 I   0.41068 0.00605 0.57514 0.00812 ( 3)
   6 V   0.39769 0.01905 0.55769 0.02558 ( 3)
   7 P   0.35705 0.05969 0.50279 0.08047 ( 3)
   8 Y   0.01352 0.40322 0.01975 0.56352 ( 4)
   9 D   0.40229 0.01445 0.56387 0.01939 ( 3)
  10 V   0.11471 0.30203 0.16573 0.41753 ( 4)
  11 S   0.16821 0.24853 0.24163 0.34163 ( 4)
  12 C   0.04988 0.36686 0.07257 0.51069 ( 4)
  13 K   0.39883 0.01791 0.55922 0.02404 ( 3)
  14 K   0.36190 0.05483 0.50938 0.07388 ( 3)
  15 Q   0.27320 0.14354 0.38810 0.19516 ( 3)
  16 S   0.04743 0.36931 0.06903 0.51424 ( 4)
  17 F   0.10798 0.30875 0.15613 0.42713 ( 4)
  18 S   0.36702 0.04972 0.51630 0.06696 ( 3)
  19 F   0.34400 0.07274 0.48507 0.09819 ( 3)
  20 G   0.40957 0.00717 0.57365 0.00961 ( 3)
  21 R   0.34149 0.07525 0.48166 0.10160 ( 3)
  22 S   0.32933 0.08741 0.46509 0.11817 ( 3)
  23 K   0.16817 0.10519 0.59549 0.13115 ( 3)
  24 Q   0.03415 0.38528 0.04793 0.53264 ( 4)
  25 V   0.00088 0.41365 0.00171 0.58376 ( 4)
  26 V   0.04209 0.37157 0.07846 0.50788 ( 4)
  27 F   0.43295 0.00104 0.56464 0.00136 ( 3)
  28 E   0.00219 0.40464 0.01139 0.58177 ( 4)
  29 Q   0.32264 0.05176 0.55846 0.06714 ( 3)
  30 L   0.43648 0.00003 0.56345 0.00004 ( 3)
  31 E   0.10019 0.31655 0.14498 0.43828 ( 4)
  32 L   0.12384 0.29289 0.17876 0.40451 ( 4)
  33 L   0.40431 0.01243 0.56659 0.01667 ( 3)
  34 K   0.07862 0.33812 0.11403 0.46923 ( 4)
  35 R   0.31646 0.10028 0.44752 0.13574 ( 3)
  36 G   0.20879 0.20794 0.29864 0.28462 ( 3)
  37 F   0.32201 0.09473 0.45510 0.12816 ( 3)
  38 V   0.27371 0.14303 0.38880 0.19446 ( 3)
  39 E   0.02670 0.39004 0.03894 0.54432 ( 4)
  40 G   0.16017 0.25657 0.23029 0.35297 ( 4)
  41 E   0.42175 0.00767 0.56044 0.01014 ( 3)
  42 G   0.42744 0.00306 0.56552 0.00398 ( 3)
  43 E   0.19962 0.06023 0.66705 0.07310 ( 3)
  44 I   0.43933 0.00283 0.55412 0.00372 ( 3)
  45 M   0.00344 0.40112 0.01489 0.58055 ( 4)
  46 V   0.41529 0.02387 0.52942 0.03143 ( 3)
  47 P   0.32946 0.04062 0.57655 0.05337 ( 3)
  48 E   0.01447 0.25700 0.38616 0.34237 ( 3)
  49 -   0.00962 0.39928 0.02837 0.56273 ( 4)
  50 -   0.05157 0.36957 0.07177 0.50710 ( 4)
  51 -   0.02019 0.39631 0.03176 0.55174 ( 4)
  52 -   0.43681 0.00700 0.54696 0.00922 ( 3)
  53 -   0.23541 0.02776 0.70296 0.03388 ( 3)
  54 -   0.29965 0.08738 0.49692 0.11605 ( 3)
  55 -   0.37453 0.05006 0.50771 0.06770 ( 3)
  56 -   0.00344 0.40982 0.00611 0.58063 ( 4)
  57 -   0.42748 0.00320 0.56511 0.00421 ( 3)
  58 -   0.42964 0.00264 0.56429 0.00344 ( 3)
  59 -   0.42840 0.00356 0.56337 0.00467 ( 3)
  60 -   0.05883 0.34868 0.10428 0.48821 ( 4)
  61 -   0.33641 0.06828 0.50518 0.09013 ( 3)
  62 -   0.34843 0.07095 0.48355 0.09707 ( 3)
  63 -   0.42740 0.00085 0.57065 0.00111 ( 3)
  64 I   0.39774 0.01702 0.56270 0.02254 ( 3)
  65 S   0.00065 0.41917 0.00091 0.57926 ( 4)
  66 Q   0.43243 0.00139 0.56435 0.00183 ( 3)
  67 Q   0.43783 0.00004 0.56207 0.00005 ( 3)
  68 W   0.35983 0.06880 0.48095 0.09042 ( 3)
  69 N   0.19561 0.22222 0.27990 0.30227 ( 4)
  70 A   0.43509 0.00130 0.56191 0.00170 ( 3)
  71 -   0.00080 0.41300 0.00172 0.58449 ( 4)
  72 -   0.28577 0.14444 0.37594 0.19385 ( 3)
  73 T   0.40259 0.01414 0.56428 0.01898 ( 3)
  74 N   0.40615 0.01058 0.56906 0.01420 ( 3)
  75 H   0.28857 0.12817 0.40928 0.17399 ( 3)
  76 S   0.15461 0.26212 0.22243 0.36083 ( 4)
  77 D   0.40028 0.01645 0.56118 0.02209 ( 3)
  78 F   0.40804 0.00869 0.57160 0.01166 ( 3)
  79 N   0.40963 0.00710 0.57374 0.00953 ( 3)
  80 L   0.41375 0.00298 0.57926 0.00400 ( 3)
  81 G   0.19316 0.22358 0.27673 0.30653 ( 4)
  82 Q   0.38607 0.03067 0.54204 0.04123 ( 3)
  83 S   0.39949 0.02587 0.54025 0.03439 ( 3)
  84 R   0.00560 0.37536 0.07137 0.54767 ( 4)
  85 N   0.00063 0.41660 0.00132 0.58146 ( 4)
  86 P   0.40350 0.01324 0.56549 0.01777 ( 3)
  87 D   0.22891 0.18783 0.32671 0.25656 ( 3)
  88 E   0.12135 0.29539 0.17520 0.40806 ( 4)
  89 P   0.04075 0.37598 0.05935 0.52391 ( 4)
  90 S   0.22590 0.19083 0.32252 0.26074 ( 3)
  91 P   0.23859 0.17814 0.34018 0.24308 ( 3)
  92 E   0.27669 0.14004 0.39292 0.19034 ( 3)
  93 D   0.10723 0.30950 0.15506 0.42821 ( 4)
  94 S   0.30699 0.10975 0.43456 0.14870 ( 3)
  95 V   0.07496 0.34178 0.10876 0.47450 ( 4)
  96 H   0.02552 0.39121 0.03724 0.54603 ( 4)
  97 I   0.03523 0.38151 0.05134 0.53192 ( 4)
  98 P   0.40464 0.01210 0.56703 0.01624 ( 3)
  99 A   0.07339 0.34335 0.10651 0.47675 ( 4)
 100 D   0.04290 0.37383 0.06247 0.52079 ( 4)
 101 S   0.15291 0.26383 0.22002 0.36324 ( 4)
 102 C   0.38042 0.03631 0.53442 0.04884 ( 3)
 103 G   0.02687 0.38987 0.03919 0.54407 ( 4)
 104 L   0.05549 0.36125 0.08068 0.50258 ( 4)
 105 H   0.37300 0.04374 0.52439 0.05887 ( 3)
 106 C   0.37252 0.04422 0.52374 0.05952 ( 3)
 107 T   0.15609 0.26065 0.22452 0.35874 ( 4)
 108 E   0.38765 0.02909 0.54417 0.03910 ( 3)
 109 H   0.00238 0.41215 0.00527 0.58021 ( 4)
 110 I   0.41516 0.01027 0.56096 0.01362 ( 3)
 111 -   0.34839 0.00288 0.64510 0.00364 ( 3)
 112 -   0.05662 0.36012 0.08232 0.50094 ( 4)
 113 -   0.04544 0.37130 0.06615 0.51712 ( 4)
 114 -   0.13042 0.28632 0.18811 0.39515 ( 4)
 115 -   0.35257 0.06417 0.49672 0.08655 ( 3)
 116 -   0.40790 0.00884 0.57140 0.01186 ( 3)
 117 -   0.34346 0.07328 0.48434 0.09892 ( 3)
 118 -   0.30168 0.11505 0.42728 0.15598 ( 3)
 119 -   0.40478 0.01195 0.56723 0.01604 ( 3)
 120 -   0.15367 0.26307 0.22110 0.36217 ( 4)
 121 -   0.40568 0.01106 0.56843 0.01483 ( 3)
 122 -   0.41188 0.00485 0.57676 0.00651 ( 3)
 123 -   0.32523 0.09151 0.45950 0.12376 ( 3)
 124 -   0.40839 0.00835 0.57206 0.01120 ( 3)
 125 -   0.19783 0.21891 0.28329 0.29998 ( 4)
 126 -   0.14611 0.27062 0.21040 0.37287 ( 4)
 127 -   0.36234 0.05440 0.50997 0.07329 ( 3)
 128 -   0.32290 0.09384 0.45632 0.12694 ( 3)
 129 -   0.18420 0.23253 0.26416 0.31910 ( 4)
 130 -   0.40858 0.00816 0.57232 0.01094 ( 3)
 131 -   0.40391 0.01283 0.56604 0.01722 ( 3)
 132 -   0.39130 0.02544 0.54909 0.03417 ( 3)
 133 -   0.36633 0.05041 0.51537 0.06789 ( 3)
 134 -   0.40230 0.01444 0.56389 0.01937 ( 3)
 135 -   0.40946 0.00728 0.57350 0.00976 ( 3)
 136 -   0.09165 0.32509 0.13274 0.45052 ( 4)
 137 -   0.06351 0.35322 0.09227 0.49099 ( 4)
 138 -   0.39046 0.02628 0.54796 0.03531 ( 3)
 139 -   0.31581 0.10092 0.44664 0.13662 ( 3)
 140 -   0.40578 0.01096 0.56856 0.01471 ( 3)
 141 -   0.37966 0.03708 0.53339 0.04987 ( 3)
 142 -   0.40266 0.01408 0.56437 0.01890 ( 3)
 143 -   0.06604 0.35070 0.09592 0.48734 ( 4)
 144 -   0.34953 0.06721 0.49258 0.09068 ( 3)
 145 -   0.40240 0.01433 0.56403 0.01923 ( 3)
 146 -   0.11806 0.29868 0.17051 0.41275 ( 4)
 147 -   0.12568 0.29105 0.18138 0.40189 ( 4)
 148 -   0.37328 0.04346 0.52477 0.05849 ( 3)
 149 -   0.25470 0.17198 0.34310 0.23023 ( 3)
 150 -   0.43445 0.00687 0.54969 0.00899 ( 3)
 151 -   0.26007 0.16279 0.35678 0.22036 ( 3)
 152 A   0.11503 0.15887 0.52735 0.19875 ( 3)
 153 I   0.07279 0.33520 0.13352 0.45849 ( 4)
 154 T   0.17824 0.14032 0.50013 0.18131 ( 3)
 155 S   0.41617 0.00536 0.57138 0.00709 ( 3)
 156 T   0.25695 0.08780 0.53854 0.11671 ( 3)
 157 R   0.03206 0.36815 0.09188 0.50791 ( 4)
 158 L   0.00250 0.41183 0.00603 0.57964 ( 4)
 159 V   0.42657 0.00374 0.56477 0.00492 ( 3)
 160 A   0.36278 0.06708 0.48042 0.08971 ( 3)
 161 V   0.00037 0.41428 0.00105 0.58431 ( 4)
 162 T   0.29149 0.13494 0.39384 0.17973 ( 3)
 163 -   0.32056 0.09618 0.45312 0.13014 ( 3)
 164 -   0.04149 0.37524 0.06043 0.52284 ( 4)
 165 -   0.22935 0.18739 0.32732 0.25594 ( 3)
 166 -   0.02578 0.39096 0.03761 0.54566 ( 4)
 167 -   0.40538 0.01135 0.56803 0.01523 ( 3)
 168 -   0.03025 0.38649 0.04410 0.53916 ( 4)
 169 -   0.33513 0.08161 0.47300 0.11026 ( 3)
 170 -   0.22318 0.19356 0.31873 0.26454 ( 3)
 171 -   0.30305 0.11369 0.42916 0.15411 ( 3)
 172 -   0.39572 0.02101 0.55504 0.02822 ( 3)
 173 -   0.29583 0.12090 0.41926 0.16400 ( 3)
 174 -   0.33403 0.08271 0.47150 0.11176 ( 3)
 175 N   0.26548 0.16031 0.35952 0.21469 ( 3)
 176 A   0.38674 0.03008 0.54281 0.04038 ( 3)
 177 D   0.43035 0.00597 0.55578 0.00790 ( 3)
 178 L   0.10285 0.27411 0.25420 0.36884 ( 4)
 179 E   0.42875 0.00041 0.57031 0.00053 ( 3)
 180 R   0.39701 0.01973 0.55677 0.02649 ( 3)
 181 D   0.00172 0.41764 0.00236 0.57828 ( 4)
 182 N   0.00453 0.41290 0.01040 0.57217 ( 4)
 183 -   0.37453 0.04221 0.52646 0.05681 ( 3)
 184 -   0.32523 0.09151 0.45950 0.12376 ( 3)
 185 -   0.31878 0.09795 0.45070 0.13257 ( 3)
 186 -   0.14278 0.27396 0.20566 0.37760 ( 4)
 187 -   0.02289 0.39385 0.03340 0.54986 ( 4)
 188 -   0.31556 0.10118 0.44629 0.13697 ( 3)
 189 -   0.17621 0.24052 0.25292 0.33034 ( 4)
 190 -   0.04723 0.36951 0.06873 0.51453 ( 4)
 191 -   0.40113 0.01561 0.56231 0.02095 ( 3)
 192 -   0.27199 0.14475 0.38643 0.19683 ( 3)
 193 -   0.40653 0.01021 0.56957 0.01369 ( 3)
